1 0.626999 0.811594 0.168188 0.157783
1 0.736151 0.655155 0.185799 0.199520
1 0.828550 0.538915 0.183266 0.134469
1 0.918464 0.403747 0.133627 0.136647
1 0.952101 0.280488 0.074807 0.101155
1 0.307791 0.919585 0.087418 0.120241
1 0.380484 0.833593 0.093644 0.131875
0 0.461352 0.766867 0.100891 0.096119
1 0.615184 0.556182 0.104142 0.121574
1 0.670695 0.468095 0.099905 0.097115
1 0.718959 0.386829 0.094987 0.118008
1 0.843991 0.248583 0.103637 0.103053
1 0.275159 0.882303 0.043322 0.093584
1 0.414285 0.735657 0.074969 0.097099
1 0.533848 0.560630 0.063839 0.104114
1 0.586358 0.479655 0.073568 0.091452
1 0.701821 0.329359 0.085371 0.092133
1 0.898121 0.109366 0.083449 0.093194
1 0.757899 0.272111 0.077920 0.086093
1 0.619380 0.344091 0.074493 0.111637
1 0.443946 0.568885 0.068869 0.100459
1 0.350017 0.693764 0.054380 0.078232
1 0.245568 0.820642 0.047676 0.077086
1 0.199754 0.879735 0.042648 0.080783
1 0.148661 0.939190 0.047174 0.089962
1 0.367797 0.622923 0.050612 0.075345
1 0.485847 0.458161 0.076510 0.107130
0 0.516621 0.922791 0.126367 0.093441
0 0.540146 0.691657 0.117595 0.101013
0 0.810856 0.335294 0.099982 0.077452
0 0.214669 0.943729 0.062465 0.084449
0 0.335236 0.808014 0.050941 0.074074
0 0.482430 0.644725 0.100301 0.115980
0 0.647972 0.407850 0.048229 0.045160
0 0.783058 0.176187 0.062234 0.062584
0 0.751195 0.220628 0.056774 0.051539
0 0.708297 0.267779 0.053022 0.050052
0 0.594115 0.416481 0.067672 0.054864
0 0.541772 0.473278 0.062478 0.057572
0 0.500346 0.522590 0.051656 0.054065
0 0.407125 0.650624 0.061648 0.055568
0 0.308309 0.773902 0.071154 0.089740
0 0.077672 0.945652 0.035805 0.057824
0 0.113100 0.909532 0.034628 0.064448
0 0.152225 0.866312 0.038441 0.064637
0 0.188299 0.826630 0.041333 0.067636
0 0.223234 0.784323 0.042055 0.056342
0 0.258239 0.741644 0.049476 0.051998
0 0.296983 0.694294 0.049811 0.048692
0 0.325544 0.651749 0.038561 0.043945
0 0.401106 0.565004 0.045057 0.044391
0 0.433867 0.519695 0.045156 0.037480
0 0.082164 0.918290 0.034396 0.051511
0 0.116016 0.879123 0.030131 0.048387
0 0.149807 0.842223 0.034099 0.057525
0 0.182634 0.801574 0.035160 0.056615
0 0.217737 0.764950 0.037980 0.056688
0 0.248255 0.725805 0.039638 0.045814
0 0.280335 0.686968 0.044346 0.049543
0 0.312237 0.644682 0.041365 0.042912
0 0.341689 0.606311 0.040043 0.037523
0 0.377859 0.563547 0.039107 0.041419
0 0.408298 0.524445 0.040183 0.034840
0 0.064359 0.905681 0.034553 0.062696
0 0.094280 0.872522 0.020766 0.048823
0 0.121847 0.841204 0.022797 0.047161
0 0.149587 0.805047 0.028038 0.046108
0 0.177761 0.773461 0.029307 0.054244
0 0.205257 0.743508 0.038846 0.050122
0 0.228916 0.713679 0.036306 0.042311
0 0.309718 0.609091 0.042619 0.029612
0 0.342380 0.578662 0.038510 0.025711
0 0.368914 0.545417 0.034983 0.026826
0 0.395158 0.511091 0.036622 0.030966
0 0.528711 0.399505 0.054271 0.044129
0 0.319009 0.694954 0.024465 0.036534
0 0.403399 0.585756 0.027404 0.046795
0 0.106783 0.956616 0.039995 0.067019
0 0.149336 0.887771 0.036072 0.046680
