1 0.326044 0.866031 0.218797 0.218549
1 0.227138 0.599873 0.259797 0.257901
1 0.134955 0.369220 0.228062 0.197307
1 0.064168 0.170014 0.128336 0.217191
0 0.562603 0.915857 0.120621 0.146957
1 0.413935 0.554228 0.135542 0.191322
1 0.359057 0.406619 0.127569 0.142681
1 0.313751 0.263074 0.127029 0.158438
1 0.199165 0.059890 0.091347 0.068737
1 0.634372 0.915857 0.095035 0.122622
1 0.518542 0.610639 0.085773 0.148395
1 0.466530 0.473590 0.088122 0.150517
1 0.350825 0.211306 0.103363 0.150070
1 0.290293 0.091002 0.100742 0.101355
1 0.451976 0.277501 0.099485 0.171325
1 0.631868 0.685510 0.089450 0.145049
1 0.726443 0.901802 0.071295 0.111910
1 0.721418 0.796363 0.067908 0.112692
1 0.605791 0.515385 0.106861 0.149567
0 0.480419 0.756726 0.141218 0.163906
0 0.206858 0.123533 0.119996 0.137232
0 0.562621 0.748779 0.119130 0.161348
0 0.401498 0.339207 0.053021 0.089467
0 0.354747 0.122305 0.058195 0.098866
0 0.470492 0.386608 0.076386 0.114855
0 0.526165 0.493738 0.068998 0.114227
0 0.568486 0.587869 0.057065 0.094345
0 0.662520 0.806137 0.071406 0.094870
0 0.750169 0.983610 0.053271 0.032780
0 0.823437 0.989436 0.027412 0.021127
0 0.797797 0.934308 0.056653 0.082245
0 0.769730 0.863400 0.042959 0.068594
0 0.690689 0.701661 0.049963 0.081279
0 0.657626 0.625041 0.050766 0.077734
0 0.846065 0.987517 0.028502 0.024965
0 0.820491 0.940515 0.051386 0.074343
0 0.788659 0.865062 0.046650 0.070429
0 0.759224 0.794637 0.045993 0.063702
0 0.720931 0.719645 0.043167 0.071613
0 0.690272 0.648133 0.044914 0.070581
0 0.877194 0.987643 0.029809 0.024714
0 0.799964 0.823932 0.051039 0.056602
0 0.764754 0.759602 0.045360 0.055214
0 0.737534 0.699914 0.040416 0.054389
0 0.710682 0.640508 0.041039 0.063758
0 0.560706 0.409680 0.061230 0.092273
0 0.768392 0.921297 0.025207 0.054443
0 0.682916 0.725586 0.026342 0.071143
