1 0.929469 0.657970 0.074438 0.182303
1 0.829796 0.778580 0.086310 0.148640
1 0.577414 0.931992 0.117383 0.136015
1 0.456998 0.935595 0.119876 0.128810
1 0.960320 0.423506 0.036696 0.122850
1 0.902094 0.476636 0.084290 0.149738
1 0.809040 0.546378 0.064758 0.140059
1 0.727947 0.596708 0.067096 0.153301
1 0.638263 0.662724 0.079350 0.152763
1 0.471244 0.780522 0.092965 0.156981
1 0.397696 0.816190 0.080761 0.147221
1 0.327344 0.850027 0.083265 0.161300
1 0.197637 0.942266 0.088311 0.115468
1 0.944501 0.369316 0.045579 0.082435
1 0.801208 0.466814 0.043279 0.066499
1 0.664100 0.577994 0.055550 0.093900
1 0.512842 0.664729 0.065653 0.107761
1 0.448415 0.699794 0.074240 0.110699
1 0.316902 0.780346 0.078207 0.106885
1 0.103042 0.949357 0.078018 0.101286
1 0.252327 0.834458 0.061436 0.120760
1 0.368708 0.672231 0.075295 0.120425
1 0.572909 0.544672 0.063391 0.116766
1 0.680917 0.471263 0.047970 0.083542
1 0.796677 0.381919 0.041751 0.081133
1 0.849988 0.348200 0.043363 0.076560
1 0.903880 0.309714 0.052293 0.083736
1 0.635743 0.450837 0.049415 0.080747
1 0.501352 0.527054 0.062597 0.133088
0 0.705180 0.867331 0.121356 0.196369
0 0.549586 0.749449 0.094495 0.144186
0 0.250088 0.943496 0.076048 0.113008
0 0.869348 0.418871 0.064651 0.080190
0 0.736207 0.515005 0.048415 0.051891
0 0.583722 0.644293 0.049505 0.090697
0 0.380553 0.751907 0.047840 0.048096
0 0.193965 0.819966 0.077760 0.071004
0 0.232754 0.800922 0.062155 0.069182
0 0.284406 0.757613 0.052770 0.050649
0 0.415819 0.673652 0.063434 0.070179
0 0.471209 0.628308 0.061396 0.060793
0 0.518278 0.596987 0.050728 0.050311
0 0.626426 0.529652 0.054412 0.068702
0 0.736307 0.449577 0.062728 0.083355
0 0.941952 0.301792 0.027280 0.041864
0 0.911058 0.236253 0.047408 0.042219
0 0.870548 0.270755 0.047724 0.050628
0 0.832325 0.302181 0.048707 0.054022
0 0.792817 0.328791 0.040807 0.051733
0 0.752322 0.355942 0.045309 0.052819
0 0.709349 0.386716 0.045897 0.052778
0 0.674836 0.405397 0.037198 0.038503
0 0.592408 0.467371 0.043897 0.044378
0 0.554431 0.491077 0.042706 0.046294
0 0.921906 0.200896 0.019533 0.021910
0 0.896567 0.224544 0.038651 0.035694
0 0.861867 0.252328 0.042736 0.046312
0 0.824278 0.279084 0.041327 0.041115
0 0.788822 0.307765 0.041533 0.041876
0 0.751608 0.330504 0.035464 0.045199
0 0.717713 0.359220 0.039101 0.049475
0 0.680058 0.381351 0.038851 0.042788
0 0.645383 0.401907 0.036062 0.043608
0 0.606774 0.432771 0.038470 0.037996
0 0.571378 0.454639 0.038490 0.040509
0 0.906420 0.186197 0.033361 0.032714
0 0.877166 0.209974 0.032863 0.030800
0 0.844798 0.231218 0.030504 0.038672
0 0.814883 0.252148 0.035805 0.040060
0 0.786792 0.277013 0.033777 0.049038
0 0.756462 0.292543 0.030899 0.042078
0 0.666718 0.356553 0.034510 0.051885
0 0.633026 0.386079 0.032589 0.044894
0 0.603086 0.406437 0.031068 0.038714
0 0.573346 0.426389 0.034882 0.037195
0 0.446720 0.562860 0.050928 0.056203
0 0.697130 0.424186 0.027401 0.024495
0 0.599877 0.487654 0.034205 0.025011
0 0.928111 0.262178 0.034526 0.047307
0 0.881423 0.280464 0.036094 0.044140
