1 0.112126 0.912377 0.107242 0.175246
1 0.258154 0.932778 0.094295 0.134444
1 0.512293 0.916956 0.163907 0.162754
1 0.628729 0.872634 0.167997 0.235655
1 0.738017 0.880097 0.159224 0.173972
1 0.858921 0.863891 0.169364 0.156548
1 0.928103 0.832665 0.143794 0.159046
1 0.049742 0.707027 0.066229 0.115946
1 0.131234 0.707027 0.060595 0.115946
1 0.227095 0.698070 0.066499 0.104694
1 0.304131 0.686409 0.081017 0.111349
0 0.387272 0.719833 0.092992 0.069471
1 0.558832 0.672369 0.100802 0.126571
1 0.626560 0.657797 0.091788 0.112415
1 0.689696 0.639583 0.088993 0.116667
1 0.821429 0.636458 0.094848 0.085417
1 0.966628 0.611458 0.066745 0.072917
1 0.067916 0.644792 0.051522 0.060417
1 0.214871 0.626042 0.038642 0.056250
1 0.360665 0.636458 0.063250 0.085417
1 0.501171 0.612500 0.060890 0.095833
1 0.556206 0.593750 0.077283 0.079167
1 0.689110 0.564583 0.080796 0.058333
1 0.901054 0.579167 0.078454 0.070833
1 0.750585 0.585417 0.067916 0.087500
1 0.621780 0.514583 0.065574 0.091667
1 0.422131 0.537500 0.055035 0.087500
1 0.317916 0.545833 0.043326 0.062500
1 0.204333 0.548958 0.038642 0.060417
1 0.152810 0.555208 0.036300 0.060417
1 0.097775 0.559375 0.040984 0.064583
1 0.353630 0.504167 0.042155 0.062500
1 0.485363 0.472917 0.062061 0.095833
1 0.378909 0.933005 0.153872 0.128474
0 0.482271 0.708568 0.107710 0.084055
0 0.776635 0.672270 0.091654 0.073317
0 0.146642 0.633232 0.057048 0.040878
0 0.279077 0.629069 0.051023 0.049205
0 0.433312 0.636260 0.059299 0.054504
0 0.626398 0.591219 0.049475 0.040121
0 0.791623 0.525814 0.064934 0.020540
0 0.755236 0.532888 0.057830 0.012749
0 0.709461 0.532938 0.054494 0.023451
0 0.581741 0.543349 0.067266 0.032909
0 0.526022 0.547691 0.063755 0.042392
0 0.480040 0.545420 0.052692 0.034822
0 0.375265 0.564143 0.059309 0.040878
0 0.267794 0.572294 0.066778 0.050719
0 0.041273 0.582727 0.066840 0.035909
0 0.040404 0.503549 0.042887 0.019818
0 0.078067 0.504982 0.042490 0.023368
0 0.118308 0.504474 0.042853 0.024981
0 0.156642 0.505850 0.043181 0.026612
0 0.196670 0.502721 0.038450 0.023228
0 0.235244 0.501028 0.048556 0.021354
0 0.277638 0.498069 0.049049 0.022014
0 0.310543 0.491712 0.038943 0.018073
0 0.392003 0.489573 0.046584 0.023228
0 0.429221 0.480642 0.045105 0.015670
0 0.050879 0.480313 0.040176 0.017205
0 0.087499 0.481465 0.036021 0.017531
0 0.122009 0.482122 0.038492 0.024105
0 0.159168 0.479655 0.036896 0.020275
0 0.196054 0.480641 0.039683 0.020055
0 0.231547 0.477521 0.037711 0.019284
0 0.265314 0.475329 0.042640 0.024543
0 0.301546 0.469899 0.041162 0.024885
0 0.334944 0.467488 0.038943 0.020065
0 0.373641 0.463323 0.039929 0.020506
0 0.407901 0.461679 0.040422 0.019411
0 0.040034 0.454445 0.043133 0.022486
0 0.072031 0.456046 0.028747 0.022790
0 0.101056 0.455103 0.028629 0.019416
0 0.132669 0.452472 0.025799 0.022926
0 0.162496 0.451594 0.030241 0.025557
0 0.192480 0.451156 0.035000 0.024680
0 0.219716 0.449840 0.034260 0.026435
0 0.308201 0.442240 0.039190 0.024105
0 0.342461 0.442388 0.036232 0.020303
0 0.371792 0.441622 0.033767 0.016577
0 0.400876 0.438881 0.036725 0.017675
0 0.534467 0.471871 0.053978 0.028830
0 0.294616 0.523183 0.026924 0.028049
0 0.389086 0.513760 0.032208 0.030240
0 0.061080 0.538729 0.043552 0.030792
0 0.111137 0.521005 0.033862 0.018854
