1 0.080577 0.926148 0.113005 0.147705
1 0.225899 0.954334 0.086739 0.091332
1 0.481497 0.951733 0.139150 0.096534
1 0.613032 0.913755 0.161906 0.172489
1 0.724386 0.941071 0.144340 0.117859
1 0.848691 0.943060 0.153864 0.113880
1 0.916571 0.930775 0.114202 0.138450
1 0.027903 0.716775 0.055806 0.122099
1 0.104958 0.725579 0.066997 0.122923
1 0.205325 0.729191 0.066324 0.107931
1 0.285624 0.723276 0.082363 0.118874
1 0.378276 0.730522 0.086121 0.113501
1 0.551794 0.736375 0.103976 0.131416
1 0.623409 0.729120 0.094063 0.117454
1 0.690451 0.715459 0.091984 0.124145
1 0.827519 0.729545 0.097740 0.095081
1 0.963275 0.709912 0.035595 0.056884
1 0.041236 0.655750 0.054715 0.066335
1 0.194659 0.652202 0.040413 0.060342
1 0.339560 0.677063 0.052342 0.090650
1 0.494199 0.667573 0.064211 0.100633
1 0.553081 0.655098 0.080186 0.087293
1 0.691584 0.640237 0.083925 0.066821
1 0.913532 0.677549 0.080981 0.079737
1 0.756086 0.665205 0.069552 0.094343
1 0.623534 0.579074 0.069528 0.095779
1 0.414131 0.583435 0.057730 0.093815
1 0.304659 0.579902 0.044734 0.068383
1 0.186932 0.569794 0.039701 0.063529
1 0.132287 0.570681 0.038965 0.063149
1 0.075044 0.569849 0.044567 0.070303
1 0.344046 0.538576 0.045149 0.064078
1 0.481968 0.520391 0.064863 0.103650
0 0.345473 0.958438 0.135514 0.083124
0 0.471599 0.765575 0.110337 0.084905
0 0.780016 0.758374 0.093899 0.076744
0 0.123783 0.653518 0.060749 0.045430
0 0.262129 0.661632 0.052844 0.048168
0 0.422841 0.685829 0.060347 0.055686
0 0.625978 0.660276 0.051383 0.042602
0 0.807665 0.614867 0.082805 0.030763
0 0.769104 0.615249 0.068272 0.026913
0 0.714747 0.608526 0.056607 0.023926
0 0.580850 0.605356 0.069605 0.034735
0 0.522744 0.603900 0.066173 0.042394
0 0.474576 0.596144 0.054689 0.033942
0 0.364679 0.604203 0.061132 0.040630
0 0.252342 0.600778 0.068619 0.048275
0 0.025369 0.588570 0.050737 0.041261
0 0.019953 0.504840 0.039906 0.023849
0 0.056455 0.509371 0.045128 0.025367
0 0.098500 0.514546 0.045500 0.029719
0 0.138495 0.520291 0.045946 0.031384
0 0.180117 0.520588 0.039915 0.027481
0 0.220761 0.521834 0.050169 0.021810
0 0.265103 0.523996 0.050698 0.021592
0 0.299703 0.521578 0.040373 0.016779
0 0.385251 0.528367 0.047466 0.021973
0 0.423852 0.524434 0.046701 0.017750
0 0.028844 0.482073 0.042303 0.020349
0 0.067100 0.487232 0.038015 0.020878
0 0.103151 0.491675 0.040849 0.028324
0 0.142006 0.494369 0.039213 0.020063
0 0.180206 0.497358 0.041564 0.018148
0 0.217695 0.496920 0.038816 0.020999
0 0.252866 0.501253 0.043948 0.025655
0 0.290910 0.497980 0.042599 0.023801
0 0.325972 0.498740 0.040193 0.019790
0 0.366350 0.499046 0.041447 0.019360
0 0.402290 0.500858 0.041887 0.018740
0 0.020656 0.453914 0.041311 0.024993
0 0.051843 0.458815 0.030736 0.025246
0 0.082175 0.462106 0.030552 0.019404
0 0.115292 0.462856 0.027673 0.024079
0 0.146439 0.462866 0.032446 0.025667
0 0.177718 0.468000 0.035776 0.027108
0 0.206355 0.467825 0.035229 0.026276
0 0.298914 0.468862 0.040166 0.027125
0 0.334584 0.474884 0.037242 0.023043
0 0.365296 0.475956 0.034819 0.016914
0 0.395758 0.476142 0.038042 0.018141
0 0.534096 0.524319 0.055860 0.031165
0 0.282072 0.553217 0.028179 0.028042
0 0.381119 0.553393 0.033935 0.030196
0 0.037582 0.543884 0.046295 0.035773
0 0.090191 0.530918 0.035221 0.023251
