1 0.639436 0.830725 0.161256 0.151505
1 0.814849 0.658454 0.213010 0.226202
1 0.909779 0.550853 0.115641 0.148881
1 0.116397 0.948687 0.087271 0.085718
1 0.246324 0.895088 0.110882 0.175057
1 0.351241 0.798406 0.124498 0.174416
1 0.473060 0.699175 0.122689 0.159489
1 0.693475 0.515840 0.144714 0.167526
1 0.778799 0.419655 0.135954 0.141597
1 0.859426 0.331378 0.132506 0.153588
1 0.029738 0.966381 0.040521 0.057777
1 0.215122 0.813240 0.052634 0.092078
1 0.397679 0.679707 0.069809 0.130974
1 0.593456 0.496426 0.086813 0.135741
1 0.664756 0.406403 0.112118 0.115750
1 0.842039 0.244663 0.115502 0.103893
1 0.921012 0.196641 0.098250 0.116658
1 0.731347 0.238163 0.094902 0.131646
1 0.473824 0.474709 0.090157 0.135920
1 0.334211 0.602074 0.070121 0.103042
1 0.181769 0.731822 0.061861 0.098618
1 0.113567 0.793564 0.055666 0.102328
1 0.038620 0.853622 0.060763 0.113992
1 0.368713 0.518315 0.064279 0.092779
1 0.545708 0.338282 0.094509 0.134490
0 0.591870 0.645630 0.159834 0.134366
0 0.947554 0.299873 0.067063 0.090976
0 0.122971 0.889081 0.084032 0.104561
0 0.299326 0.749398 0.071790 0.093647
0 0.509747 0.596487 0.090701 0.082859
0 0.759991 0.330540 0.068651 0.047418
0 0.918791 0.120111 0.072326 0.041006
0 0.858246 0.169034 0.075534 0.046944
0 0.689521 0.322956 0.095068 0.051224
0 0.613831 0.380360 0.088737 0.071938
0 0.552824 0.430067 0.073356 0.067698
0 0.414780 0.565986 0.085454 0.071809
0 0.270552 0.692869 0.097650 0.109960
0 0.012759 0.791417 0.025518 0.050990
0 0.054138 0.758922 0.053874 0.073598
0 0.107231 0.719408 0.055899 0.077795
0 0.158895 0.676489 0.057120 0.064656
0 0.210282 0.632507 0.069141 0.060557
0 0.266981 0.583840 0.069705 0.057500
0 0.309745 0.538659 0.054531 0.051189
0 0.419854 0.451778 0.063865 0.051687
0 0.468357 0.402624 0.063565 0.035917
0 0.014847 0.757257 0.029693 0.041778
0 0.053958 0.725707 0.048982 0.065333
0 0.103694 0.684236 0.048270 0.064766
0 0.154873 0.647880 0.052755 0.064752
0 0.199897 0.607488 0.054697 0.053326
0 0.246064 0.567556 0.061457 0.059347
0 0.293525 0.522999 0.058137 0.052829
0 0.337311 0.483556 0.055751 0.045528
0 0.389728 0.439015 0.055557 0.049611
0 0.434832 0.400678 0.056732 0.039503
0 0.018806 0.714350 0.034160 0.054943
0 0.060551 0.676783 0.037072 0.054749
0 0.102131 0.645007 0.038838 0.064462
0 0.141640 0.614526 0.052459 0.059465
0 0.177052 0.584341 0.049935 0.052835
0 0.295342 0.477044 0.058017 0.037943
0 0.342276 0.445576 0.052903 0.032464
0 0.381281 0.412956 0.048557 0.032115
0 0.419902 0.378130 0.051636 0.030601
0 0.608013 0.279925 0.076261 0.043058
0 0.295049 0.594369 0.035893 0.047673
0 0.419794 0.481801 0.041404 0.057451
0 0.005415 0.848394 0.010829 0.047532
0 0.048247 0.786512 0.049050 0.052117
