1 0.398500 0.938129 0.127953 0.123741
1 0.215774 0.689685 0.139367 0.165286
1 0.149800 0.566199 0.131349 0.125325
1 0.089800 0.449923 0.139836 0.159259
1 0.005236 0.280438 0.010472 0.056965
1 0.482762 0.947964 0.062908 0.104073
1 0.325167 0.708836 0.085311 0.142961
1 0.268070 0.593806 0.103531 0.131148
1 0.125803 0.376861 0.110672 0.130387
1 0.057752 0.289602 0.102859 0.114449
1 0.233380 0.406435 0.101469 0.155816
1 0.441148 0.733264 0.097505 0.138236
1 0.555331 0.912366 0.073372 0.105919
1 0.540982 0.813975 0.069106 0.103677
1 0.402343 0.578629 0.106685 0.146445
0 0.294602 0.858934 0.151833 0.135230
0 0.021340 0.373745 0.042680 0.077928
0 0.383598 0.839437 0.089298 0.081467
0 0.187953 0.487952 0.059689 0.067199
0 0.046607 0.171414 0.055000 0.063969
0 0.063462 0.214796 0.083360 0.080948
0 0.123610 0.292050 0.065571 0.074419
0 0.259767 0.507061 0.084802 0.082914
0 0.323562 0.590679 0.077489 0.085271
0 0.373133 0.663806 0.064077 0.076407
0 0.484051 0.846974 0.078213 0.075187
0 0.588200 0.982085 0.060739 0.035830
0 0.669560 0.976494 0.052410 0.047012
0 0.627848 0.920626 0.062645 0.067931
0 0.594257 0.859361 0.048023 0.061573
0 0.502863 0.731804 0.055990 0.063541
0 0.463875 0.667668 0.056478 0.056492
0 0.690052 0.968801 0.050495 0.062398
0 0.650767 0.913286 0.056272 0.068799
0 0.612992 0.852263 0.051814 0.059054
0 0.578094 0.796516 0.050598 0.051888
0 0.534105 0.734606 0.048492 0.057520
0 0.497912 0.677366 0.050121 0.051770
0 0.741644 0.982364 0.042279 0.035272
0 0.717887 0.956121 0.046386 0.057945
0 0.620611 0.804458 0.054953 0.040922
0 0.580555 0.758500 0.049255 0.037984
0 0.548744 0.710249 0.044328 0.038899
0 0.517319 0.661586 0.045734 0.046577
0 0.350367 0.493524 0.067993 0.066668
0 0.597851 0.917866 0.029388 0.049258
0 0.497256 0.759339 0.031920 0.064457
