1 0.031663 0.261898 0.063326 0.194452
1 0.092181 0.467983 0.085110 0.163587
1 0.296489 0.836709 0.098078 0.258123
1 0.410528 0.908919 0.117398 0.158054
1 0.094573 0.117394 0.105610 0.177712
1 0.174026 0.255870 0.088244 0.180613
1 0.244777 0.370889 0.084592 0.189614
1 0.318952 0.500896 0.073922 0.194402
1 0.457528 0.742906 0.083231 0.208406
1 0.521843 0.827849 0.059843 0.196158
1 0.580944 0.890739 0.076693 0.180737
1 0.086214 0.009785 0.018891 0.019571
1 0.206115 0.174247 0.047847 0.079306
1 0.311936 0.380219 0.061263 0.101330
1 0.442160 0.581957 0.070264 0.131712
1 0.501444 0.655447 0.064874 0.147160
1 0.613523 0.841423 0.066290 0.159188
1 0.661333 0.918240 0.054107 0.121660
1 0.593670 0.685685 0.078018 0.152917
1 0.422702 0.412612 0.068108 0.147600
1 0.330513 0.261327 0.051640 0.109625
1 0.233285 0.090200 0.050782 0.100952
1 0.188807 0.032327 0.053627 0.064654
1 0.379179 0.269595 0.051380 0.104371
1 0.500181 0.448545 0.071602 0.164118
0 0.185750 0.638521 0.103553 0.240484
0 0.373829 0.645509 0.069883 0.217524
0 0.148521 0.075949 0.064210 0.117617
0 0.255109 0.269236 0.049245 0.088150
0 0.375658 0.510684 0.038543 0.130026
0 0.557037 0.762916 0.035981 0.081828
0 0.722510 0.938006 0.042888 0.076959
0 0.696209 0.917031 0.044030 0.115885
0 0.655352 0.835759 0.039815 0.089817
0 0.543516 0.656781 0.045065 0.117818
0 0.499372 0.570793 0.045763 0.106475
0 0.460191 0.505364 0.038788 0.088060
0 0.366495 0.359940 0.037354 0.110075
0 0.272421 0.200784 0.061060 0.129382
0 0.232075 0.008919 0.022657 0.017839
0 0.253660 0.036441 0.040089 0.072883
0 0.286028 0.089621 0.036643 0.087007
0 0.322303 0.151664 0.034626 0.087367
0 0.353719 0.195098 0.030964 0.066280
0 0.421218 0.317227 0.032702 0.077094
0 0.453834 0.368359 0.030626 0.078309
0 0.267083 0.024666 0.036073 0.049331
0 0.294558 0.063562 0.032297 0.071365
0 0.324048 0.116795 0.034253 0.079212
0 0.355724 0.166038 0.029098 0.071954
0 0.385017 0.211569 0.026017 0.070913
0 0.416921 0.270719 0.029011 0.066614
0 0.447116 0.318135 0.027968 0.069291
0 0.283593 0.009957 0.015380 0.019915
0 0.299490 0.026236 0.028392 0.052471
0 0.377853 0.148891 0.021780 0.078622
0 0.403427 0.203257 0.020493 0.069898
0 0.428536 0.245335 0.020765 0.062307
0 0.453560 0.286847 0.025201 0.063309
0 0.544607 0.518199 0.036223 0.094442
0 0.325459 0.196863 0.023748 0.038962
0 0.408231 0.329038 0.031794 0.040788
