1 0.095229 0.666934 0.098720 0.195388
1 0.227950 0.749222 0.094461 0.151380
1 0.504022 0.843062 0.154269 0.171531
1 0.633560 0.811442 0.160581 0.213759
1 0.737708 0.844037 0.112928 0.110110
1 0.049442 0.421773 0.044808 0.134506
1 0.119885 0.454861 0.077829 0.143382
1 0.223114 0.492425 0.065254 0.126567
1 0.307833 0.511619 0.080611 0.142769
1 0.403504 0.547738 0.086339 0.139408
1 0.584789 0.606556 0.105172 0.139470
1 0.661155 0.618732 0.093767 0.129731
1 0.733263 0.629271 0.093464 0.148771
1 0.874563 0.689590 0.098654 0.115787
1 0.058991 0.362642 0.058861 0.078164
1 0.218361 0.407761 0.042247 0.066995
1 0.368835 0.475895 0.056554 0.097743
1 0.530744 0.511908 0.068091 0.108222
1 0.595034 0.522142 0.082159 0.103933
1 0.738298 0.554291 0.086198 0.086757
1 0.963920 0.659886 0.072161 0.099640
1 0.806158 0.591489 0.069577 0.109604
1 0.673007 0.464523 0.075371 0.112694
1 0.454379 0.405739 0.063252 0.110632
1 0.338862 0.368187 0.047325 0.079881
1 0.216360 0.319466 0.042128 0.075244
1 0.158890 0.303739 0.042822 0.072667
1 0.099924 0.284232 0.050214 0.081083
1 0.383417 0.334266 0.049401 0.072840
1 0.527495 0.360831 0.067509 0.124204
0 0.361238 0.798371 0.148254 0.183197
0 0.500933 0.608917 0.109891 0.113727
0 0.823606 0.702871 0.093543 0.098899
0 0.145492 0.385327 0.065712 0.065013
0 0.289327 0.436542 0.053934 0.039809
0 0.455515 0.513482 0.059205 0.075106
0 0.669878 0.551266 0.052757 0.046004
0 0.863615 0.553955 0.085294 0.045896
0 0.822831 0.547830 0.069516 0.048527
0 0.766590 0.522028 0.058149 0.032918
0 0.626327 0.483241 0.070901 0.049090
0 0.566135 0.457781 0.067855 0.042376
0 0.515761 0.440012 0.056074 0.036334
0 0.400520 0.411411 0.061734 0.050817
0 0.283573 0.368367 0.068821 0.063843
0 0.053747 0.289059 0.040953 0.048356
0 0.055774 0.200452 0.025817 0.027017
0 0.085016 0.213790 0.048560 0.035064
0 0.128749 0.233467 0.048929 0.041644
0 0.170221 0.251986 0.049621 0.044247
0 0.212841 0.265031 0.041635 0.040887
0 0.256093 0.278725 0.050933 0.037820
0 0.302318 0.294807 0.051516 0.037567
0 0.338792 0.301543 0.041291 0.026071
0 0.427774 0.335406 0.048613 0.029682
0 0.468249 0.346043 0.047630 0.032073
0 0.062935 0.178004 0.034968 0.028197
0 0.097835 0.195348 0.040376 0.029317
0 0.135319 0.211354 0.043882 0.038751
0 0.175796 0.225861 0.042249 0.031453
0 0.214778 0.241452 0.043456 0.030732
0 0.254666 0.252200 0.039079 0.033985
0 0.291004 0.269651 0.044374 0.036625
0 0.330987 0.278791 0.043404 0.029867
0 0.367825 0.287389 0.040707 0.031709
0 0.409701 0.305131 0.042506 0.025096
0 0.447401 0.314812 0.042797 0.027662
0 0.060898 0.146907 0.025845 0.027574
0 0.083966 0.160397 0.033515 0.030396
0 0.115528 0.173799 0.033192 0.026099
0 0.150163 0.184509 0.030368 0.032605
0 0.182521 0.194352 0.035622 0.033618
0 0.214311 0.209632 0.036727 0.039368
0 0.245127 0.215282 0.035387 0.031996
0 0.341634 0.248603 0.040049 0.040743
0 0.378457 0.266740 0.037378 0.034273
0 0.410545 0.276835 0.035194 0.028490
0 0.442390 0.286587 0.038838 0.025565
0 0.583533 0.379846 0.056909 0.041318
0 0.318264 0.331492 0.029413 0.025073
0 0.422038 0.362141 0.035919 0.026880
0 0.063175 0.244100 0.049349 0.047833
0 0.118871 0.247613 0.037422 0.034773
