1 0.184784 0.941442 0.102251 0.060207
1 0.640597 0.798849 0.148910 0.107532
1 0.803622 0.691332 0.194113 0.193391
1 0.922133 0.651705 0.155735 0.132530
1 0.080145 0.833782 0.074271 0.158797
1 0.183436 0.788075 0.074294 0.165025
1 0.299338 0.727355 0.090490 0.150025
1 0.395464 0.674522 0.106329 0.150007
0 0.499942 0.667849 0.120037 0.102336
1 0.711560 0.529323 0.128528 0.158749
1 0.793514 0.474256 0.118581 0.137553
1 0.869199 0.421950 0.112998 0.142113
1 0.986800 0.352022 0.026399 0.077332
1 0.096118 0.731140 0.061750 0.071942
1 0.278875 0.644779 0.047877 0.075103
1 0.460054 0.585421 0.083578 0.115705
1 0.632536 0.486445 0.075673 0.117277
1 0.698987 0.427496 0.098972 0.087722
1 0.864090 0.333159 0.101553 0.069386
1 0.939738 0.325846 0.087859 0.103681
1 0.772311 0.299363 0.083695 0.115309
1 0.529042 0.426539 0.073424 0.118071
1 0.399425 0.492002 0.058172 0.088111
1 0.258528 0.557958 0.051632 0.080819
1 0.194530 0.591378 0.046727 0.082594
1 0.124988 0.620759 0.050354 0.092055
1 0.438029 0.426557 0.053676 0.082195
1 0.602468 0.319204 0.078943 0.119052
1 0.478014 0.852995 0.156979 0.099617
0 0.617013 0.613898 0.139260 0.116482
0 0.960548 0.425937 0.078903 0.089055
0 0.194344 0.681708 0.072546 0.071649
0 0.357622 0.614174 0.064517 0.075359
0 0.550211 0.545483 0.077669 0.073489
0 0.786438 0.389428 0.062204 0.045905
0 0.972803 0.225895 0.054395 0.031256
0 0.941614 0.253722 0.072831 0.017062
0 0.884585 0.275393 0.068484 0.031389
0 0.727147 0.356707 0.085213 0.044516
0 0.657693 0.387081 0.080259 0.060743
0 0.600914 0.409452 0.066338 0.054013
0 0.471896 0.486107 0.075737 0.059741
0 0.338585 0.551873 0.085804 0.084104
0 0.059934 0.675088 0.077041 0.063033
0 0.049955 0.576966 0.052094 0.039455
0 0.097139 0.562876 0.050911 0.049129
0 0.147098 0.541333 0.051381 0.049042
0 0.194836 0.522900 0.051530 0.052929
0 0.244367 0.501618 0.049736 0.043784
0 0.292075 0.478738 0.061702 0.042233
0 0.344590 0.453617 0.062277 0.041180
0 0.384890 0.428053 0.049146 0.035714
0 0.486537 0.385158 0.057667 0.039153
0 0.531861 0.356096 0.057072 0.026915
0 0.061384 0.548765 0.049061 0.033233
0 0.106864 0.529389 0.043772 0.032886
0 0.149724 0.511144 0.046205 0.043302
0 0.195786 0.490214 0.044145 0.043576
0 0.242435 0.473433 0.049012 0.043433
0 0.285483 0.452338 0.048290 0.037151
0 0.327684 0.431705 0.054458 0.043634
0 0.372198 0.407015 0.052130 0.040729
0 0.413243 0.386647 0.049597 0.034242
0 0.461423 0.362752 0.050259 0.036469
0 0.503598 0.343389 0.051060 0.030954
0 0.045546 0.520554 0.051949 0.046048
0 0.085389 0.505116 0.033934 0.040560
0 0.121410 0.489375 0.033937 0.038344
0 0.160036 0.469359 0.031501 0.039614
0 0.197571 0.454020 0.035525 0.046711
0 0.234868 0.438757 0.045445 0.042960
0 0.268231 0.423906 0.043961 0.041694
0 0.377822 0.368829 0.050618 0.031169
0 0.420673 0.352073 0.046526 0.026507
0 0.456924 0.336807 0.043085 0.025659
0 0.492849 0.319677 0.046424 0.023151
0 0.661826 0.295995 0.068370 0.030406
0 0.367604 0.474250 0.033309 0.040226
0 0.484035 0.415631 0.039279 0.044088
0 0.078871 0.612415 0.052090 0.051703
0 0.140091 0.564115 0.042753 0.033287
