1 0.348021 0.808783 0.202639 0.186406
1 0.219909 0.655132 0.220730 0.250666
1 0.111988 0.557285 0.213460 0.179384
1 0.043243 0.426873 0.079540 0.143979
1 0.831071 0.894273 0.082620 0.081872
1 0.724396 0.844201 0.101720 0.156863
1 0.638494 0.756867 0.109556 0.153900
1 0.540000 0.668333 0.108220 0.140586
1 0.360789 0.504854 0.122486 0.147418
1 0.294652 0.419223 0.117205 0.124508
1 0.232378 0.340698 0.119721 0.135603
1 0.089119 0.213733 0.121419 0.107607
1 0.911506 0.904613 0.043798 0.044605
1 0.759493 0.771123 0.046532 0.081360
1 0.611764 0.651775 0.058680 0.115484
1 0.455105 0.488434 0.074887 0.119775
1 0.397836 0.408501 0.095492 0.102459
1 0.255975 0.264536 0.100085 0.092263
1 0.189655 0.221251 0.091120 0.102844
1 0.352537 0.259656 0.086723 0.116687
1 0.559078 0.470412 0.082859 0.119899
1 0.671710 0.584005 0.063396 0.090936
1 0.795312 0.699743 0.055620 0.087128
1 0.849665 0.754763 0.049788 0.090440
1 0.910166 0.808368 0.054988 0.100747
1 0.649784 0.509771 0.058901 0.082092
1 0.509600 0.349668 0.088765 0.118907
0 0.490724 0.911382 0.175062 0.105781
0 0.442545 0.620119 0.137938 0.118535
0 0.128931 0.312030 0.117283 0.079978
0 0.833295 0.838820 0.073181 0.092764
0 0.690578 0.714123 0.060018 0.082774
0 0.518097 0.577475 0.079613 0.073051
0 0.320057 0.340995 0.056893 0.042058
0 0.152257 0.105873 0.090415 0.064890
0 0.189423 0.151407 0.078294 0.041878
0 0.247613 0.197611 0.062553 0.042056
0 0.382948 0.335017 0.079698 0.045536
0 0.444816 0.386016 0.073682 0.063507
0 0.493895 0.430435 0.060918 0.059850
0 0.604417 0.551472 0.072485 0.063418
0 0.721354 0.664620 0.083560 0.097313
0 0.950828 0.761157 0.040936 0.059959
0 0.904754 0.724752 0.045004 0.065332
0 0.862120 0.689459 0.048400 0.069028
0 0.820736 0.651159 0.049326 0.057375
0 0.779280 0.611941 0.058231 0.053704
0 0.733416 0.568539 0.058635 0.050964
0 0.699506 0.528307 0.045451 0.045396
0 0.610106 0.450772 0.053123 0.045753
0 0.571266 0.407037 0.053194 0.031801
0 0.947165 0.728762 0.035854 0.047329
0 0.907396 0.695489 0.040271 0.058002
0 0.868361 0.658491 0.041292 0.057480
0 0.826827 0.626014 0.044668 0.057472
0 0.790662 0.589998 0.046580 0.047293
0 0.752767 0.554388 0.052140 0.052569
0 0.714921 0.514697 0.048719 0.046744
0 0.679987 0.479521 0.047107 0.040308
0 0.637222 0.439825 0.046121 0.043945
0 0.601131 0.405623 0.047354 0.034940
0 0.972097 0.712172 0.024357 0.046856
0 0.939949 0.685797 0.026969 0.048725
0 0.906941 0.652311 0.032781 0.048514
0 0.873554 0.623944 0.034274 0.057119
0 0.841080 0.596748 0.045531 0.052695
0 0.812990 0.569808 0.042647 0.046723
0 0.717334 0.474111 0.050001 0.033520
0 0.678759 0.446061 0.045230 0.028684
0 0.647330 0.416928 0.041139 0.028391
0 0.616242 0.385771 0.043149 0.027240
0 0.458902 0.297453 0.063918 0.038317
0 0.707773 0.577512 0.028970 0.042086
0 0.607744 0.477136 0.032575 0.050839
0 0.948704 0.807476 0.025897 0.048874
0 0.908473 0.749122 0.042315 0.046303
