1 0.602135 0.965657 0.118963 0.068685
1 0.037962 0.867295 0.075924 0.139313
1 0.152580 0.858043 0.075498 0.125466
1 0.245246 0.844780 0.094322 0.134036
0 0.344816 0.886125 0.109465 0.083659
1 0.552651 0.831218 0.119609 0.152242
1 0.635650 0.814597 0.107990 0.135300
1 0.713447 0.793294 0.105880 0.140676
1 0.871541 0.791532 0.112403 0.103478
1 0.140993 0.771339 0.046685 0.067882
1 0.315687 0.785486 0.075544 0.102967
1 0.487058 0.758441 0.074358 0.115401
1 0.555535 0.736694 0.092408 0.095810
1 0.715362 0.703388 0.096749 0.070885
1 0.940256 0.712490 0.029985 0.063928
1 0.789945 0.728831 0.079833 0.105649
1 0.637572 0.642181 0.080646 0.110328
1 0.395678 0.667513 0.067173 0.105576
1 0.268838 0.676127 0.051475 0.075578
1 0.133210 0.678247 0.045616 0.072561
1 0.069823 0.685126 0.045360 0.072532
1 0.014921 0.689939 0.029842 0.077454
1 0.315043 0.626233 0.052524 0.075082
1 0.474420 0.590194 0.074914 0.115561
0 0.459968 0.873793 0.126657 0.100830
0 0.816439 0.833645 0.107792 0.088259
0 0.059286 0.779439 0.070553 0.049194
0 0.219046 0.775704 0.060866 0.058849
0 0.404491 0.786270 0.069132 0.065432
0 0.639567 0.734548 0.059231 0.048367
0 0.842108 0.657887 0.077933 0.024570
0 0.797889 0.665964 0.069161 0.015379
0 0.742771 0.665456 0.065259 0.028159
0 0.587984 0.676295 0.080149 0.039504
0 0.520918 0.680904 0.076267 0.050803
0 0.465249 0.677551 0.063031 0.041630
0 0.338187 0.698760 0.070307 0.048960
0 0.208438 0.707194 0.078844 0.060501
0 0.031589 0.623797 0.052797 0.030483
0 0.077757 0.626121 0.053349 0.032099
0 0.125709 0.622409 0.046095 0.027956
0 0.172810 0.621074 0.057741 0.025305
0 0.224035 0.618042 0.058358 0.026145
0 0.264069 0.610830 0.046514 0.021417
0 0.362864 0.609248 0.054697 0.027692
0 0.407494 0.598947 0.053784 0.018670
0 0.008809 0.596798 0.017617 0.019252
0 0.037232 0.596951 0.047394 0.029373
0 0.082114 0.594422 0.045515 0.023939
0 0.126111 0.596053 0.048036 0.023671
0 0.169546 0.592539 0.044624 0.023243
0 0.210125 0.590528 0.050543 0.029204
0 0.254125 0.584437 0.049053 0.029698
0 0.294675 0.581965 0.046244 0.023910
0 0.341285 0.577415 0.047770 0.024400
0 0.382841 0.575865 0.048252 0.023185
0 0.015540 0.564135 0.031079 0.022977
0 0.051601 0.561531 0.032207 0.027572
0 0.087565 0.560695 0.037764 0.030379
0 0.123671 0.560722 0.041041 0.029774
0 0.156804 0.559273 0.040487 0.031586
0 0.263733 0.551122 0.046114 0.029235
0 0.304884 0.551976 0.042796 0.024647
0 0.340373 0.551281 0.040050 0.019819
0 0.375577 0.548322 0.043818 0.021235
0 0.534907 0.589607 0.064322 0.034819
0 0.243364 0.648518 0.032558 0.033613
0 0.357866 0.638332 0.039287 0.036235
0 0.021719 0.643590 0.040639 0.023102
