1 0.346457 0.833648 0.164113 0.166462
1 0.249134 0.630433 0.189698 0.197263
1 0.163517 0.454398 0.183121 0.151639
1 0.081135 0.291653 0.135040 0.187510
1 0.050954 0.155726 0.082720 0.129068
1 0.595856 0.959657 0.093556 0.080686
1 0.521369 0.850658 0.096976 0.125454
1 0.381461 0.597248 0.105760 0.145817
1 0.330850 0.484753 0.099686 0.108875
1 0.284842 0.374968 0.106062 0.120672
1 0.172513 0.181217 0.102709 0.130008
1 0.585055 0.873513 0.048386 0.093365
1 0.464580 0.640779 0.064574 0.112767
1 0.420762 0.535446 0.078903 0.114779
1 0.311751 0.336287 0.084236 0.114318
1 0.140471 0.050532 0.058819 0.054728
1 0.259693 0.238387 0.078185 0.088612
1 0.393591 0.387261 0.076954 0.130372
1 0.552756 0.698555 0.073921 0.110365
1 0.640180 0.863568 0.055683 0.085120
1 0.628766 0.783371 0.052401 0.085751
1 0.522429 0.569201 0.080777 0.113712
0 0.430658 0.974165 0.088846 0.051670
0 0.442096 0.730607 0.115599 0.125005
0 0.199727 0.268157 0.098259 0.104683
0 0.644003 0.970465 0.044530 0.059069
0 0.509562 0.754188 0.067905 0.059733
0 0.359489 0.433718 0.045592 0.068359
0 0.235733 0.131337 0.072047 0.112473
0 0.263741 0.192690 0.063608 0.085919
0 0.309731 0.268636 0.050087 0.075538
0 0.414036 0.470260 0.064711 0.087824
0 0.462822 0.552054 0.059178 0.087288
0 0.500786 0.623870 0.048934 0.072096
0 0.585771 0.790364 0.059627 0.072608
0 0.677089 0.956740 0.069395 0.086520
0 0.752512 0.990760 0.020279 0.018481
0 0.730878 0.955230 0.047525 0.065056
0 0.695162 0.888766 0.047790 0.062904
0 0.669401 0.834735 0.036663 0.052350
0 0.599466 0.711250 0.042753 0.062118
0 0.569594 0.652804 0.043104 0.059432
0 0.765238 0.983312 0.026181 0.033376
0 0.742562 0.947333 0.038483 0.054490
0 0.712531 0.893680 0.042899 0.056549
0 0.683576 0.836110 0.039539 0.053852
0 0.656829 0.782397 0.038586 0.048738
0 0.623183 0.725147 0.037033 0.054724
0 0.595450 0.670599 0.038260 0.053954
0 0.783965 0.979285 0.036436 0.041431
0 0.763592 0.944354 0.035344 0.047918
0 0.689129 0.804966 0.041843 0.043387
0 0.658511 0.755836 0.037527 0.042288
0 0.634153 0.710295 0.033797 0.041622
0 0.610087 0.664970 0.034908 0.048742
0 0.482665 0.488495 0.051885 0.070556
0 0.672412 0.878653 0.022500 0.041543
0 0.595348 0.729357 0.024500 0.054233
