1 0.525779 0.745211 0.225668 0.199474
1 0.657182 0.534681 0.235422 0.236769
1 0.770292 0.363153 0.223267 0.148943
1 0.888214 0.184262 0.172028 0.185069
1 0.931777 0.046992 0.099441 0.093984
1 0.125222 0.918067 0.102108 0.091756
1 0.217417 0.824898 0.114029 0.158493
0 0.317960 0.722975 0.123751 0.117717
1 0.511328 0.434675 0.128495 0.153309
1 0.582021 0.316714 0.122495 0.110768
1 0.644083 0.207911 0.114387 0.143434
1 0.792426 0.041176 0.110912 0.082353
1 0.089069 0.907348 0.053710 0.116678
1 0.262867 0.700194 0.091036 0.115048
1 0.414468 0.460860 0.078258 0.130745
1 0.480281 0.352610 0.090636 0.119792
1 0.625800 0.145759 0.104494 0.122338
1 0.695939 0.059058 0.094777 0.101665
1 0.525120 0.180259 0.089597 0.144514
1 0.304856 0.493643 0.083263 0.126657
1 0.186628 0.663246 0.065633 0.096227
1 0.055792 0.841295 0.057645 0.094800
1 0.011935 0.911925 0.023871 0.078008
1 0.211200 0.572746 0.060820 0.095186
1 0.360338 0.350151 0.091227 0.133406
0 0.416653 0.613763 0.144133 0.128394
0 0.757224 0.119148 0.122557 0.106764
0 0.028989 0.959768 0.039466 0.040032
0 0.164534 0.803964 0.063123 0.091818
0 0.348105 0.587272 0.123161 0.115571
0 0.557417 0.250000 0.059946 0.065596
0 0.675634 0.019467 0.043117 0.038934
0 0.635728 0.067993 0.065919 0.072599
0 0.492140 0.273264 0.083774 0.081873
0 0.426763 0.354006 0.077604 0.083384
0 0.374724 0.425424 0.064160 0.071609
0 0.257417 0.598429 0.076008 0.068635
0 0.133634 0.770344 0.087464 0.113496
0 0.005889 0.839060 0.011778 0.043674
0 0.030429 0.802362 0.051535 0.074087
0 0.074358 0.743012 0.061151 0.067802
0 0.122931 0.676802 0.061590 0.063547
0 0.158997 0.618786 0.047833 0.057295
0 0.253603 0.495393 0.055930 0.060175
0 0.294826 0.435205 0.055935 0.055673
0 0.024618 0.781008 0.046856 0.074737
0 0.062977 0.726607 0.048804 0.059757
0 0.102986 0.672542 0.054671 0.063535
0 0.143190 0.614373 0.051214 0.054111
0 0.180297 0.560936 0.049436 0.047773
0 0.225505 0.501956 0.048579 0.053459
0 0.263817 0.446810 0.049820 0.050882
0 0.017043 0.754855 0.034085 0.057426
0 0.040199 0.716628 0.044657 0.052871
0 0.141511 0.572568 0.052261 0.039762
0 0.182227 0.526172 0.047351 0.036932
0 0.215540 0.480119 0.043149 0.037579
0 0.248499 0.434216 0.045386 0.045833
0 0.413963 0.268678 0.067190 0.065815
0 0.149425 0.671637 0.030696 0.044325
0 0.255560 0.519810 0.034706 0.059109
