1 0.982074 0.980888 0.035852 0.038224
1 0.878702 0.959334 0.082008 0.081332
1 0.768977 0.937733 0.109657 0.124534
1 0.645882 0.916550 0.115116 0.151784
1 0.417874 0.841818 0.138481 0.172925
1 0.324599 0.795275 0.126017 0.151093
1 0.237610 0.749539 0.122283 0.155388
1 0.084215 0.697453 0.074819 0.110485
1 0.890714 0.904818 0.053159 0.078859
1 0.699855 0.865975 0.067776 0.122905
1 0.496841 0.783343 0.083835 0.128816
1 0.420955 0.733217 0.106233 0.090921
1 0.238186 0.647551 0.111075 0.071234
1 0.153588 0.657054 0.093236 0.110381
1 0.330500 0.603992 0.090334 0.123573
1 0.605312 0.706084 0.075576 0.124618
1 0.748664 0.756817 0.059526 0.092427
1 0.904779 0.806214 0.053065 0.085763
1 0.975361 0.833358 0.049277 0.086363
1 0.699264 0.690346 0.058131 0.088144
1 0.518021 0.598308 0.085371 0.130101
0 0.523214 0.919633 0.147872 0.122843
0 0.118732 0.766926 0.124742 0.098067
0 0.972601 0.930888 0.054798 0.063970
0 0.802345 0.883405 0.070123 0.077104
0 0.590245 0.836971 0.081358 0.078177
0 0.324461 0.703356 0.068014 0.051618
0 0.090899 0.557601 0.103301 0.040437
0 0.138222 0.579738 0.090682 0.028759
0 0.209943 0.594094 0.074916 0.033470
0 0.385688 0.657732 0.092439 0.047307
0 0.462317 0.681711 0.087640 0.063400
0 0.525584 0.696866 0.072433 0.055059
0 0.669764 0.760940 0.081473 0.061981
0 0.817602 0.812286 0.091705 0.084128
0 0.970197 0.760563 0.059507 0.049910
0 0.915126 0.744604 0.052786 0.041181
0 0.862057 0.726684 0.066717 0.040360
0 0.803735 0.707141 0.067397 0.039900
0 0.758444 0.685722 0.053527 0.034136
0 0.645821 0.653688 0.062895 0.038989
0 0.595176 0.628556 0.061989 0.026666
0 0.966607 0.725198 0.050840 0.040837
0 0.915913 0.713502 0.054599 0.040633
0 0.867038 0.696925 0.051796 0.035483
0 0.820603 0.680859 0.058575 0.042835
0 0.770739 0.660496 0.056566 0.040889
0 0.724777 0.644646 0.053503 0.033984
0 0.671555 0.625438 0.054889 0.035798
0 0.624409 0.610667 0.055557 0.031304
0 0.992569 0.695135 0.014862 0.034165
0 0.961904 0.686138 0.041710 0.045527
0 0.920665 0.674586 0.048040 0.041808
0 0.883177 0.663533 0.047052 0.042298
0 0.761447 0.620898 0.053805 0.032169
0 0.714337 0.607512 0.049758 0.027288
0 0.673982 0.596712 0.046388 0.026172
0 0.633965 0.583054 0.050474 0.024859
0 0.450368 0.581026 0.074179 0.035223
0 0.780483 0.733587 0.037042 0.041975
0 0.650490 0.687029 0.044341 0.045381
