1 0.090043 0.721502 0.110993 0.212248
1 0.222328 0.838859 0.090063 0.178611
1 0.466352 0.948189 0.115407 0.103621
1 0.582768 0.948345 0.112114 0.103310
1 0.049593 0.469421 0.058263 0.141511
1 0.119679 0.525298 0.073364 0.144890
1 0.219324 0.593441 0.060904 0.134681
1 0.298664 0.638902 0.074766 0.147887
0 0.381362 0.724625 0.088403 0.115952
1 0.557120 0.807749 0.097874 0.150603
1 0.628552 0.839766 0.087132 0.141198
1 0.696055 0.864943 0.087018 0.144953
1 0.826864 0.950141 0.089920 0.099719
1 0.066937 0.426554 0.055104 0.079679
1 0.211660 0.515507 0.047860 0.064717
1 0.360787 0.626443 0.062474 0.107010
1 0.507217 0.697084 0.063658 0.104048
1 0.569296 0.729936 0.072672 0.106883
1 0.701103 0.801795 0.080339 0.101529
1 0.916885 0.955103 0.077903 0.089794
1 0.764531 0.852445 0.064745 0.116176
1 0.640699 0.698641 0.070664 0.116233
1 0.436581 0.575969 0.059314 0.100211
1 0.328723 0.514915 0.044412 0.080824
1 0.214270 0.432578 0.039477 0.078233
1 0.160629 0.401801 0.040168 0.074009
1 0.105655 0.366499 0.047207 0.081125
1 0.370536 0.493547 0.046320 0.077632
1 0.505041 0.562111 0.063001 0.128417
0 0.345258 0.910393 0.132428 0.179213
0 0.468303 0.783563 0.102106 0.136798
0 0.774234 0.952425 0.075175 0.095150
0 0.147714 0.471738 0.061548 0.076278
0 0.281931 0.560119 0.050236 0.048654
0 0.437389 0.682505 0.089057 0.113207
0 0.637239 0.777263 0.049169 0.045816
0 0.811630 0.832943 0.064951 0.054500
0 0.774053 0.812693 0.057315 0.051880
0 0.727884 0.778549 0.054197 0.047269
0 0.596905 0.701955 0.066027 0.065884
0 0.540758 0.659964 0.063232 0.056813
0 0.493726 0.631313 0.052253 0.047020
0 0.386103 0.569997 0.057441 0.064805
0 0.276962 0.496272 0.063991 0.078871
0 0.051894 0.346748 0.059482 0.068376
0 0.054495 0.268098 0.044975 0.040076
0 0.092145 0.295405 0.045461 0.040252
0 0.132954 0.327298 0.045804 0.048225
0 0.171643 0.356414 0.046470 0.051437
0 0.211417 0.380773 0.038988 0.049092
0 0.251804 0.405670 0.047416 0.049683
0 0.294949 0.433952 0.047963 0.049620
0 0.329029 0.450783 0.038468 0.036050
0 0.412065 0.507904 0.045296 0.041509
0 0.449864 0.529494 0.044362 0.043426
0 0.067148 0.255771 0.041797 0.032421
0 0.104265 0.283269 0.037753 0.033995
0 0.139242 0.308969 0.041075 0.044187
0 0.177020 0.333617 0.039558 0.038899
0 0.213329 0.360043 0.040572 0.039473
0 0.250631 0.380814 0.036350 0.042697
0 0.284518 0.407478 0.041288 0.046672
0 0.321867 0.427546 0.040422 0.040162
0 0.356276 0.446198 0.037887 0.041074
0 0.395343 0.474743 0.039611 0.035505
0 0.430552 0.494645 0.039867 0.037954
0 0.059341 0.223280 0.045536 0.031688
0 0.091503 0.246361 0.031415 0.031551
0 0.120957 0.268321 0.031101 0.029424
0 0.153295 0.287801 0.028482 0.036926
0 0.183486 0.306915 0.033411 0.038233
0 0.213070 0.330022 0.034257 0.046602
0 0.241934 0.344019 0.032908 0.039789
0 0.332012 0.402831 0.037216 0.049206
0 0.366349 0.430269 0.034758 0.042467
0 0.396306 0.448918 0.032749 0.036502
0 0.426038 0.467179 0.036176 0.034868
0 0.557499 0.595165 0.052997 0.052758
0 0.309675 0.470423 0.027457 0.023635
0 0.406581 0.528543 0.033575 0.024138
0 0.071284 0.317278 0.046719 0.053711
0 0.123633 0.337234 0.035007 0.041874
