1 0.081773 0.861115 0.073574 0.105401
1 0.211657 0.893021 0.087233 0.061496
1 0.481497 0.896519 0.145431 0.095907
1 0.619114 0.853814 0.169442 0.173848
1 0.728794 0.871845 0.138999 0.105930
1 0.857669 0.866068 0.142805 0.093461
1 0.938222 0.844531 0.123557 0.107945
1 0.077043 0.673015 0.066890 0.127480
1 0.186325 0.674527 0.072652 0.112883
1 0.270852 0.666196 0.088676 0.122854
0 0.362047 0.709803 0.101867 0.076584
1 0.550392 0.671853 0.110489 0.138393
1 0.624813 0.661712 0.100544 0.123456
1 0.694218 0.645660 0.097565 0.129780
1 0.838735 0.654991 0.103953 0.098099
1 0.980791 0.629728 0.038417 0.062633
1 0.036109 0.599539 0.008140 0.046114
1 0.168933 0.597257 0.050809 0.068120
1 0.333054 0.616384 0.069363 0.094839
1 0.487388 0.601506 0.066889 0.105617
1 0.551729 0.587454 0.077161 0.090310
1 0.693759 0.565603 0.088622 0.068383
1 0.926420 0.597858 0.086000 0.082005
1 0.761256 0.590837 0.074390 0.098243
1 0.620105 0.504128 0.072074 0.100672
1 0.401919 0.506952 0.062453 0.081822
1 0.286468 0.515038 0.047494 0.070905
1 0.161909 0.508289 0.042339 0.065961
1 0.105278 0.511002 0.039948 0.065682
1 0.047324 0.512106 0.040323 0.073005
1 0.325882 0.470903 0.046381 0.067738
1 0.470489 0.446882 0.068114 0.107150
0 0.338291 0.902079 0.136472 0.065307
0 0.466346 0.705264 0.117981 0.090165
0 0.789500 0.688003 0.100395 0.080622
0 0.098292 0.598514 0.062731 0.045867
0 0.243638 0.602597 0.055949 0.051653
0 0.403909 0.626268 0.082823 0.065931
0 0.624923 0.589123 0.054266 0.044564
0 0.806480 0.530442 0.071236 0.021593
0 0.766524 0.534732 0.063425 0.016269
0 0.716293 0.531844 0.059772 0.025330
0 0.576073 0.532481 0.073753 0.035473
0 0.514933 0.533304 0.069925 0.045159
0 0.464454 0.526850 0.057792 0.036447
0 0.349419 0.538950 0.065004 0.043363
0 0.231464 0.539116 0.073168 0.052230
0 0.036014 0.450288 0.021652 0.023915
0 0.067649 0.453327 0.047107 0.030096
0 0.109715 0.458059 0.047479 0.031754
0 0.153653 0.457050 0.042116 0.027583
0 0.195996 0.457750 0.053231 0.022689
0 0.242528 0.458546 0.053774 0.022384
0 0.278664 0.454590 0.042707 0.017707
0 0.368522 0.458583 0.050182 0.023820
0 0.408930 0.452674 0.049458 0.018078
0 0.039480 0.425913 0.028451 0.020610
0 0.071793 0.429136 0.042311 0.028781
0 0.112579 0.430160 0.040563 0.021153
0 0.153026 0.433154 0.043563 0.019050
0 0.192022 0.431272 0.041326 0.021394
0 0.229070 0.433798 0.046735 0.026673
0 0.268854 0.429745 0.045132 0.025711
0 0.305526 0.429840 0.042688 0.020510
0 0.347990 0.428226 0.043794 0.020729
0 0.385606 0.429152 0.044327 0.020184
0 0.048894 0.398417 0.031487 0.020507
0 0.083598 0.398275 0.028390 0.025044
0 0.116331 0.397975 0.033279 0.027116
0 0.149234 0.401778 0.038329 0.027546
0 0.179144 0.401192 0.037541 0.027560
0 0.276268 0.399208 0.042929 0.027899
0 0.313856 0.403686 0.039700 0.023643
0 0.346053 0.404296 0.037011 0.017359
0 0.377981 0.403456 0.040271 0.019171
0 0.524467 0.449771 0.059185 0.032428
0 0.261080 0.487942 0.029554 0.029874
0 0.364797 0.484965 0.035378 0.032181
0 0.059694 0.470820 0.037147 0.023319
