1 0.504745 0.980302 0.078935 0.039396
1 0.365640 0.888267 0.213833 0.223466
1 0.233834 0.814513 0.205483 0.153269
1 0.088643 0.721462 0.177286 0.158896
1 0.043425 0.598944 0.086850 0.132569
1 0.911812 0.967951 0.052705 0.064098
1 0.817529 0.930080 0.120736 0.139841
0 0.707122 0.913183 0.132739 0.115998
1 0.490849 0.726646 0.139261 0.168028
1 0.410091 0.649771 0.131305 0.143854
1 0.336879 0.578860 0.121571 0.149610
1 0.165160 0.469109 0.134945 0.107993
1 0.937379 0.927629 0.026240 0.071877
1 0.761225 0.837127 0.095907 0.126799
1 0.589245 0.694034 0.083855 0.129663
1 0.515993 0.612851 0.097974 0.090999
1 0.352533 0.488113 0.111666 0.087564
1 0.081893 0.322992 0.107975 0.098881
1 0.274735 0.460268 0.100151 0.113278
1 0.459692 0.465726 0.092747 0.124860
1 0.705570 0.643891 0.087020 0.116821
1 0.838094 0.748476 0.068378 0.098172
1 0.806509 0.672544 0.062855 0.088922
1 0.638322 0.525624 0.092897 0.127724
0 0.587683 0.835957 0.154400 0.128877
0 0.215946 0.565041 0.131310 0.092794
0 0.869297 0.886771 0.068919 0.086658
0 0.678471 0.784379 0.108749 0.099534
0 0.430298 0.559316 0.065795 0.046357
0 0.233586 0.347212 0.085411 0.042828
0 0.278779 0.384990 0.077260 0.031971
0 0.338127 0.418309 0.072381 0.034976
0 0.498833 0.538486 0.091315 0.048755
0 0.571183 0.583231 0.085077 0.068119
0 0.629323 0.619653 0.070332 0.062393
0 0.760761 0.727654 0.082269 0.067512
0 0.898413 0.825329 0.094172 0.099373
0 0.951315 0.754627 0.053204 0.049502
0 0.903858 0.718723 0.066998 0.050444
0 0.863213 0.682777 0.052319 0.044393
0 0.758097 0.617057 0.061251 0.046504
0 0.711913 0.577270 0.061035 0.032157
0 0.962938 0.727015 0.041541 0.041099
0 0.924352 0.698870 0.059168 0.052678
0 0.879196 0.663703 0.055838 0.047918
0 0.837533 0.633381 0.053633 0.040829
0 0.787446 0.598654 0.053263 0.044033
0 0.744506 0.569418 0.054446 0.036102
0 0.979269 0.695339 0.024344 0.033466
0 0.878325 0.620523 0.056030 0.035457
0 0.833415 0.596056 0.051010 0.030249
0 0.796233 0.571838 0.046736 0.029618
0 0.759423 0.546786 0.049567 0.025001
0 0.578817 0.486122 0.073248 0.034726
0 0.876428 0.735071 0.034227 0.045127
0 0.757618 0.648269 0.039295 0.051999
