1 0.551393 0.829790 0.176730 0.169437
1 0.664777 0.716994 0.182875 0.226127
1 0.766898 0.647193 0.173383 0.155824
1 0.886825 0.559795 0.173848 0.134310
1 0.925960 0.465178 0.106130 0.116551
1 0.067341 0.929199 0.061163 0.123301
1 0.145440 0.875760 0.065792 0.142369
1 0.241172 0.805465 0.077363 0.126213
1 0.317789 0.744595 0.088401 0.124690
0 0.401576 0.717316 0.098466 0.087262
1 0.568536 0.571166 0.104359 0.124050
1 0.632074 0.510483 0.097337 0.105836
1 0.690241 0.454812 0.091427 0.110352
1 0.821727 0.366485 0.099441 0.081567
1 0.956870 0.238303 0.057438 0.072736
1 0.075989 0.846587 0.047447 0.062949
1 0.217694 0.750815 0.044993 0.080697
1 0.365121 0.663531 0.069861 0.094528
1 0.499598 0.549724 0.062139 0.097026
1 0.555895 0.487253 0.073234 0.070185
1 0.682581 0.388358 0.082526 0.067982
1 0.890047 0.255178 0.081012 0.075598
1 0.742182 0.363727 0.073179 0.084377
1 0.604549 0.374834 0.068014 0.092775
1 0.414228 0.517118 0.062863 0.087611
1 0.311715 0.600244 0.049232 0.073516
1 0.199992 0.679670 0.043534 0.069334
1 0.149696 0.718059 0.039261 0.071573
1 0.094680 0.754489 0.042644 0.079745
1 0.338997 0.542778 0.044870 0.066055
1 0.469814 0.427584 0.065258 0.095274
1 0.416682 0.886995 0.173748 0.135707
0 0.493864 0.656050 0.114386 0.096327
0 0.780671 0.440831 0.097297 0.068197
0 0.153700 0.788735 0.059920 0.069411
0 0.283039 0.704242 0.052017 0.065435
0 0.428629 0.620670 0.080485 0.074669
0 0.621642 0.443562 0.049908 0.033752
0 0.776492 0.278437 0.065018 0.035139
0 0.741428 0.308272 0.058518 0.026750
0 0.696037 0.335904 0.054925 0.027662
0 0.571896 0.431100 0.068810 0.036340
0 0.516587 0.466796 0.064462 0.051099
0 0.471749 0.496378 0.053286 0.047167
0 0.370114 0.581791 0.061573 0.050747
0 0.264409 0.659832 0.070119 0.075553
0 0.042157 0.810234 0.062856 0.066307
0 0.030945 0.734141 0.040531 0.041058
0 0.068683 0.713954 0.039109 0.048428
0 0.108327 0.687377 0.039496 0.048451
0 0.147019 0.663672 0.040850 0.051532
0 0.185499 0.637555 0.040868 0.042769
0 0.223228 0.610480 0.049956 0.040415
0 0.264818 0.580577 0.050387 0.038690
0 0.296411 0.552160 0.039556 0.034167
0 0.377068 0.499347 0.046363 0.035403
0 0.412776 0.468067 0.046040 0.024516
0 0.038909 0.709782 0.038358 0.035585
0 0.075010 0.685773 0.034069 0.034291
0 0.109112 0.663158 0.035715 0.042942
0 0.145961 0.637816 0.034722 0.042759
0 0.183147 0.616057 0.038714 0.042711
0 0.216595 0.591167 0.039350 0.035578
0 0.250278 0.566625 0.044278 0.040263
0 0.285272 0.538754 0.042086 0.036393
0 0.317549 0.514516 0.040231 0.031112
0 0.355878 0.486884 0.040362 0.033656
0 0.389092 0.463452 0.041131 0.027358
0 0.024678 0.690685 0.040100 0.046208
0 0.056377 0.670859 0.025696 0.038416
0 0.084950 0.651533 0.025804 0.036676
0 0.115559 0.628267 0.026271 0.036957
0 0.145915 0.609054 0.027995 0.043534
0 0.174950 0.590462 0.037458 0.040121
0 0.201109 0.572129 0.035884 0.036677
0 0.287886 0.506291 0.041542 0.026698
0 0.322112 0.486806 0.038001 0.022795
0 0.350763 0.467222 0.035003 0.022386
0 0.379142 0.446877 0.037420 0.019340
0 0.515416 0.394377 0.055203 0.027333
0 0.284437 0.591486 0.026349 0.033855
0 0.376229 0.522170 0.030673 0.039517
0 0.056165 0.756394 0.039947 0.050678
0 0.103754 0.706825 0.035108 0.033888
