1 0.581099 0.884266 0.127864 0.079113
1 0.039227 0.356881 0.045647 0.176020
1 0.128652 0.432478 0.087097 0.184489
1 0.235640 0.493728 0.087642 0.202744
1 0.354437 0.576170 0.105100 0.201484
1 0.574788 0.722267 0.122227 0.206177
1 0.672322 0.765330 0.105889 0.193288
1 0.765732 0.791441 0.109564 0.183492
1 0.140122 0.325225 0.057722 0.088919
1 0.320955 0.465469 0.073803 0.126161
1 0.520927 0.570913 0.087116 0.142675
1 0.606705 0.613660 0.097831 0.146562
1 0.780288 0.712097 0.103103 0.138641
1 0.865823 0.780997 0.080765 0.159159
1 0.712991 0.571076 0.100193 0.159369
1 0.443001 0.413892 0.084378 0.154788
1 0.300180 0.322720 0.063917 0.110886
1 0.146949 0.211177 0.055517 0.107240
1 0.076665 0.169591 0.058082 0.101515
1 0.360374 0.292847 0.065763 0.106337
1 0.538430 0.385123 0.083486 0.176062
0 0.471204 0.687107 0.123875 0.186745
0 0.056161 0.269788 0.073624 0.096785
0 0.225897 0.385734 0.063757 0.066214
0 0.427153 0.548515 0.064698 0.118153
0 0.696164 0.679472 0.063065 0.062609
0 0.934462 0.753415 0.083906 0.074086
0 0.884235 0.726080 0.073289 0.070549
0 0.824046 0.679772 0.069570 0.064250
0 0.650242 0.576293 0.083506 0.089692
0 0.577115 0.519335 0.080918 0.077251
0 0.514880 0.480598 0.066857 0.063937
0 0.371822 0.397801 0.071518 0.088334
0 0.226308 0.297950 0.083028 0.107594
0 0.070493 0.080267 0.023016 0.040413
0 0.100790 0.107023 0.064707 0.070282
0 0.152987 0.139963 0.054205 0.067019
0 0.206541 0.173647 0.059611 0.067672
0 0.263333 0.211932 0.060394 0.067577
0 0.309023 0.234593 0.049004 0.049043
0 0.417919 0.311977 0.057843 0.056456
0 0.468154 0.341133 0.056232 0.059106
0 0.078256 0.051853 0.024480 0.041110
0 0.111801 0.075591 0.054886 0.053064
0 0.158613 0.111389 0.055154 0.053795
0 0.207688 0.139460 0.046884 0.058220
0 0.252563 0.175654 0.051393 0.063618
0 0.302390 0.202723 0.051148 0.054673
0 0.348271 0.227884 0.047424 0.055965
0 0.399252 0.266592 0.050703 0.048277
0 0.446077 0.293462 0.050696 0.051643
0 0.090254 0.019076 0.030337 0.038151
0 0.124630 0.038735 0.047671 0.052272
0 0.161561 0.070109 0.044590 0.063644
0 0.201865 0.088956 0.040572 0.054269
0 0.320471 0.168565 0.045249 0.067165
0 0.364927 0.205818 0.042785 0.057928
0 0.404508 0.231041 0.040842 0.049749
0 0.443829 0.255733 0.045938 0.047450
0 0.610571 0.429923 0.067046 0.071821
0 0.279139 0.262043 0.036219 0.032404
0 0.407767 0.340644 0.045311 0.033095
