1 0.961141 0.541537 0.077717 0.147380
1 0.746531 0.867635 0.099444 0.231348
1 0.626323 0.919785 0.115157 0.160429
1 0.956602 0.221101 0.067698 0.127068
1 0.891145 0.317123 0.088192 0.178835
1 0.815433 0.416177 0.084084 0.190137
1 0.737167 0.531622 0.075689 0.193256
1 0.587372 0.744581 0.087939 0.204586
1 0.519465 0.817161 0.064247 0.192359
1 0.455856 0.884046 0.076742 0.207655
1 0.352019 0.983026 0.052506 0.033948
1 0.861568 0.230666 0.049115 0.079293
1 0.746455 0.416679 0.060371 0.103845
1 0.607807 0.588659 0.071626 0.132561
1 0.544878 0.653738 0.068557 0.143044
1 0.425671 0.812903 0.069580 0.151300
1 0.371440 0.898389 0.055255 0.153561
1 0.450740 0.664062 0.080835 0.151048
1 0.634411 0.425639 0.069580 0.146310
1 0.732641 0.292464 0.053208 0.107543
1 0.837011 0.150227 0.051162 0.079290
1 0.682503 0.290186 0.053208 0.103271
1 0.554087 0.443500 0.072650 0.164724
0 0.864350 0.692159 0.106433 0.215705
0 0.672448 0.665110 0.074486 0.206033
0 0.407093 0.971550 0.037659 0.056900
0 0.912589 0.161657 0.045663 0.076058
0 0.808280 0.314428 0.049837 0.080997
0 0.677698 0.531382 0.037930 0.124878
0 0.484965 0.747207 0.039362 0.074474
0 0.301801 0.912962 0.065107 0.116305
0 0.338629 0.873242 0.048740 0.106850
0 0.382900 0.800295 0.043529 0.081681
0 0.502501 0.644006 0.049856 0.108573
0 0.550268 0.567008 0.050149 0.097116
0 0.592774 0.509634 0.041414 0.080332
0 0.691669 0.382983 0.040507 0.102634
0 0.793415 0.241938 0.062485 0.121629
0 0.783302 0.137839 0.038552 0.062945
0 0.743996 0.183847 0.037044 0.080793
0 0.711097 0.221129 0.032201 0.060706
0 0.638393 0.329562 0.035614 0.070455
0 0.603682 0.374104 0.033818 0.072030
0 0.770467 0.118901 0.022768 0.031457
0 0.744220 0.149147 0.035315 0.073870
0 0.710191 0.191778 0.030587 0.066280
0 0.678421 0.231230 0.027783 0.065871
0 0.644717 0.284071 0.031448 0.060744
0 0.612303 0.325333 0.030802 0.063561
0 0.689083 0.170410 0.023717 0.074381
0 0.660661 0.219419 0.023266 0.065657
0 0.633740 0.256399 0.023265 0.058028
0 0.606925 0.292831 0.027787 0.058144
0 0.506440 0.505518 0.040065 0.087011
0 0.739281 0.228487 0.024526 0.034321
0 0.650701 0.343856 0.032584 0.034568
