1 0.566267 0.853275 0.180168 0.173770
1 0.681727 0.655001 0.205198 0.205343
1 0.780855 0.491572 0.203799 0.132115
1 0.890367 0.325740 0.178094 0.175173
1 0.927849 0.169754 0.121298 0.145392
1 0.292552 0.926382 0.103735 0.102733
0 0.379434 0.847906 0.111030 0.108167
1 0.540792 0.575603 0.116440 0.144855
1 0.599711 0.463691 0.110010 0.104624
1 0.648972 0.360290 0.107712 0.131482
1 0.782504 0.176829 0.114710 0.124994
1 0.323978 0.831434 0.083780 0.104596
1 0.448692 0.604301 0.070319 0.121073
1 0.504531 0.502191 0.080408 0.112362
1 0.626197 0.305559 0.094257 0.115158
1 0.830937 0.032484 0.081683 0.064968
1 0.686032 0.220655 0.086857 0.093214
1 0.534860 0.342014 0.084440 0.135041
1 0.348840 0.640976 0.077469 0.117428
1 0.249654 0.801805 0.061328 0.089245
1 0.138133 0.957525 0.054326 0.058704
1 0.265390 0.717703 0.057445 0.088920
1 0.389283 0.506846 0.087832 0.123220
0 0.463309 0.741314 0.129561 0.121927
0 0.749403 0.271317 0.110139 0.101543
0 0.238887 0.931164 0.055173 0.084686
0 0.396677 0.709908 0.110196 0.133179
0 0.570172 0.403687 0.051981 0.063247
0 0.709954 0.111836 0.066838 0.086314
0 0.676420 0.169550 0.061280 0.072684
0 0.630570 0.233422 0.057124 0.069974
0 0.509815 0.428730 0.073406 0.079473
0 0.453842 0.506082 0.067412 0.080481
0 0.409953 0.574962 0.055740 0.067358
0 0.311474 0.737646 0.067302 0.065168
0 0.206302 0.902628 0.078044 0.105325
0 0.079867 0.971617 0.034221 0.038120
0 0.111086 0.937612 0.046349 0.069545
0 0.148234 0.881031 0.053804 0.063491
0 0.189414 0.817340 0.054133 0.060476
0 0.219410 0.762801 0.041694 0.053650
0 0.299900 0.644521 0.048663 0.057087
0 0.334513 0.587800 0.048934 0.053980
0 0.066362 0.962504 0.038558 0.058428
0 0.103744 0.918677 0.041422 0.070208
0 0.136046 0.866822 0.043365 0.055963
0 0.170435 0.815265 0.048417 0.059207
0 0.204054 0.759972 0.044860 0.050171
0 0.235102 0.708512 0.043624 0.045416
0 0.273738 0.653181 0.042190 0.050475
0 0.305883 0.600200 0.043483 0.049257
0 0.030018 0.973894 0.029823 0.040213
0 0.059105 0.939049 0.032661 0.065228
0 0.088603 0.899038 0.042926 0.060348
0 0.113456 0.859061 0.039781 0.048886
0 0.199324 0.722418 0.046922 0.038234
0 0.234362 0.677259 0.042219 0.036417
0 0.262500 0.633375 0.038166 0.036756
0 0.290313 0.589650 0.039654 0.044399
0 0.435000 0.429198 0.058863 0.063876
0 0.214379 0.811162 0.025969 0.040979
0 0.303611 0.666610 0.028642 0.054834
