1 0.944762 0.741432 0.096754 0.203857
1 0.814309 0.816907 0.094433 0.161150
1 0.540994 0.899450 0.160126 0.181549
1 0.417292 0.871525 0.161289 0.242562
1 0.301976 0.912206 0.142727 0.165603
1 0.183724 0.936934 0.142935 0.121064
1 0.097037 0.941013 0.129983 0.116100
1 0.981680 0.499409 0.027672 0.123460
1 0.920875 0.524833 0.075478 0.138622
1 0.820110 0.557500 0.063598 0.121423
1 0.737681 0.572434 0.078811 0.137527
1 0.644396 0.603970 0.084309 0.133921
1 0.467732 0.653523 0.102653 0.134625
1 0.393386 0.663120 0.091588 0.124020
1 0.323214 0.670569 0.091205 0.143139
1 0.185426 0.723620 0.096301 0.111347
1 0.035477 0.750562 0.056140 0.081228
1 0.973838 0.436992 0.043993 0.075473
1 0.825191 0.474588 0.041052 0.065186
1 0.678452 0.535672 0.055025 0.095476
1 0.520687 0.564795 0.066308 0.105621
1 0.458166 0.571593 0.080140 0.100224
1 0.318487 0.596621 0.084070 0.082799
1 0.093065 0.691117 0.081303 0.095521
1 0.252397 0.631193 0.067913 0.105212
1 0.382400 0.511986 0.073293 0.108626
1 0.595447 0.463068 0.061502 0.106812
1 0.708012 0.430852 0.045998 0.077215
1 0.827345 0.388349 0.040977 0.072441
1 0.883354 0.375213 0.041632 0.070174
1 0.940857 0.358520 0.048763 0.078504
1 0.664706 0.396263 0.048037 0.069863
1 0.524301 0.416148 0.065800 0.119677
0 0.682790 0.860268 0.149000 0.190813
0 0.549448 0.660387 0.107342 0.106911
0 0.235022 0.738783 0.091372 0.094135
0 0.896199 0.455831 0.063931 0.061384
0 0.755998 0.500238 0.052619 0.040491
0 0.593966 0.568777 0.057876 0.071147
0 0.385169 0.596926 0.051456 0.044928
0 0.196554 0.592717 0.083177 0.043147
0 0.236275 0.587540 0.067829 0.044703
0 0.291108 0.564553 0.056713 0.029879
0 0.427778 0.532251 0.069179 0.045198
0 0.486460 0.510619 0.066185 0.040470
0 0.535547 0.493555 0.054694 0.034990
0 0.647830 0.471056 0.060260 0.047261
0 0.761815 0.433643 0.067201 0.059728
0 0.980286 0.367995 0.028798 0.041268
0 0.978619 0.280750 0.014122 0.021705
0 0.955596 0.290404 0.047255 0.033230
0 0.912969 0.307759 0.047616 0.039408
0 0.872540 0.324218 0.048280 0.041843
0 0.830998 0.335276 0.040512 0.038449
0 0.788853 0.346979 0.049704 0.034971
0 0.743802 0.360854 0.050271 0.034700
0 0.708273 0.365974 0.040280 0.023857
0 0.621541 0.395530 0.047420 0.027096
0 0.582105 0.404307 0.046471 0.029477
0 0.971647 0.258945 0.022942 0.021403
0 0.943183 0.271671 0.039315 0.027737
0 0.906647 0.285822 0.042707 0.036766
0 0.867196 0.298458 0.041112 0.029420
0 0.829164 0.312050 0.042347 0.028542
0 0.790327 0.321063 0.038152 0.031696
0 0.754897 0.336680 0.043315 0.034066
0 0.715944 0.344012 0.042349 0.027488
0 0.680055 0.350939 0.039730 0.029401
0 0.639232 0.366616 0.041460 0.022853
0 0.602500 0.374570 0.041751 0.025354
0 0.956796 0.238101 0.032595 0.029271
0 0.926033 0.249888 0.032286 0.024808
0 0.892282 0.259039 0.029526 0.030970
0 0.860741 0.267282 0.034633 0.031909
0 0.829712 0.280989 0.035806 0.037113
0 0.799731 0.285299 0.034551 0.029897
0 0.705676 0.314020 0.039118 0.038274
0 0.669770 0.330290 0.036497 0.032047
0 0.638500 0.338876 0.034352 0.026473
0 0.607468 0.347135 0.037890 0.023460
0 0.469765 0.432457 0.055526 0.038720
0 0.728179 0.396056 0.028664 0.025175
0 0.627065 0.421963 0.034982 0.027008
0 0.971247 0.322541 0.036980 0.042265
0 0.922543 0.322041 0.036430 0.032682
