1 0.157238 0.933543 0.105219 0.100522
1 0.075195 0.725938 0.060289 0.144546
1 0.164066 0.754807 0.068619 0.148503
1 0.275265 0.784778 0.080975 0.128780
1 0.365574 0.795790 0.097080 0.146637
1 0.469978 0.824914 0.099536 0.142285
1 0.663468 0.867931 0.119273 0.143925
1 0.741838 0.876264 0.109229 0.133021
1 0.814608 0.879425 0.105111 0.152388
1 0.956561 0.926303 0.086878 0.113048
1 0.086813 0.662519 0.059379 0.080720
1 0.258842 0.694499 0.045163 0.070403
1 0.420485 0.753346 0.058074 0.103628
1 0.593343 0.776704 0.070632 0.114513
1 0.656655 0.779722 0.091619 0.107013
1 0.812163 0.798201 0.095013 0.087216
1 0.883804 0.833321 0.080868 0.111674
1 0.730112 0.710497 0.077624 0.115918
1 0.498809 0.668989 0.065641 0.114223
1 0.376414 0.640107 0.052442 0.082699
1 0.243595 0.600908 0.046671 0.077184
1 0.183103 0.589683 0.042709 0.075065
1 0.118390 0.574784 0.047617 0.084255
1 0.415887 0.600583 0.049850 0.074072
1 0.570240 0.613903 0.073153 0.127651
0 0.574112 0.881592 0.128221 0.110346
0 0.917592 0.948451 0.109097 0.098806
0 0.179317 0.678442 0.066990 0.063735
0 0.333560 0.718982 0.060156 0.046135
0 0.514423 0.784356 0.070993 0.074199
0 0.738887 0.802973 0.058188 0.048752
0 0.907137 0.761003 0.076240 0.034017
0 0.861733 0.756221 0.068063 0.033199
0 0.834051 0.763334 0.064079 0.030718
0 0.685101 0.734658 0.079369 0.046371
0 0.619812 0.716085 0.075023 0.042743
0 0.566147 0.698005 0.062008 0.037295
0 0.444011 0.680995 0.070223 0.048055
0 0.318341 0.646698 0.079280 0.061238
0 0.065298 0.582782 0.054002 0.054206
0 0.053584 0.488089 0.042152 0.032829
0 0.094034 0.501795 0.048964 0.034677
0 0.141107 0.518090 0.049396 0.041041
0 0.186007 0.533732 0.049677 0.043539
0 0.232765 0.543439 0.045781 0.039702
0 0.277814 0.553861 0.057369 0.035270
0 0.327358 0.566423 0.057931 0.034943
0 0.365628 0.569989 0.045875 0.023701
0 0.461401 0.597270 0.053870 0.026825
0 0.504306 0.604599 0.053194 0.029471
0 0.061427 0.465913 0.046668 0.027868
0 0.104270 0.480484 0.041755 0.028877
0 0.144645 0.493821 0.044391 0.038424
0 0.188084 0.505447 0.042492 0.030156
0 0.231575 0.517965 0.046317 0.028966
0 0.272685 0.525725 0.044704 0.032356
0 0.312297 0.540727 0.050490 0.034646
0 0.354492 0.546509 0.048562 0.027538
0 0.393391 0.552023 0.046056 0.029769
0 0.438713 0.566051 0.046984 0.024013
0 0.478645 0.573372 0.047636 0.025248
0 0.051884 0.432166 0.041618 0.031062
0 0.085263 0.444825 0.032922 0.031198
0 0.119210 0.455842 0.032844 0.025993
0 0.156060 0.463989 0.029544 0.032417
0 0.191012 0.471065 0.034520 0.033368
0 0.226137 0.484283 0.041742 0.038453
0 0.257816 0.487314 0.040650 0.030602
0 0.361217 0.513272 0.046632 0.039464
0 0.401421 0.528958 0.043003 0.032832
0 0.435665 0.536540 0.039967 0.026884
0 0.469614 0.543780 0.043293 0.023404
0 0.627138 0.628517 0.063687 0.039792
0 0.347996 0.603769 0.031448 0.028256
0 0.458161 0.626395 0.037392 0.030338
0 0.075297 0.536167 0.050151 0.047713
0 0.133543 0.534224 0.039772 0.033723
