1 0.921962 0.940890 0.117591 0.118220
1 0.787729 0.979588 0.078281 0.040823
1 0.415581 0.957981 0.119326 0.084038
1 0.960924 0.740067 0.064984 0.129777
1 0.883809 0.759212 0.076553 0.130859
1 0.786772 0.777170 0.062012 0.111518
1 0.705300 0.778682 0.074919 0.128064
1 0.614667 0.796599 0.080949 0.123416
1 0.442236 0.820809 0.098920 0.132413
1 0.369103 0.822383 0.087734 0.119177
1 0.299851 0.816649 0.088048 0.132697
1 0.166066 0.848292 0.092718 0.103020
1 0.032207 0.842452 0.028384 0.048380
1 0.939896 0.680904 0.056534 0.070908
1 0.788193 0.695292 0.041020 0.062987
1 0.645778 0.736190 0.054395 0.093554
1 0.491665 0.743739 0.065089 0.103176
1 0.429622 0.739311 0.077624 0.093707
1 0.293819 0.741740 0.081510 0.074385
1 0.074266 0.804352 0.079398 0.087331
1 0.229001 0.770663 0.065427 0.099002
1 0.353952 0.669384 0.072766 0.101397
1 0.561951 0.650921 0.061110 0.100315
1 0.671877 0.634831 0.045839 0.072841
1 0.788714 0.610800 0.040600 0.067353
1 0.843338 0.605373 0.041412 0.066542
1 0.899153 0.597492 0.048939 0.074502
1 0.628718 0.595723 0.047707 0.064339
1 0.491684 0.594365 0.064128 0.111560
0 0.522020 0.840293 0.102787 0.090278
0 0.214963 0.870738 0.087503 0.083677
0 0.857537 0.687854 0.063225 0.052796
0 0.720955 0.711889 0.050888 0.045238
0 0.563438 0.756112 0.055074 0.062026
0 0.358859 0.753337 0.049882 0.043992
0 0.173321 0.725521 0.080735 0.036441
0 0.212273 0.723244 0.065537 0.034450
0 0.265590 0.710299 0.054988 0.025193
0 0.399122 0.693886 0.066851 0.039185
0 0.456208 0.683914 0.064128 0.040887
0 0.504137 0.670431 0.052992 0.032549
0 0.613886 0.666054 0.058030 0.040427
0 0.724985 0.646628 0.064534 0.049396
0 0.959288 0.608716 0.071182 0.048874
0 0.950108 0.524040 0.046008 0.027722
0 0.911877 0.533147 0.046643 0.029024
0 0.870344 0.543687 0.046988 0.034211
0 0.830999 0.554161 0.047719 0.036227
0 0.790515 0.559160 0.040026 0.032512
0 0.749345 0.564826 0.047967 0.027432
0 0.705411 0.572069 0.048532 0.027083
0 0.670614 0.572058 0.038988 0.017869
0 0.586105 0.589659 0.045924 0.021735
0 0.547561 0.591788 0.044930 0.022465
0 0.936909 0.502633 0.042706 0.023308
0 0.899137 0.512301 0.038616 0.024056
0 0.863543 0.521023 0.042127 0.032259
0 0.825080 0.528091 0.040599 0.024309
0 0.788302 0.535728 0.041344 0.022846
0 0.750130 0.539413 0.036695 0.025854
0 0.715699 0.549761 0.041710 0.027456
0 0.677592 0.549963 0.040929 0.023987
0 0.642488 0.553101 0.038304 0.023359
0 0.602756 0.560590 0.040173 0.020923
0 0.566849 0.565317 0.040396 0.019067
0 0.944508 0.472792 0.046945 0.027041
0 0.911662 0.481384 0.032331 0.027226
0 0.881683 0.488415 0.031981 0.021934
0 0.848727 0.492840 0.029355 0.027300
0 0.818009 0.496160 0.034438 0.028048
0 0.788111 0.505369 0.034827 0.031715
0 0.758458 0.506793 0.033201 0.027372
0 0.666729 0.520280 0.037476 0.032220
0 0.631847 0.531205 0.035059 0.026440
0 0.601326 0.535199 0.033093 0.021237
0 0.571030 0.538632 0.036649 0.018295
0 0.437874 0.602761 0.053661 0.032791
0 0.690819 0.604370 0.027968 0.027037
0 0.592020 0.615784 0.034315 0.029069
0 0.933684 0.566220 0.047952 0.040334
0 0.880098 0.559290 0.035849 0.027574
