1 0.947559 0.534536 0.101152 0.177763
1 0.858379 0.713736 0.078735 0.133712
1 0.650133 0.957010 0.091829 0.085980
1 0.941928 0.285281 0.087867 0.162474
1 0.877497 0.383845 0.099788 0.169731
1 0.793498 0.505161 0.082153 0.168151
1 0.720822 0.598296 0.078129 0.178778
0 0.659944 0.723409 0.061534 0.165171
1 0.501746 0.905449 0.083960 0.189101
1 0.436930 0.942445 0.061755 0.115109
1 0.375728 0.970295 0.063060 0.059411
1 0.897145 0.254975 0.055458 0.094401
1 0.773959 0.423868 0.060192 0.074556
1 0.655768 0.616518 0.055869 0.133140
1 0.522962 0.760474 0.067325 0.124642
1 0.463237 0.825987 0.065650 0.128051
1 0.348628 0.950095 0.066245 0.099810
1 0.374226 0.831372 0.076530 0.142024
1 0.550819 0.601629 0.065465 0.126441
1 0.644941 0.481974 0.050251 0.101118
1 0.745257 0.338007 0.047834 0.095009
1 0.790923 0.279178 0.050791 0.087583
1 0.837603 0.213969 0.057747 0.093793
1 0.597591 0.479833 0.050363 0.097101
1 0.474754 0.623987 0.068143 0.154883
1 0.756694 0.845254 0.110335 0.224775
0 0.581610 0.832358 0.071381 0.193724
0 0.826225 0.341966 0.063564 0.105547
0 0.715521 0.502626 0.046691 0.076158
0 0.596318 0.696674 0.048635 0.137307
0 0.405082 0.909550 0.038127 0.070025
0 0.308370 0.959466 0.042154 0.076801
0 0.423145 0.812514 0.048512 0.102086
0 0.469208 0.740116 0.048611 0.091314
0 0.510027 0.686170 0.040146 0.075533
0 0.604892 0.567086 0.039636 0.096502
0 0.702721 0.434467 0.058834 0.114362
0 0.878965 0.190147 0.038417 0.035955
0 0.793936 0.188760 0.046013 0.061486
0 0.762006 0.236581 0.047640 0.070546
0 0.728477 0.282218 0.039781 0.069404
0 0.694665 0.328307 0.037008 0.075745
0 0.656872 0.379847 0.035555 0.075966
0 0.625581 0.414901 0.030535 0.057079
0 0.555658 0.516856 0.034544 0.066246
0 0.522360 0.558737 0.032882 0.067727
0 0.779024 0.177493 0.038023 0.046934
0 0.748480 0.215389 0.040107 0.056457
0 0.718938 0.262673 0.040222 0.059122
0 0.688358 0.302169 0.031860 0.062801
0 0.657926 0.347220 0.033362 0.069457
0 0.625234 0.387303 0.029758 0.062321
0 0.594578 0.424399 0.026717 0.061936
0 0.562298 0.474083 0.030481 0.057115
0 0.531209 0.512880 0.029918 0.059764
0 0.756955 0.164476 0.028555 0.031499
0 0.733154 0.191970 0.036864 0.051310
0 0.709478 0.230769 0.034126 0.065028
0 0.685556 0.259847 0.027565 0.058020
0 0.605841 0.367212 0.023207 0.069937
0 0.578273 0.413293 0.022869 0.061735
0 0.552410 0.448064 0.022751 0.054562
0 0.526656 0.482319 0.027001 0.054670
0 0.428975 0.682300 0.038981 0.081813
0 0.652001 0.421819 0.023571 0.032270
0 0.567001 0.530296 0.031146 0.032502
0 0.807162 0.191528 0.033902 0.059360
