1 0.333859 0.895172 0.172536 0.159355
1 0.238301 0.733244 0.189787 0.195476
1 0.157661 0.607245 0.177618 0.128340
1 0.070529 0.467737 0.141059 0.141955
1 0.042320 0.340974 0.084640 0.108695
1 0.581143 0.936045 0.090840 0.127910
0 0.505879 0.862975 0.096492 0.095069
1 0.367667 0.642306 0.101878 0.120612
1 0.317078 0.552466 0.096062 0.091937
1 0.274966 0.468037 0.094367 0.116299
1 0.159889 0.322476 0.099847 0.104719
1 0.056140 0.134618 0.046298 0.078542
1 0.682729 0.973489 0.039674 0.053022
1 0.554946 0.838034 0.073114 0.094552
1 0.448089 0.655331 0.061650 0.104219
1 0.400139 0.571755 0.069747 0.093444
1 0.295693 0.414355 0.081988 0.094774
1 0.114170 0.180792 0.081137 0.095226
1 0.244141 0.351364 0.075748 0.083703
1 0.375216 0.435244 0.073971 0.113408
1 0.535196 0.672200 0.067726 0.100753
1 0.620396 0.802243 0.053651 0.077273
1 0.716530 0.936302 0.047720 0.076394
1 0.757996 0.979074 0.042715 0.041852
1 0.607635 0.730571 0.050340 0.075565
1 0.501403 0.559658 0.077198 0.106806
0 0.433664 0.783459 0.112631 0.098832
0 0.187853 0.407219 0.095743 0.081177
0 0.628441 0.915418 0.047737 0.073686
1 0.492315 0.741994 0.095723 0.115558
0 0.343610 0.495103 0.044913 0.048616
0 0.224250 0.256071 0.057692 0.066949
0 0.253028 0.302474 0.052970 0.055643
0 0.292550 0.352547 0.049351 0.053843
0 0.396323 0.508513 0.063540 0.059900
0 0.444578 0.569086 0.058264 0.061677
0 0.482314 0.621988 0.048177 0.055545
0 0.566916 0.754988 0.058360 0.054891
0 0.657464 0.884810 0.067763 0.090138
0 0.805708 0.978089 0.037167 0.043821
0 0.772434 0.947217 0.039922 0.069196
0 0.740591 0.902509 0.040297 0.057678
0 0.708636 0.857578 0.046605 0.053011
0 0.673196 0.807699 0.046881 0.049445
0 0.647470 0.763241 0.036058 0.044799
0 0.578157 0.670858 0.042071 0.046136
0 0.548420 0.624240 0.042345 0.040822
0 0.835578 0.990018 0.018458 0.019963
0 0.809553 0.966056 0.033083 0.059058
0 0.779470 0.923159 0.033477 0.058009
0 0.747281 0.884258 0.035909 0.058108
0 0.719515 0.843061 0.037626 0.046714
0 0.689848 0.802153 0.041985 0.050099
0 0.660986 0.757879 0.038828 0.043041
0 0.634329 0.717459 0.037805 0.037800
0 0.601031 0.672556 0.036464 0.041885
0 0.573418 0.631065 0.037613 0.037422
0 0.862912 0.987903 0.019110 0.024195
0 0.836865 0.967541 0.021547 0.048076
0 0.811855 0.929552 0.027283 0.046746
0 0.786228 0.896108 0.028482 0.054982
0 0.760775 0.864478 0.037347 0.050827
0 0.739459 0.832938 0.034530 0.042253
0 0.665564 0.722858 0.040783 0.029622
0 0.635330 0.689750 0.036653 0.027498
0 0.611130 0.654761 0.033089 0.028209
0 0.587214 0.619396 0.034307 0.033664
0 0.462018 0.497943 0.050949 0.048165
0 0.651327 0.805950 0.022341 0.035974
0 0.574648 0.691000 0.024530 0.046974
0 0.798552 0.993247 0.017268 0.013506
