1 0.060391 0.575289 0.078161 0.221243
1 0.167421 0.730930 0.094965 0.196411
1 0.439991 0.925479 0.123449 0.149041
1 0.566088 0.947071 0.117853 0.105857
1 0.028330 0.313172 0.028150 0.104828
1 0.086481 0.380301 0.089270 0.166328
1 0.187217 0.475007 0.068166 0.160029
1 0.275375 0.548020 0.074124 0.172660
1 0.372231 0.637336 0.085710 0.173742
1 0.553800 0.799810 0.101632 0.181211
1 0.633082 0.852616 0.088684 0.170164
1 0.708764 0.895446 0.090907 0.172281
1 0.831774 0.979086 0.060546 0.041827
1 0.044836 0.259169 0.037352 0.083423
1 0.194201 0.391629 0.046212 0.071909
1 0.343330 0.537738 0.059696 0.099685
1 0.507204 0.663910 0.070702 0.120882
1 0.576198 0.714049 0.080860 0.125192
1 0.719065 0.830164 0.085124 0.128732
1 0.788808 0.899298 0.067176 0.137696
1 0.661332 0.702358 0.080703 0.135312
1 0.440128 0.522939 0.067911 0.131095
1 0.323147 0.421275 0.051302 0.095177
1 0.197984 0.301460 0.044805 0.091565
1 0.140051 0.254235 0.046145 0.085422
1 0.081582 0.201253 0.055699 0.092481
1 0.371457 0.408215 0.052954 0.092335
1 0.517070 0.520259 0.067889 0.149741
0 0.306023 0.852815 0.136907 0.261941
0 0.468938 0.746568 0.103795 0.174518
0 0.773967 0.974676 0.044895 0.050647
0 0.120401 0.324525 0.069458 0.096020
0 0.264839 0.455815 0.052791 0.065860
0 0.430503 0.626660 0.054646 0.107672
0 0.650070 0.784057 0.052076 0.059744
0 0.843738 0.892255 0.069158 0.075349
0 0.802694 0.860699 0.060566 0.071247
0 0.753200 0.811508 0.057435 0.065453
0 0.610916 0.693697 0.069206 0.088639
0 0.550768 0.633374 0.066857 0.078149
0 0.499783 0.589839 0.055242 0.064657
0 0.382720 0.494774 0.059514 0.085144
0 0.264001 0.385986 0.067830 0.102014
0 0.076786 0.120817 0.042663 0.047847
0 0.116563 0.165917 0.051342 0.060269
0 0.158058 0.207653 0.052347 0.064421
0 0.200908 0.244547 0.043868 0.062567
0 0.244758 0.281965 0.049480 0.066196
0 0.291345 0.324046 0.050109 0.066278
0 0.328653 0.351376 0.040536 0.049138
0 0.418065 0.435247 0.047818 0.056852
0 0.459174 0.468696 0.046575 0.058654
0 0.087875 0.110971 0.041704 0.042517
0 0.125519 0.148085 0.045987 0.054743
0 0.166277 0.184362 0.044441 0.050341
0 0.204773 0.223225 0.044668 0.052041
0 0.245259 0.254987 0.038425 0.055690
0 0.281897 0.292811 0.042769 0.061298
0 0.322633 0.324504 0.042383 0.054080
0 0.360148 0.353877 0.039409 0.054368
0 0.402060 0.395129 0.041889 0.048865
0 0.440372 0.426061 0.041955 0.051561
0 0.080291 0.067332 0.028508 0.036886
0 0.108386 0.099268 0.035272 0.036215
0 0.143446 0.128548 0.032668 0.045567
0 0.175906 0.157814 0.038341 0.047296
0 0.206617 0.190466 0.036682 0.058947
0 0.239201 0.213156 0.033850 0.051634
0 0.336487 0.300760 0.037892 0.062907
0 0.373108 0.339537 0.035711 0.055010
0 0.405546 0.367694 0.033972 0.048066
0 0.437763 0.395374 0.038032 0.047246
0 0.575848 0.568435 0.055560 0.071014
0 0.305052 0.364538 0.029695 0.027561
0 0.410345 0.452433 0.036938 0.028116
0 0.060426 0.149630 0.025701 0.042339
0 0.105072 0.173841 0.038898 0.053452
