0 0.363220 0.971059 0.100157 0.057882
1 0.146796 0.755407 0.147093 0.165991
1 0.067556 0.653697 0.135111 0.145853
1 0.029118 0.558929 0.058236 0.158455
1 0.431415 0.938096 0.103719 0.123809
1 0.256497 0.742880 0.089412 0.142290
1 0.180814 0.642364 0.103708 0.113740
1 0.036435 0.470408 0.072871 0.108817
1 0.128105 0.466871 0.101785 0.141112
1 0.381531 0.721461 0.094738 0.131453
1 0.517657 0.867547 0.074639 0.108091
1 0.670114 0.979481 0.060613 0.041038
1 0.488642 0.777814 0.069075 0.098590
1 0.316745 0.581716 0.103361 0.142375
0 0.272593 0.906364 0.131242 0.107558
0 0.530345 0.986603 0.044543 0.026794
0 0.333449 0.842248 0.140787 0.154376
0 0.092138 0.562683 0.068770 0.050996
0 0.019500 0.393286 0.039000 0.042805
0 0.166467 0.558969 0.095993 0.055690
0 0.241574 0.621194 0.089010 0.075588
0 0.301457 0.676612 0.073588 0.071645
0 0.436513 0.825629 0.086990 0.075598
0 0.578838 0.953601 0.100012 0.092799
0 0.743728 0.980009 0.051280 0.039982
0 0.696387 0.954397 0.058874 0.069695
0 0.645851 0.905864 0.070037 0.065078
0 0.589988 0.852129 0.070549 0.061617
0 0.548423 0.802607 0.054842 0.055008
0 0.439662 0.706361 0.064139 0.055040
0 0.392202 0.652621 0.064105 0.038430
0 0.793960 0.988018 0.032162 0.023965
0 0.753247 0.965264 0.049427 0.069472
0 0.702710 0.924992 0.053636 0.069867
0 0.658563 0.880433 0.055833 0.057313
0 0.612619 0.836347 0.062569 0.063412
0 0.566313 0.787424 0.058687 0.056141
0 0.523576 0.743875 0.056601 0.048522
0 0.471629 0.694843 0.055720 0.053010
0 0.427518 0.652444 0.057112 0.041898
0 0.837631 0.985927 0.029034 0.028147
0 0.798816 0.959995 0.038849 0.058603
0 0.758055 0.924738 0.040643 0.068988
0 0.718701 0.891005 0.054262 0.063662
0 0.684273 0.857558 0.051074 0.055991
0 0.567753 0.739037 0.059716 0.040010
0 0.521003 0.704375 0.054150 0.034258
0 0.482676 0.668103 0.049389 0.033982
0 0.444752 0.629064 0.052023 0.033489
0 0.255110 0.516264 0.076992 0.047053
0 0.559889 0.861281 0.035310 0.050096
0 0.437716 0.737074 0.040030 0.061085
