1 0.931302 0.968725 0.086552 0.062551
1 0.983545 0.920305 0.032910 0.097158
1 0.810232 0.957976 0.073360 0.084048
1 0.213260 0.956719 0.101679 0.086562
1 0.491774 0.921296 0.086656 0.124075
1 0.638774 0.893541 0.065620 0.104587
1 0.796433 0.842348 0.057035 0.097715
1 0.868846 0.827424 0.059526 0.094956
1 0.942187 0.807818 0.071649 0.106509
1 0.576976 0.844192 0.067542 0.093869
1 0.393836 0.863082 0.085673 0.161570
0 0.895911 0.939055 0.088277 0.081118
0 0.715793 0.981653 0.063780 0.036694
0 0.292328 0.993700 0.058029 0.012599
0 0.356147 0.982512 0.078302 0.034977
0 0.417668 0.969135 0.068890 0.047212
0 0.564893 0.945808 0.073759 0.061430
0 0.714591 0.900955 0.085430 0.078146
0 0.987738 0.825337 0.024524 0.052281
0 0.985010 0.701118 0.029980 0.034926
0 0.951352 0.715521 0.064702 0.044089
0 0.896252 0.736716 0.065129 0.052202
0 0.844280 0.757006 0.066497 0.055389
0 0.790541 0.769830 0.055707 0.050589
0 0.735422 0.783551 0.061459 0.045164
0 0.676957 0.800027 0.062264 0.044760
0 0.629948 0.805028 0.050501 0.030448
0 0.517832 0.840651 0.059605 0.034487
0 0.466133 0.850450 0.057959 0.037808
0 0.976268 0.669973 0.047463 0.035435
0 0.931407 0.688889 0.052685 0.036733
0 0.884211 0.706221 0.058316 0.048838
0 0.833074 0.721414 0.056410 0.038483
0 0.784868 0.737767 0.056687 0.037042
0 0.734311 0.748066 0.048260 0.041327
0 0.688142 0.767480 0.053004 0.044287
0 0.636869 0.775323 0.052722 0.035313
0 0.589655 0.782785 0.048902 0.038088
0 0.537158 0.801275 0.052243 0.030404
0 0.488970 0.810799 0.052248 0.032418
0 0.977782 0.627313 0.044437 0.039332
0 0.944538 0.643717 0.045585 0.039494
0 0.904745 0.658061 0.044891 0.033020
0 0.860694 0.668788 0.041705 0.041189
0 0.820010 0.678186 0.048954 0.042407
0 0.781925 0.695277 0.045920 0.048963
0 0.740509 0.699517 0.041858 0.039064
0 0.618411 0.733575 0.046705 0.050300
0 0.572621 0.753858 0.044143 0.041904
0 0.531879 0.763860 0.042120 0.034375
0 0.491406 0.773428 0.047347 0.030039
0 0.319544 0.882295 0.069110 0.050753
0 0.660567 0.847348 0.037283 0.035403
0 0.528186 0.877275 0.046609 0.038005
0 0.975642 0.759400 0.048716 0.058916
0 0.911199 0.756905 0.049223 0.042976
