1 0.089241 0.833531 0.100723 0.191807
1 0.238870 0.914609 0.099086 0.145830
1 0.502428 0.961219 0.132472 0.077563
1 0.636431 0.932431 0.142307 0.135139
1 0.743125 0.974753 0.098195 0.050493
1 0.038031 0.594912 0.023552 0.121280
1 0.099196 0.616032 0.070541 0.145950
1 0.211289 0.655387 0.072764 0.128340
1 0.297821 0.673030 0.089656 0.145062
0 0.391020 0.741950 0.103425 0.096092
1 0.584357 0.764070 0.112519 0.141855
1 0.661090 0.775325 0.102061 0.131319
1 0.732804 0.779988 0.099460 0.141810
1 0.880617 0.843263 0.105813 0.117548
1 0.043438 0.526425 0.038993 0.078424
1 0.194563 0.568654 0.052163 0.068412
1 0.362370 0.636983 0.070814 0.102967
1 0.521208 0.669180 0.068874 0.110679
1 0.587607 0.679286 0.079315 0.105659
1 0.733272 0.707534 0.090566 0.087747
1 0.964099 0.808392 0.071802 0.095690
1 0.802598 0.744670 0.075486 0.111172
1 0.659019 0.617285 0.074416 0.114541
1 0.434774 0.553923 0.063756 0.097202
1 0.316318 0.525505 0.048390 0.081304
1 0.189164 0.478320 0.043032 0.076432
1 0.130685 0.463393 0.041503 0.073926
1 0.068945 0.444671 0.047228 0.082594
1 0.357829 0.490039 0.048131 0.073852
1 0.506193 0.514045 0.069823 0.126217
0 0.368266 0.966682 0.137252 0.066636
0 0.498106 0.768870 0.119737 0.114173
0 0.829777 0.857998 0.101895 0.099895
0 0.122416 0.547353 0.064909 0.065407
0 0.271371 0.596812 0.057093 0.041570
0 0.435398 0.669057 0.084030 0.081709
0 0.662676 0.706145 0.055452 0.047064
0 0.849897 0.704285 0.072862 0.037618
0 0.808832 0.695119 0.064785 0.036456
0 0.757391 0.674235 0.061085 0.032489
0 0.613432 0.637473 0.075228 0.048785
0 0.550828 0.613118 0.071431 0.042874
0 0.499024 0.595091 0.059035 0.036913
0 0.380892 0.568674 0.066175 0.050749
0 0.259971 0.527058 0.074371 0.063942
0 0.032377 0.455079 0.020964 0.040395
0 0.048069 0.372961 0.048269 0.035342
0 0.093335 0.392117 0.048672 0.041943
0 0.136418 0.410211 0.049108 0.044550
0 0.181370 0.422676 0.042973 0.041054
0 0.224925 0.435812 0.054254 0.037663
0 0.272643 0.451307 0.054818 0.037392
0 0.309798 0.457434 0.043601 0.025833
0 0.401897 0.490238 0.051249 0.029376
0 0.443392 0.500278 0.050462 0.031846
0 0.032280 0.341552 0.016844 0.018885
0 0.059189 0.353716 0.040763 0.029524
0 0.098004 0.369316 0.043706 0.039079
0 0.139822 0.383356 0.041931 0.031499
0 0.181095 0.398451 0.044704 0.030670
0 0.221281 0.408670 0.042042 0.033986
0 0.259193 0.425777 0.047574 0.036578
0 0.300070 0.434293 0.046038 0.029676
0 0.337746 0.442320 0.043485 0.031620
0 0.381239 0.459607 0.044739 0.024808
0 0.419871 0.468727 0.045245 0.027430
0 0.042374 0.318255 0.032788 0.030880
0 0.075027 0.331285 0.032617 0.026344
0 0.110643 0.341556 0.029484 0.032900
0 0.144183 0.350909 0.034565 0.033910
0 0.177879 0.365906 0.038858 0.039577
0 0.208632 0.371054 0.038172 0.032026
0 0.308234 0.403143 0.043579 0.040888
0 0.346691 0.420943 0.040360 0.034317
0 0.379727 0.430604 0.037685 0.028440
0 0.412490 0.439919 0.041098 0.025365
0 0.561960 0.532315 0.060370 0.041416
0 0.291243 0.488510 0.030317 0.026011
0 0.397729 0.517759 0.036412 0.027895
0 0.037721 0.407743 0.030530 0.041712
0 0.084742 0.406834 0.037987 0.034905
