1 0.701611 0.789938 0.120520 0.225872
1 0.952770 0.049017 0.084706 0.098034
1 0.875480 0.139032 0.093531 0.208303
0 0.817380 0.303226 0.069261 0.213880
1 0.650120 0.588542 0.088927 0.232966
1 0.582379 0.693379 0.065334 0.219461
1 0.518924 0.780319 0.084493 0.217081
1 0.802548 0.185360 0.068048 0.165237
1 0.664042 0.406727 0.076627 0.144250
1 0.601191 0.506567 0.069761 0.153222
1 0.481594 0.724634 0.071101 0.182494
1 0.432116 0.834703 0.060165 0.171613
1 0.500370 0.546845 0.084307 0.170085
1 0.681233 0.209776 0.074186 0.154298
1 0.779510 0.046321 0.056521 0.092643
1 0.726532 0.054025 0.055639 0.108050
1 0.597537 0.270571 0.078288 0.180155
1 0.741544 0.464905 0.074279 0.250022
0 0.474621 0.900353 0.040156 0.069874
0 0.862201 0.039497 0.053921 0.078993
0 0.742685 0.301004 0.057582 0.176766
0 0.542176 0.626474 0.037643 0.096826
0 0.362456 0.868943 0.051618 0.123767
0 0.397641 0.808964 0.043167 0.114425
0 0.436056 0.724748 0.041670 0.106338
0 0.554689 0.506928 0.046814 0.138184
0 0.601184 0.404024 0.047824 0.125798
0 0.642161 0.324615 0.041633 0.104030
0 0.742642 0.147321 0.039951 0.128007
0 0.681662 0.110084 0.034868 0.090959
0 0.646683 0.172410 0.031853 0.091968
0 0.712986 0.014196 0.016121 0.028391
0 0.684667 0.057944 0.031033 0.078716
0 0.652955 0.115782 0.029136 0.081535
0 0.671780 0.034173 0.021496 0.068345
0 0.645218 0.082441 0.026235 0.074432
0 0.550492 0.354249 0.037635 0.110785
0 0.696120 0.120818 0.034612 0.050600
