1 0.448307 0.952189 0.124365 0.066899
1 0.314228 0.869283 0.186554 0.190822
1 0.200137 0.827316 0.180009 0.132571
1 0.075925 0.765879 0.151849 0.138598
1 0.036837 0.672742 0.073674 0.112136
1 0.887488 0.933514 0.032453 0.075658
1 0.796489 0.908046 0.095665 0.131389
1 0.709322 0.860863 0.105905 0.141987
0 0.613251 0.851217 0.116099 0.097201
1 0.425801 0.715348 0.121526 0.149050
1 0.356120 0.660941 0.114861 0.128896
1 0.293293 0.609569 0.106397 0.133313
1 0.143981 0.539506 0.118202 0.092451
1 0.013711 0.425651 0.027422 0.059906
1 0.828649 0.844124 0.051127 0.087232
1 0.661536 0.775453 0.084221 0.109266
1 0.512925 0.677178 0.073359 0.110457
1 0.449370 0.618001 0.085546 0.078065
1 0.307825 0.527263 0.097748 0.066022
1 0.072870 0.420384 0.094199 0.078599
1 0.240275 0.516883 0.087888 0.097861
1 0.401711 0.496889 0.081769 0.108673
1 0.614909 0.617212 0.076553 0.098833
1 0.729717 0.689229 0.060196 0.083442
1 0.855975 0.755428 0.053006 0.076828
1 0.910651 0.786650 0.044603 0.074551
1 0.703101 0.626814 0.055436 0.077453
1 0.557585 0.521010 0.082209 0.111694
0 0.518023 0.813398 0.135084 0.110178
0 0.187514 0.610688 0.114878 0.083401
0 0.889217 0.868926 0.046603 0.060159
0 0.755558 0.805244 0.060046 0.071758
0 0.579434 0.728995 0.115719 0.110975
0 0.374988 0.581199 0.057258 0.042776
0 0.205277 0.421666 0.074268 0.029751
0 0.244401 0.449683 0.067259 0.017316
0 0.295950 0.471122 0.062984 0.029616
0 0.435218 0.552484 0.079586 0.042034
0 0.498069 0.582835 0.074057 0.057588
0 0.548472 0.605693 0.061223 0.051473
0 0.662349 0.681573 0.071813 0.056713
0 0.781803 0.747404 0.082298 0.080472
0 0.918534 0.722683 0.044814 0.048104
0 0.877148 0.702823 0.048285 0.042420
0 0.834656 0.679932 0.057969 0.040789
0 0.787731 0.654771 0.058419 0.039662
0 0.752560 0.629477 0.045565 0.034490
0 0.661324 0.586247 0.053329 0.037497
0 0.621309 0.557647 0.053183 0.025804
0 0.923797 0.693260 0.040677 0.041726
0 0.881397 0.676440 0.044307 0.042123
0 0.844217 0.655347 0.046025 0.035884
0 0.805830 0.634684 0.051649 0.041913
0 0.766727 0.610189 0.048663 0.038940
0 0.730646 0.589790 0.046792 0.032817
0 0.687147 0.565982 0.046363 0.035031
0 0.649946 0.546531 0.047426 0.029548
0 0.926364 0.659465 0.033069 0.044935
0 0.893499 0.644113 0.044420 0.041339
0 0.864371 0.629139 0.042058 0.039774
0 0.766481 0.573934 0.049011 0.029623
0 0.727440 0.557222 0.044573 0.025206
0 0.695199 0.541717 0.040790 0.024449
0 0.663285 0.524626 0.043183 0.021809
0 0.505924 0.497609 0.063838 0.028126
0 0.763549 0.673345 0.029685 0.038139
0 0.660592 0.614707 0.033969 0.042170
