1 0.414946 0.972868 0.091855 0.054263
1 0.049757 0.424078 0.062592 0.184390
1 0.146277 0.526265 0.075028 0.179497
1 0.247175 0.605529 0.086419 0.194089
1 0.357173 0.703353 0.097357 0.195015
1 0.564983 0.880861 0.117080 0.202942
1 0.652219 0.921389 0.097485 0.157223
1 0.734141 0.943869 0.092102 0.112262
1 0.152222 0.431466 0.051769 0.081348
1 0.323007 0.592111 0.067396 0.113103
1 0.509816 0.729038 0.080023 0.135969
1 0.587381 0.783913 0.092752 0.139950
1 0.750760 0.909721 0.097566 0.143272
1 0.825138 0.954389 0.067743 0.091222
1 0.682791 0.767093 0.090827 0.152161
1 0.430668 0.571744 0.076385 0.147073
1 0.297363 0.460662 0.057582 0.106578
1 0.155022 0.329167 0.050500 0.102897
1 0.088937 0.277674 0.051861 0.096163
1 0.040696 0.232181 0.024790 0.079464
1 0.351585 0.444155 0.059582 0.103555
1 0.517593 0.565593 0.077486 0.168352
0 0.468264 0.824153 0.120226 0.194090
0 0.068126 0.358290 0.078393 0.106955
0 0.233037 0.501912 0.060632 0.072757
0 0.422502 0.689616 0.063652 0.120085
0 0.672061 0.860140 0.059694 0.065851
0 0.888317 0.965274 0.073520 0.069451
0 0.852389 0.950545 0.077952 0.096518
0 0.788232 0.887553 0.065827 0.072128
0 0.626156 0.759124 0.079537 0.097987
0 0.557405 0.692907 0.076669 0.086182
0 0.499299 0.645391 0.063351 0.071306
0 0.365995 0.541837 0.068599 0.094374
0 0.231101 0.422751 0.077147 0.113274
0 0.067032 0.181539 0.044660 0.061278
0 0.107759 0.224407 0.059107 0.071801
0 0.156669 0.264687 0.049546 0.069592
0 0.206625 0.305572 0.056930 0.073257
0 0.259771 0.351598 0.057637 0.073327
0 0.302188 0.381237 0.046525 0.054242
0 0.404258 0.473095 0.054857 0.062725
0 0.451072 0.509532 0.053506 0.064812
0 0.072984 0.158035 0.045931 0.061092
0 0.116455 0.197756 0.050212 0.055894
0 0.160452 0.240313 0.050477 0.057660
0 0.206829 0.274958 0.043805 0.061778
0 0.248482 0.316532 0.049301 0.067945
0 0.294838 0.350994 0.048706 0.059778
0 0.337534 0.382941 0.045380 0.060211
0 0.385423 0.428195 0.048035 0.053884
0 0.429046 0.461881 0.048170 0.056938
0 0.062735 0.111143 0.013632 0.024862
0 0.089625 0.135343 0.036729 0.050876
0 0.126695 0.167261 0.043101 0.052791
0 0.162077 0.203165 0.041933 0.065623
0 0.198850 0.227776 0.039090 0.057312
0 0.309826 0.323581 0.043873 0.069945
0 0.351732 0.366220 0.041251 0.061072
0 0.388711 0.396971 0.039146 0.053263
0 0.425432 0.427191 0.043676 0.052188
0 0.584045 0.618397 0.063851 0.078499
0 0.276025 0.397410 0.033862 0.030986
0 0.395957 0.493388 0.041946 0.031615
0 0.055860 0.195682 0.027616 0.044096
