1 0.400604 0.919493 0.178263 0.161014
1 0.293588 0.802313 0.185510 0.221478
1 0.200084 0.723326 0.175917 0.151419
1 0.085844 0.627103 0.171687 0.130481
1 0.053065 0.527282 0.106130 0.112666
1 0.805369 0.964236 0.066562 0.071527
1 0.715154 0.925052 0.081457 0.127483
1 0.641770 0.858103 0.089799 0.125444
1 0.556440 0.790726 0.087451 0.115290
1 0.403286 0.665862 0.102647 0.122136
1 0.344934 0.599790 0.097195 0.103611
1 0.289615 0.538885 0.096170 0.110129
1 0.166771 0.441931 0.100121 0.085305
1 0.035549 0.300721 0.067437 0.080489
1 0.876603 0.973510 0.047008 0.052980
1 0.740385 0.863998 0.038041 0.065766
1 0.613316 0.774191 0.049371 0.094543
1 0.477676 0.648992 0.062080 0.097622
1 0.428201 0.586287 0.079739 0.081921
1 0.305374 0.475077 0.082756 0.072303
1 0.107559 0.325796 0.079824 0.078614
1 0.248535 0.444267 0.074547 0.084279
1 0.384914 0.466807 0.069597 0.092718
1 0.563502 0.628709 0.066286 0.097888
1 0.660556 0.715362 0.051181 0.074053
1 0.766750 0.803554 0.045042 0.070479
1 0.813923 0.845749 0.040438 0.072988
1 0.866037 0.886443 0.044369 0.081314
1 0.638679 0.656458 0.047197 0.065803
1 0.516567 0.532076 0.070166 0.095759
0 0.520548 0.974994 0.104901 0.050011
0 0.473842 0.756172 0.114319 0.096742
0 0.203040 0.519784 0.097216 0.066646
0 0.804253 0.915366 0.060339 0.073150
0 0.681498 0.820811 0.050656 0.066771
0 0.534249 0.717890 0.065350 0.059844
0 0.361658 0.534043 0.048262 0.033211
0 0.213612 0.351376 0.076916 0.048405
0 0.246085 0.386683 0.065955 0.030222
0 0.295788 0.421465 0.053085 0.031170
0 0.412801 0.526101 0.067159 0.036337
0 0.465706 0.565533 0.062434 0.051613
0 0.508066 0.598994 0.051615 0.048217
0 0.603729 0.692231 0.060670 0.051420
0 0.704199 0.778618 0.069589 0.077910
0 0.915013 0.945781 0.057691 0.070773
0 0.932605 0.871381 0.037430 0.044089
0 0.896275 0.848218 0.035394 0.051278
0 0.857613 0.818560 0.037658 0.051332
0 0.820839 0.791887 0.039823 0.054382
0 0.785137 0.762774 0.040865 0.045174
0 0.749415 0.732820 0.048939 0.042448
0 0.709956 0.699698 0.049313 0.040426
0 0.680439 0.668695 0.038428 0.035883
0 0.603691 0.609783 0.044967 0.036579
0 0.570076 0.575915 0.044871 0.025386
0 0.926585 0.846566 0.035691 0.038482
0 0.892217 0.819749 0.031480 0.036840
0 0.858800 0.794489 0.034320 0.045542
0 0.824614 0.766317 0.034394 0.045219
0 0.788949 0.741796 0.037425 0.045195
0 0.757706 0.714277 0.038899 0.037375
0 0.725380 0.687098 0.043636 0.041852
0 0.692545 0.656582 0.041063 0.037467
0 0.662246 0.629736 0.039516 0.032193
0 0.625636 0.599320 0.039085 0.034985
0 0.594388 0.573276 0.040003 0.028072
0 0.942474 0.828820 0.036574 0.049159
0 0.912194 0.806518 0.022715 0.040232
0 0.884931 0.784973 0.023141 0.038516
0 0.855952 0.759334 0.026796 0.038537
0 0.827103 0.737827 0.028048 0.045382
0 0.799424 0.717134 0.037613 0.041850
0 0.774977 0.696672 0.035556 0.037579
0 0.692665 0.623680 0.041471 0.027125
0 0.659785 0.602206 0.037686 0.023190
0 0.632683 0.580181 0.034456 0.022878
0 0.605860 0.556884 0.036428 0.021034
0 0.473101 0.493060 0.053869 0.029642
0 0.689374 0.708571 0.024956 0.034200
0 0.602873 0.631899 0.028487 0.040722
0 0.906037 0.891339 0.038113 0.053578
0 0.861511 0.838297 0.035077 0.036188
