1 0.608110 0.800698 0.215439 0.198741
1 0.740976 0.667909 0.223694 0.271071
1 0.858545 0.588235 0.212109 0.189968
1 0.948055 0.480591 0.103889 0.155221
1 0.120595 0.848365 0.084491 0.171551
1 0.228749 0.766650 0.096800 0.152400
1 0.319310 0.694808 0.108223 0.150714
0 0.418870 0.664056 0.119240 0.105249
1 0.614465 0.490572 0.125311 0.150748
1 0.687742 0.418747 0.117938 0.128793
1 0.754287 0.352741 0.109459 0.134100
1 0.909370 0.248636 0.121089 0.097607
1 0.200864 0.690277 0.045775 0.077896
1 0.371010 0.597540 0.085895 0.114425
1 0.526893 0.463228 0.075314 0.117273
1 0.588326 0.392861 0.097145 0.095192
1 0.741022 0.271695 0.100248 0.080984
1 0.966762 0.119300 0.059721 0.082718
1 0.811289 0.243752 0.089741 0.102172
1 0.644884 0.253793 0.082816 0.112452
1 0.423029 0.427514 0.078723 0.117928
1 0.302687 0.519578 0.061123 0.088831
1 0.171226 0.613066 0.053892 0.083585
1 0.112504 0.658384 0.048469 0.086212
1 0.051386 0.697987 0.045996 0.089654
1 0.331837 0.450431 0.056109 0.080072
1 0.484142 0.313730 0.082713 0.115300
1 0.444644 0.867174 0.204287 0.157902
0 0.526906 0.591682 0.138668 0.116482
0 0.863067 0.337571 0.117935 0.083026
0 0.121486 0.744260 0.072971 0.082891
0 0.273543 0.645031 0.062091 0.078806
0 0.455191 0.538543 0.078824 0.072507
0 0.670509 0.337492 0.059326 0.041247
0 0.849017 0.140997 0.077059 0.040982
0 0.808109 0.176304 0.069647 0.030971
0 0.754522 0.208401 0.065269 0.032717
0 0.609165 0.320924 0.082245 0.043992
0 0.543842 0.363002 0.076697 0.061702
0 0.491269 0.397636 0.063404 0.056779
0 0.372364 0.498657 0.074012 0.061227
0 0.247986 0.590598 0.084648 0.090744
0 0.028237 0.639274 0.014817 0.033465
0 0.060614 0.620183 0.046496 0.057777
0 0.106446 0.592387 0.048242 0.061517
0 0.150814 0.561681 0.049559 0.051043
0 0.195107 0.529777 0.059842 0.048307
0 0.243992 0.494555 0.060323 0.046309
0 0.280794 0.460940 0.047149 0.040840
0 0.375762 0.398858 0.055209 0.042499
0 0.417541 0.361777 0.054982 0.029413
0 0.028455 0.611663 0.021130 0.029277
0 0.060162 0.590820 0.042296 0.051194
0 0.102924 0.561000 0.041842 0.051015
0 0.147063 0.535498 0.045683 0.050950
0 0.185857 0.506165 0.047392 0.042523
0 0.225715 0.477256 0.053229 0.048258
0 0.266581 0.444318 0.050294 0.043729
0 0.304284 0.415769 0.048268 0.037335
0 0.349514 0.383164 0.048018 0.040339
0 0.388362 0.355592 0.049059 0.032902
0 0.030533 0.575182 0.026887 0.041989
0 0.065360 0.548664 0.032241 0.044258
0 0.101185 0.526101 0.033771 0.052139
0 0.135300 0.504232 0.045538 0.048044
0 0.165776 0.482684 0.043278 0.044126
0 0.267761 0.405154 0.050327 0.032189
0 0.308287 0.382170 0.045855 0.027475
0 0.341904 0.359204 0.042051 0.026950
0 0.375187 0.335470 0.044658 0.022898
0 0.537889 0.275352 0.065974 0.032387
0 0.268485 0.508379 0.030940 0.040878
0 0.375951 0.426700 0.035606 0.047471
0 0.055591 0.643637 0.042553 0.040325
