1 0.687135 0.781862 0.142632 0.151646
1 0.806065 0.617928 0.177792 0.200304
1 0.905785 0.499723 0.184659 0.132568
1 0.966107 0.369883 0.067785 0.133748
1 0.364063 0.885204 0.095125 0.118619
1 0.439524 0.801673 0.100261 0.142827
0 0.523899 0.734499 0.107064 0.103587
1 0.681152 0.514947 0.111717 0.130795
1 0.738291 0.421675 0.106068 0.107173
1 0.786549 0.336569 0.103241 0.127431
1 0.916110 0.192972 0.110484 0.109355
1 0.326856 0.848762 0.045364 0.100249
1 0.471142 0.697243 0.080537 0.105550
1 0.592749 0.514474 0.067794 0.111444
1 0.646976 0.429336 0.077645 0.096731
1 0.765356 0.272704 0.090830 0.097064
1 0.962310 0.047330 0.075381 0.094660
1 0.823423 0.214897 0.083538 0.093666
1 0.677402 0.284723 0.080941 0.118484
1 0.496643 0.518055 0.074373 0.107415
1 0.400179 0.648504 0.058846 0.084665
1 0.291996 0.780153 0.051968 0.082983
1 0.245090 0.841667 0.046330 0.086808
1 0.192583 0.903246 0.051068 0.096677
1 0.416105 0.573284 0.055050 0.080561
1 0.536754 0.400578 0.083982 0.114937
0 0.594846 0.878529 0.067615 0.045061
0 0.605335 0.656577 0.124904 0.109518
0 0.883531 0.287043 0.106184 0.080678
0 0.264230 0.915332 0.066596 0.095798
0 0.388718 0.771669 0.053377 0.079571
0 0.541695 0.602973 0.106296 0.124474
0 0.710697 0.355391 0.050339 0.046256
0 0.847229 0.111775 0.064774 0.064363
0 0.814592 0.158174 0.059327 0.052693
0 0.770114 0.206891 0.055324 0.051292
0 0.652709 0.361717 0.070993 0.055685
0 0.598415 0.419629 0.065268 0.060381
0 0.555761 0.471255 0.053967 0.057781
0 0.459993 0.604958 0.065004 0.059928
0 0.357876 0.732996 0.075308 0.095871
0 0.156101 0.959611 0.037482 0.048974
0 0.123114 0.896535 0.021324 0.040798
0 0.151900 0.869347 0.035900 0.068021
0 0.192958 0.824571 0.041072 0.068204
0 0.230388 0.783558 0.044133 0.071487
0 0.266373 0.739712 0.044681 0.059527
0 0.302464 0.695376 0.052009 0.055072
0 0.342459 0.646209 0.052333 0.051691
0 0.371665 0.601810 0.040351 0.046544
0 0.449803 0.512348 0.047106 0.046478
0 0.483463 0.464620 0.047335 0.038101
0 0.121279 0.872266 0.031145 0.044332
0 0.154596 0.836494 0.031129 0.050776
0 0.189336 0.798275 0.036500 0.060674
0 0.223254 0.756112 0.037207 0.059785
0 0.259547 0.718277 0.040016 0.059847
0 0.290947 0.677605 0.041867 0.048518
0 0.324287 0.637275 0.046763 0.052721
0 0.356997 0.593200 0.043388 0.045881
0 0.387204 0.553355 0.042152 0.040018
0 0.424690 0.508860 0.040850 0.044076
0 0.455952 0.468739 0.042075 0.036335
0 0.106061 0.850911 0.021624 0.043097
0 0.130184 0.828112 0.021053 0.051776
0 0.159399 0.795656 0.023742 0.049952
0 0.187646 0.758049 0.030078 0.048993
0 0.216629 0.725355 0.031414 0.057646
0 0.245223 0.694297 0.041358 0.053250
0 0.269421 0.663395 0.038394 0.045352
0 0.352820 0.554822 0.045242 0.031887
0 0.386785 0.523316 0.040743 0.027372
0 0.414127 0.489238 0.036868 0.027887
0 0.441156 0.453109 0.038365 0.031518
0 0.581124 0.339624 0.056930 0.044798
0 0.366390 0.648387 0.025229 0.039470
0 0.453149 0.534946 0.027917 0.050009
0 0.147644 0.919791 0.042976 0.070269
0 0.190806 0.847692 0.038308 0.049099
