1 0.053598 0.612192 0.107195 0.213786
1 0.705602 0.791616 0.105437 0.124045
1 0.576715 0.741429 0.122945 0.182336
1 0.475270 0.663544 0.131344 0.181060
0 0.362324 0.637398 0.141302 0.125349
1 0.147959 0.444386 0.145680 0.185029
1 0.070815 0.365507 0.139932 0.158949
1 0.035322 0.289833 0.070644 0.160162
1 0.804866 0.774792 0.070168 0.083817
1 0.622977 0.657601 0.060542 0.114249
1 0.428853 0.550171 0.105210 0.138283
1 0.262545 0.404604 0.089420 0.140872
1 0.189328 0.319424 0.102942 0.096774
1 0.050720 0.192773 0.075211 0.089127
1 0.144081 0.162508 0.104740 0.136621
1 0.388609 0.342900 0.096734 0.126632
1 0.519463 0.449373 0.076409 0.106580
1 0.665119 0.549463 0.066965 0.099343
1 0.728924 0.598634 0.059882 0.102121
1 0.800150 0.644093 0.066288 0.113797
1 0.495200 0.367828 0.071175 0.097322
1 0.330870 0.215931 0.107761 0.139209
0 0.252443 0.579564 0.164721 0.140182
0 0.707357 0.703992 0.087552 0.094685
0 0.539247 0.598871 0.071197 0.093285
0 0.333797 0.479475 0.140445 0.144608
0 0.103396 0.266108 0.067364 0.051740
0 0.179006 0.238882 0.094599 0.053179
0 0.252042 0.284242 0.087279 0.073823
0 0.309778 0.320391 0.072162 0.067084
0 0.439653 0.430974 0.086251 0.073014
0 0.577452 0.529814 0.099610 0.106212
0 0.863357 0.714976 0.075070 0.080654
0 0.899869 0.604320 0.049664 0.053941
0 0.850595 0.580538 0.048314 0.065618
0 0.795898 0.547318 0.053899 0.065592
0 0.745561 0.518090 0.057947 0.070159
0 0.696869 0.485387 0.058911 0.058154
0 0.648071 0.451063 0.069186 0.055396
0 0.594052 0.413231 0.069648 0.053418
0 0.554291 0.376409 0.053882 0.046837
0 0.448908 0.310351 0.062950 0.049637
0 0.403264 0.269342 0.063116 0.034271
0 0.893870 0.569797 0.047865 0.046740
0 0.846655 0.539830 0.041900 0.045484
0 0.799496 0.511608 0.047789 0.058050
0 0.753738 0.479731 0.049220 0.058039
0 0.704783 0.452974 0.053130 0.057925
0 0.662255 0.421389 0.055472 0.048752
0 0.617478 0.390332 0.062044 0.055991
0 0.573046 0.354413 0.057823 0.051273
0 0.532026 0.323746 0.056008 0.043536
0 0.481563 0.288435 0.054630 0.046801
0 0.439157 0.258957 0.056155 0.038717
0 0.918472 0.538817 0.046909 0.061075
0 0.877264 0.514915 0.028735 0.052870
0 0.838714 0.490718 0.031796 0.050280
0 0.800139 0.461042 0.039338 0.051168
0 0.760879 0.437147 0.041114 0.060298
0 0.722496 0.413808 0.054435 0.055525
0 0.689558 0.390897 0.050819 0.052006
0 0.576901 0.307722 0.059693 0.038278
0 0.531307 0.282871 0.053908 0.032628
0 0.494322 0.258706 0.048939 0.031851
0 0.457746 0.233269 0.051182 0.027376
0 0.271080 0.178376 0.075866 0.035747
0 0.563083 0.432939 0.034105 0.048901
0 0.445498 0.345045 0.038128 0.055603
0 0.858910 0.641382 0.056130 0.068817
0 0.799746 0.575241 0.050527 0.045355
