1 0.084627 0.842026 0.111029 0.140071
1 0.231930 0.889527 0.089389 0.091936
1 0.501311 0.914741 0.150770 0.120555
1 0.634969 0.875086 0.167925 0.191572
1 0.747125 0.902976 0.141966 0.121583
1 0.873012 0.908239 0.145298 0.100036
1 0.945918 0.895282 0.108165 0.113418
1 0.037397 0.631822 0.037482 0.124411
1 0.103167 0.641783 0.070089 0.130942
1 0.211578 0.655572 0.068676 0.113090
1 0.295102 0.653618 0.085454 0.127472
0 0.384911 0.702689 0.099000 0.075957
1 0.572038 0.683257 0.108039 0.135822
1 0.646637 0.680704 0.097674 0.121855
1 0.716501 0.669883 0.095598 0.130199
1 0.859050 0.695326 0.101550 0.102286
1 0.990947 0.680810 0.018106 0.044158
1 0.043786 0.567276 0.051621 0.070824
1 0.196479 0.574265 0.050494 0.064899
1 0.358255 0.608122 0.068167 0.094922
1 0.512391 0.607977 0.066868 0.104718
1 0.576995 0.600763 0.076879 0.093421
1 0.717862 0.593803 0.087266 0.072989
1 0.948834 0.646290 0.084152 0.086300
1 0.784999 0.621704 0.072217 0.099700
1 0.647300 0.524284 0.072444 0.101023
1 0.429990 0.508635 0.061369 0.084646
1 0.315390 0.505777 0.046487 0.072868
1 0.193002 0.487624 0.041236 0.067519
1 0.136065 0.485023 0.040649 0.066888
1 0.076534 0.480243 0.046551 0.074700
1 0.356585 0.464282 0.047089 0.065715
1 0.500112 0.455123 0.067488 0.111090
0 0.359628 0.912301 0.143163 0.097530
0 0.478036 0.716237 0.114567 0.087355
0 0.809554 0.720894 0.097501 0.081747
0 0.127002 0.570089 0.063324 0.050861
0 0.270938 0.587302 0.054932 0.047949
0 0.438762 0.622240 0.099456 0.076363
0 0.649594 0.609730 0.053427 0.044624
0 0.831626 0.569296 0.070270 0.021926
0 0.791832 0.568759 0.062394 0.021894
0 0.742159 0.561748 0.058861 0.024462
0 0.602802 0.550680 0.072348 0.038230
0 0.542359 0.544440 0.068803 0.042797
0 0.492231 0.533035 0.056862 0.033691
0 0.377847 0.534216 0.063516 0.040853
0 0.260964 0.522242 0.071272 0.049073
0 0.033433 0.498115 0.035585 0.041156
0 0.027920 0.410156 0.024613 0.023651
0 0.057402 0.415841 0.047029 0.028146
0 0.101148 0.424153 0.047415 0.033090
0 0.142753 0.432698 0.047890 0.034999
0 0.186023 0.435621 0.041529 0.031087
0 0.228359 0.439233 0.052138 0.025317
0 0.274499 0.444242 0.052690 0.024931
0 0.310520 0.443268 0.041972 0.017877
0 0.399526 0.456715 0.049349 0.021601
0 0.439703 0.455832 0.048544 0.020430
0 0.033653 0.385952 0.034259 0.022592
0 0.068560 0.393772 0.039591 0.023259
0 0.106068 0.400727 0.042566 0.031344
0 0.146496 0.405941 0.040867 0.023001
0 0.186206 0.411598 0.043255 0.021295
0 0.225252 0.413442 0.040325 0.024317
0 0.261834 0.421357 0.045661 0.027195
0 0.301435 0.419445 0.044278 0.023862
0 0.337932 0.421590 0.041766 0.021693
0 0.379936 0.426234 0.043094 0.020797
0 0.417344 0.429320 0.043544 0.018491
0 0.029637 0.356739 0.024449 0.025452
0 0.052781 0.363131 0.032051 0.027088
0 0.084340 0.368600 0.031854 0.021381
0 0.118804 0.371418 0.028867 0.026577
0 0.151208 0.373034 0.033846 0.027273
0 0.183747 0.380823 0.037140 0.030467
0 0.213560 0.381533 0.036594 0.027656
0 0.309872 0.389525 0.041708 0.030745
0 0.346971 0.398737 0.038684 0.025048
0 0.378931 0.401187 0.036178 0.019815
0 0.410632 0.403115 0.039545 0.018617
0 0.554434 0.461653 0.058062 0.032983
0 0.292073 0.476209 0.029323 0.028304
0 0.395159 0.482645 0.035336 0.030453
0 0.038308 0.450563 0.046932 0.039360
0 0.092418 0.440577 0.036628 0.026338
