1 0.926882 0.447529 0.122231 0.224114
1 0.833791 0.615486 0.098630 0.202841
1 0.611574 0.875580 0.096162 0.248839
1 0.503182 0.912136 0.105964 0.175728
1 0.925702 0.192551 0.087807 0.145370
1 0.857735 0.280614 0.088277 0.150642
1 0.775521 0.388286 0.071240 0.149239
1 0.704398 0.470946 0.067007 0.158671
0 0.642007 0.581988 0.064249 0.146595
1 0.489422 0.745002 0.080511 0.170729
1 0.427337 0.805571 0.060742 0.160525
1 0.364883 0.855256 0.066228 0.161026
1 0.261107 0.964911 0.064579 0.070178
1 0.883891 0.166237 0.052344 0.083784
1 0.762507 0.316136 0.054074 0.066171
1 0.645074 0.487119 0.051109 0.118166
1 0.516041 0.614884 0.060654 0.110624
1 0.458029 0.673029 0.063668 0.113649
1 0.347113 0.802018 0.063120 0.126261
1 0.182673 0.990823 0.029482 0.018353
1 0.291064 0.873357 0.048120 0.128148
1 0.377920 0.677808 0.071001 0.126051
1 0.551375 0.473904 0.060049 0.112220
1 0.643284 0.367707 0.046165 0.089745
1 0.741933 0.239931 0.042143 0.084323
1 0.786601 0.187718 0.045074 0.077733
1 0.832376 0.129844 0.052174 0.083245
1 0.599792 0.365806 0.046682 0.086181
1 0.481437 0.493748 0.061430 0.137463
1 0.726428 0.738254 0.110769 0.295743
0 0.560987 0.678684 0.069420 0.171936
0 0.311420 0.955334 0.043190 0.089332
0 0.814590 0.243445 0.059626 0.093677
0 0.704880 0.386036 0.041611 0.067593
0 0.584596 0.558260 0.047640 0.121864
0 0.400812 0.747194 0.038572 0.062149
0 0.240194 0.879199 0.051928 0.078473
0 0.272979 0.843982 0.044595 0.073809
0 0.310779 0.791496 0.042608 0.068163
0 0.422989 0.661072 0.049872 0.090605
0 0.468844 0.596816 0.049302 0.081044
0 0.508854 0.548937 0.040724 0.067038
0 0.601454 0.443246 0.041548 0.085649
0 0.697341 0.325543 0.054278 0.101500
0 0.881839 0.094369 0.056188 0.060574
0 0.822443 0.069786 0.030565 0.020920
0 0.794847 0.105514 0.043449 0.058482
0 0.763115 0.149913 0.044767 0.062612
0 0.729989 0.190417 0.037424 0.061598
0 0.695946 0.231322 0.036222 0.067226
0 0.659237 0.277066 0.035795 0.067422
0 0.629280 0.308177 0.029629 0.050660
0 0.560245 0.398666 0.035118 0.058795
0 0.527736 0.435837 0.033714 0.060110
0 0.804806 0.065501 0.018110 0.014786
0 0.783814 0.091912 0.038817 0.052770
0 0.752196 0.131104 0.037788 0.050107
0 0.722808 0.173070 0.037923 0.052473
0 0.692615 0.208124 0.030063 0.055738
0 0.662834 0.248108 0.030684 0.061646
0 0.630740 0.283683 0.030573 0.055312
0 0.600901 0.316607 0.027815 0.054970
0 0.568832 0.360703 0.030906 0.050692
0 0.538499 0.395136 0.030561 0.053043
0 0.764706 0.077998 0.028988 0.043793
0 0.739737 0.110318 0.034057 0.045539
0 0.716370 0.144754 0.031556 0.057714
0 0.691853 0.170562 0.026475 0.051494
0 0.614526 0.265852 0.025148 0.062072
0 0.586916 0.306750 0.024342 0.054791
0 0.561529 0.337610 0.023797 0.048425
0 0.536272 0.368013 0.027627 0.048522
0 0.436194 0.545502 0.040061 0.072612
0 0.652705 0.314317 0.023172 0.028641
0 0.569625 0.410594 0.029999 0.028847
0 0.851058 0.079924 0.037920 0.037090
0 0.806455 0.109926 0.032301 0.052684
