1 0.044906 0.450161 0.089813 0.184334
1 0.136356 0.567790 0.085739 0.180626
1 0.225861 0.661282 0.080286 0.193097
1 0.318892 0.772016 0.086937 0.195530
1 0.496644 0.936200 0.100612 0.127600
1 0.569365 0.973405 0.066903 0.053189
1 0.014769 0.309681 0.029539 0.096111
1 0.157182 0.477975 0.051868 0.080426
1 0.298833 0.657607 0.063401 0.107082
1 0.460643 0.819363 0.074095 0.134837
1 0.533931 0.881699 0.079876 0.143298
1 0.662195 0.978205 0.058070 0.043589
1 0.631283 0.883460 0.087687 0.152400
1 0.412852 0.656769 0.074101 0.147847
1 0.297152 0.529602 0.056809 0.108177
1 0.172804 0.382167 0.051039 0.102538
1 0.116601 0.322649 0.054745 0.094949
1 0.058957 0.256410 0.063804 0.102101
1 0.350668 0.522679 0.057634 0.104273
1 0.498682 0.666981 0.075332 0.167355
0 0.407957 0.900286 0.088332 0.199427
0 0.084180 0.394513 0.073934 0.111520
0 0.223414 0.558029 0.051786 0.079032
0 0.383962 0.767386 0.044503 0.124420
0 0.604669 0.967112 0.047225 0.065777
0 0.575764 0.866986 0.063785 0.106088
0 0.517727 0.792815 0.062784 0.094417
0 0.467349 0.738140 0.051863 0.078105
0 0.350919 0.617882 0.053464 0.100853
0 0.230794 0.482733 0.068109 0.119984
0 0.016099 0.229886 0.032197 0.049088
0 0.061121 0.166083 0.053706 0.057804
0 0.103961 0.223084 0.054002 0.069758
0 0.144101 0.274358 0.055544 0.074640
0 0.185923 0.320638 0.046452 0.073092
0 0.229171 0.367443 0.045586 0.078894
0 0.275056 0.419884 0.045858 0.079077
0 0.312624 0.455009 0.037794 0.059140
0 0.399800 0.559009 0.044755 0.068563
0 0.440676 0.601309 0.043082 0.070318
0 0.054041 0.121128 0.021217 0.026180
0 0.080294 0.159532 0.042716 0.049228
0 0.116959 0.205260 0.048267 0.063095
0 0.156852 0.250284 0.046930 0.059224
0 0.194038 0.298502 0.047109 0.061736
0 0.232407 0.338484 0.037874 0.065750
0 0.269325 0.384759 0.038405 0.072595
0 0.310057 0.425109 0.039095 0.064751
0 0.347539 0.462470 0.035717 0.064611
0 0.388101 0.513310 0.039353 0.059049
0 0.426234 0.552472 0.039008 0.061968
0 0.074279 0.110403 0.038687 0.041282
0 0.105245 0.149857 0.037869 0.041607
0 0.139893 0.186484 0.035751 0.052419
0 0.171445 0.223340 0.041996 0.054473
0 0.200936 0.263226 0.038925 0.068619
0 0.232261 0.292371 0.033103 0.060821
0 0.329280 0.401589 0.032688 0.073594
0 0.364297 0.448958 0.031472 0.064745
0 0.396277 0.484239 0.030602 0.056990
0 0.428084 0.518973 0.035280 0.056720
0 0.555943 0.726551 0.051231 0.085011
0 0.284224 0.464920 0.029206 0.032783
0 0.388730 0.574595 0.037546 0.032343
0 0.038074 0.189871 0.039432 0.059807
0 0.089923 0.229764 0.040274 0.062488
