1 0.042164 0.641922 0.084328 0.163911
1 0.147726 0.804357 0.082273 0.115182
1 0.023595 0.397418 0.047189 0.160676
1 0.084489 0.489009 0.096137 0.169929
1 0.180916 0.591182 0.075716 0.164893
1 0.267108 0.671151 0.070518 0.177144
1 0.357270 0.767424 0.083078 0.178777
1 0.528893 0.924856 0.095787 0.150287
1 0.601566 0.956740 0.071877 0.086520
1 0.041213 0.358906 0.061274 0.094158
1 0.195670 0.507145 0.047695 0.073699
1 0.334634 0.663947 0.059519 0.100392
1 0.490798 0.802224 0.069682 0.123871
1 0.559974 0.856342 0.076607 0.129849
1 0.692443 0.958317 0.073933 0.083367
1 0.648621 0.850835 0.081611 0.138994
1 0.437661 0.655481 0.068857 0.135028
1 0.325989 0.545418 0.052500 0.098391
1 0.205679 0.416746 0.045669 0.094001
1 0.151483 0.365429 0.049273 0.087391
1 0.095809 0.308084 0.058235 0.094316
1 0.375439 0.535303 0.053607 0.095165
1 0.516552 0.658378 0.069140 0.153583
0 0.265375 0.921586 0.113098 0.156829
0 0.446014 0.883075 0.091262 0.182809
0 0.125214 0.434661 0.069348 0.100281
0 0.261606 0.576495 0.048919 0.069869
0 0.417218 0.759595 0.046620 0.112180
0 0.629417 0.932611 0.048302 0.063652
0 0.732881 0.966050 0.052501 0.067901
0 0.597208 0.838902 0.063356 0.093915
0 0.540633 0.774145 0.061881 0.083179
0 0.491991 0.726919 0.051123 0.068814
0 0.379864 0.623425 0.053676 0.089763
0 0.264961 0.506047 0.065345 0.107184
0 0.038056 0.265704 0.064355 0.088206
0 0.056737 0.182311 0.047562 0.052698
0 0.093661 0.224795 0.050580 0.052137
0 0.135248 0.274478 0.050884 0.062841
0 0.174337 0.319264 0.052162 0.067203
0 0.214917 0.359262 0.043657 0.065526
0 0.256829 0.399771 0.045042 0.069994
0 0.301067 0.445244 0.045684 0.070117
0 0.337070 0.475234 0.037361 0.052203
0 0.421694 0.565645 0.044172 0.060459
0 0.461064 0.602053 0.042728 0.062196
0 0.072810 0.174760 0.044484 0.042040
0 0.110597 0.217206 0.040665 0.044338
0 0.146203 0.257089 0.045517 0.056965
0 0.184868 0.296212 0.044153 0.052899
0 0.221101 0.338116 0.044343 0.054904
0 0.258777 0.372611 0.036605 0.058619
0 0.294148 0.413116 0.038565 0.064618
0 0.333292 0.447729 0.038819 0.057310
0 0.369324 0.479794 0.035726 0.057408
0 0.408816 0.524129 0.038781 0.052015
0 0.445528 0.557817 0.038605 0.054740
0 0.070935 0.136987 0.048910 0.038224
0 0.102840 0.172295 0.036071 0.037857
0 0.132887 0.206658 0.035405 0.037628
0 0.166340 0.238358 0.033184 0.047374
0 0.197005 0.270148 0.038968 0.049199
0 0.225604 0.305088 0.036142 0.061630
0 0.256663 0.329979 0.031549 0.054290
0 0.349724 0.424665 0.033390 0.065927
0 0.383984 0.466161 0.031854 0.057817
0 0.414890 0.496670 0.030689 0.050697
0 0.445612 0.526684 0.034949 0.050133
0 0.572367 0.710239 0.050877 0.075248
0 0.311602 0.486316 0.028252 0.028384
0 0.412329 0.581523 0.035850 0.028830
0 0.065883 0.241493 0.052185 0.068490
0 0.122726 0.281675 0.038180 0.055999
