1 0.574345 0.928421 0.208145 0.143159
1 0.700663 0.821849 0.216413 0.261100
1 0.811603 0.738141 0.205214 0.179475
1 0.909436 0.633071 0.126642 0.151937
1 0.951424 0.519111 0.055426 0.082445
1 0.099603 0.966803 0.073746 0.066394
1 0.207371 0.930481 0.094477 0.139037
1 0.293779 0.861976 0.104735 0.144858
1 0.394208 0.789751 0.102369 0.133945
1 0.574918 0.655340 0.120339 0.143341
1 0.644115 0.583384 0.113671 0.122122
1 0.709812 0.517276 0.111626 0.127920
1 0.854579 0.412325 0.116938 0.095702
1 0.023792 0.974559 0.041711 0.050883
1 0.178917 0.862112 0.044341 0.075302
1 0.328767 0.767116 0.057934 0.109655
1 0.488958 0.631795 0.072597 0.112722
1 0.547360 0.562240 0.093405 0.092743
1 0.692418 0.440970 0.096718 0.080112
1 0.913394 0.282254 0.069311 0.087677
1 0.759393 0.410604 0.086907 0.097848
1 0.599541 0.426747 0.080764 0.107480
1 0.388692 0.601855 0.076862 0.113222
1 0.274192 0.694999 0.059478 0.085433
1 0.148992 0.789676 0.052383 0.080759
1 0.093251 0.835312 0.047061 0.083434
1 0.031774 0.878808 0.051555 0.092958
1 0.300782 0.627938 0.054749 0.076517
1 0.445188 0.491685 0.081122 0.110547
0 0.491651 0.755380 0.133678 0.111859
0 0.811276 0.499583 0.113684 0.078657
0 0.103498 0.916987 0.070472 0.081601
0 0.248258 0.816056 0.059483 0.076291
0 0.421616 0.707068 0.076244 0.069455
0 0.625738 0.505990 0.056738 0.038781
0 0.801300 0.304682 0.090482 0.050668
0 0.762873 0.343346 0.077415 0.030339
0 0.704350 0.379928 0.062413 0.032824
0 0.566201 0.492954 0.078834 0.042153
0 0.503893 0.535445 0.073379 0.059424
0 0.453900 0.570886 0.060663 0.055018
0 0.340930 0.672235 0.071106 0.059061
0 0.222478 0.765184 0.081465 0.088324
0 0.009126 0.823508 0.018252 0.039101
0 0.042589 0.800736 0.044351 0.057038
0 0.086090 0.772376 0.046488 0.060604
0 0.128221 0.741211 0.047782 0.050309
0 0.170364 0.708968 0.057412 0.047471
0 0.216900 0.673347 0.057860 0.045384
0 0.251801 0.639633 0.045143 0.040131
0 0.342269 0.576600 0.052839 0.041408
0 0.381964 0.539564 0.052683 0.028690
0 0.010514 0.794737 0.021027 0.030620
0 0.041582 0.772685 0.040389 0.050567
0 0.082057 0.742467 0.040266 0.050314
0 0.124101 0.716425 0.043874 0.050265
0 0.160981 0.686789 0.045566 0.041791
0 0.199031 0.657556 0.051141 0.047166
0 0.237827 0.624457 0.048204 0.042527
0 0.273624 0.595585 0.046338 0.036404
0 0.316750 0.562724 0.045939 0.039426
0 0.353655 0.534785 0.046984 0.031943
0 0.012502 0.758972 0.025003 0.041398
0 0.045585 0.732135 0.031233 0.043328
0 0.079641 0.709182 0.032701 0.051035
0 0.112216 0.687006 0.043949 0.047042
0 0.141120 0.665121 0.041634 0.042807
0 0.238197 0.586674 0.048503 0.031093
0 0.276895 0.563493 0.044123 0.026557
0 0.308872 0.540068 0.040390 0.026110
0 0.340526 0.515611 0.042779 0.022926
0 0.496411 0.451424 0.063235 0.032376
0 0.240785 0.685410 0.029441 0.039372
0 0.342915 0.602869 0.033717 0.046189
0 0.003678 0.871433 0.007356 0.038721
0 0.037917 0.823378 0.041019 0.039977
