1 0.067562 0.633419 0.113264 0.193675
1 0.393411 0.835642 0.161798 0.246652
1 0.547385 0.826987 0.170150 0.254997
1 0.672306 0.884967 0.109230 0.111652
1 0.101773 0.326770 0.084514 0.173605
1 0.203687 0.379500 0.083207 0.191574
0 0.304582 0.487079 0.103544 0.146172
1 0.524356 0.581338 0.115064 0.193429
1 0.617252 0.618046 0.099305 0.181267
1 0.706365 0.646081 0.103258 0.187688
1 0.868558 0.768015 0.109989 0.164722
1 0.107350 0.223462 0.068864 0.084961
1 0.287373 0.357915 0.075115 0.138164
1 0.474725 0.440051 0.083038 0.134968
1 0.556466 0.478445 0.092443 0.138644
1 0.721134 0.562098 0.097419 0.128371
1 0.959965 0.728655 0.040325 0.075262
1 0.802475 0.624621 0.076020 0.149858
1 0.658834 0.430750 0.095866 0.150689
1 0.402716 0.284861 0.080765 0.129563
1 0.267215 0.212965 0.061264 0.105163
1 0.121633 0.113981 0.053067 0.101273
1 0.066380 0.081657 0.033738 0.088063
1 0.324913 0.181969 0.062932 0.100040
1 0.494311 0.260901 0.080161 0.166410
1 0.225733 0.718686 0.151626 0.278689
0 0.426091 0.553866 0.116144 0.172634
0 0.804605 0.769207 0.098921 0.146523
0 0.049411 0.184813 0.040415 0.070450
0 0.195237 0.277514 0.060152 0.060228
0 0.375339 0.416826 0.081110 0.122998
0 0.641376 0.536102 0.059584 0.058192
0 0.868362 0.594499 0.079350 0.066979
0 0.820651 0.570713 0.069215 0.063906
0 0.763662 0.529364 0.065737 0.058060
0 0.598721 0.438914 0.078748 0.081725
0 0.529491 0.388010 0.076428 0.069944
0 0.470449 0.354010 0.063146 0.057895
0 0.334657 0.281836 0.067298 0.081019
0 0.196322 0.193349 0.078878 0.099102
0 0.089767 0.024734 0.040431 0.049467
0 0.128558 0.045768 0.051742 0.061970
0 0.179377 0.075441 0.056169 0.061830
0 0.233217 0.109278 0.056919 0.061700
0 0.276634 0.128708 0.046256 0.044521
0 0.379820 0.197393 0.054618 0.051179
0 0.427503 0.222816 0.053044 0.053797
0 0.102036 0.005351 0.019733 0.010702
0 0.134336 0.021336 0.052628 0.042672
0 0.180724 0.042611 0.044468 0.053505
0 0.223369 0.075083 0.048359 0.058355
0 0.270688 0.098527 0.048237 0.049805
0 0.314257 0.120341 0.044659 0.051226
0 0.362534 0.154870 0.047891 0.043703
0 0.406984 0.178274 0.047843 0.046926
0 0.176074 0.009784 0.037907 0.019569
0 0.288410 0.064932 0.042439 0.062056
0 0.330463 0.098392 0.040198 0.053335
0 0.368006 0.120577 0.038441 0.045602
0 0.405306 0.142267 0.043344 0.043148
0 0.562608 0.300759 0.063228 0.065433
0 0.247763 0.157167 0.034346 0.030627
0 0.369836 0.226264 0.043093 0.031288
