1 0.034126 0.945006 0.068252 0.109988
1 0.169082 0.988977 0.090419 0.022047
1 0.617102 0.963213 0.120064 0.073574
1 0.031594 0.737637 0.063188 0.154449
1 0.149262 0.760935 0.081338 0.132970
1 0.246420 0.762738 0.100414 0.152699
0 0.351030 0.825156 0.115933 0.091350
1 0.568228 0.812968 0.126205 0.157885
1 0.654508 0.814846 0.114399 0.142102
1 0.735178 0.805499 0.111580 0.153203
1 0.901114 0.845738 0.118671 0.122837
1 0.130725 0.663307 0.058602 0.075104
1 0.319093 0.712072 0.079467 0.111550
1 0.497627 0.721073 0.077422 0.123023
1 0.572299 0.717294 0.089130 0.111733
1 0.735915 0.718689 0.101653 0.088694
1 0.973584 0.777926 0.037263 0.073290
1 0.813805 0.753176 0.084606 0.118046
1 0.652801 0.632416 0.083698 0.120902
1 0.400818 0.601411 0.071546 0.101632
1 0.267754 0.591215 0.054281 0.086852
1 0.125066 0.562561 0.048247 0.080310
1 0.059291 0.556090 0.046736 0.079342
1 0.008305 0.549959 0.016610 0.082304
1 0.314624 0.544584 0.054189 0.076716
1 0.481283 0.542965 0.078419 0.133020
0 0.459237 0.845618 0.134207 0.107644
0 0.843932 0.872502 0.114210 0.099773
0 0.049755 0.654438 0.073036 0.062952
0 0.217039 0.683096 0.064063 0.053941
0 0.412316 0.736539 0.116412 0.090354
0 0.656620 0.732517 0.062239 0.052455
0 0.867139 0.695964 0.081796 0.029673
0 0.820994 0.693018 0.072708 0.029333
0 0.763231 0.681201 0.068564 0.030039
0 0.601501 0.661631 0.084405 0.046723
0 0.531205 0.649740 0.080170 0.048752
0 0.473010 0.633664 0.066257 0.038811
0 0.340288 0.628445 0.074218 0.048204
0 0.204479 0.605281 0.083385 0.058898
0 0.022496 0.482748 0.044993 0.040373
0 0.065996 0.495027 0.055253 0.043196
0 0.116441 0.500988 0.048262 0.038766
0 0.165413 0.507743 0.060864 0.032709
0 0.219010 0.516380 0.061499 0.032293
0 0.260764 0.516367 0.048929 0.021306
0 0.364199 0.537354 0.057515 0.025917
0 0.410818 0.539893 0.056621 0.026787
0 0.023768 0.455515 0.047537 0.038465
0 0.069925 0.463942 0.047171 0.028985
0 0.116236 0.473048 0.050218 0.027241
0 0.161416 0.477443 0.047145 0.030828
0 0.203982 0.489781 0.053357 0.032738
0 0.249912 0.490021 0.051654 0.028601
0 0.292245 0.493763 0.048777 0.027852
0 0.341085 0.502693 0.050212 0.024948
0 0.384488 0.508330 0.050771 0.022735
0 0.007808 0.417394 0.015616 0.024635
0 0.037272 0.421911 0.033199 0.032552
0 0.074937 0.425869 0.038922 0.033443
0 0.112775 0.436849 0.043545 0.037816
0 0.147334 0.438547 0.042801 0.032637
0 0.259208 0.454630 0.048848 0.038418
0 0.302383 0.467656 0.045253 0.031526
0 0.339493 0.472418 0.042267 0.025322
0 0.376297 0.476511 0.046116 0.021815
0 0.544012 0.552976 0.067735 0.039098
0 0.239806 0.554895 0.034053 0.032237
0 0.359439 0.568504 0.040928 0.034661
0 0.014595 0.502746 0.029189 0.029672
