1 0.584744 0.945186 0.108556 0.109628
1 0.946939 0.260930 0.100055 0.169597
1 0.862028 0.381560 0.081758 0.169389
1 0.786229 0.479890 0.077434 0.179368
1 0.707809 0.593275 0.074648 0.182815
1 0.557488 0.803092 0.086859 0.194318
1 0.490463 0.875342 0.064540 0.182767
1 0.426022 0.921655 0.072006 0.156690
1 0.959839 0.134418 0.030485 0.074325
1 0.837408 0.301382 0.046986 0.074872
1 0.720494 0.483021 0.055836 0.097292
1 0.582127 0.654359 0.067975 0.124908
1 0.519515 0.718338 0.068223 0.136299
1 0.401081 0.876689 0.068238 0.145230
1 0.344272 0.943550 0.052308 0.112900
1 0.430187 0.734079 0.078150 0.143181
1 0.614821 0.498533 0.066199 0.138533
1 0.712723 0.367340 0.051120 0.102168
1 0.817554 0.217350 0.047888 0.095378
1 0.865174 0.155559 0.050988 0.087631
1 0.913900 0.087251 0.058368 0.093556
1 0.664558 0.368364 0.051411 0.097839
1 0.537115 0.520837 0.068572 0.155348
0 0.637958 0.722661 0.074262 0.197993
0 0.899181 0.215769 0.065190 0.107603
0 0.783156 0.383849 0.046897 0.078630
0 0.650301 0.596067 0.035430 0.119458
0 0.459237 0.810804 0.040306 0.072531
0 0.286263 0.960566 0.051744 0.078869
0 0.315447 0.938255 0.050497 0.103606
0 0.360346 0.866874 0.044546 0.079571
0 0.480006 0.712479 0.051625 0.105296
0 0.528381 0.637073 0.051442 0.094513
0 0.570982 0.580476 0.042487 0.078175
0 0.669822 0.455244 0.042523 0.099145
0 0.772110 0.316620 0.059566 0.117174
0 0.899609 0.020591 0.033258 0.022651
0 0.870587 0.062304 0.047313 0.067083
0 0.837078 0.114392 0.048892 0.071849
0 0.801973 0.162253 0.040845 0.070921
0 0.766299 0.210540 0.038601 0.078003
0 0.726783 0.264471 0.037078 0.078262
0 0.694601 0.301523 0.031260 0.058996
0 0.621461 0.408027 0.036592 0.068521
0 0.586766 0.452067 0.034953 0.069900
0 0.879621 0.016989 0.019630 0.015838
0 0.857508 0.047803 0.042239 0.060427
0 0.823964 0.093945 0.041204 0.057850
0 0.792948 0.143348 0.041333 0.060777
0 0.761005 0.184816 0.032621 0.064440
0 0.729200 0.231657 0.033954 0.071355
0 0.695060 0.273898 0.031659 0.064289
0 0.663156 0.312978 0.028580 0.063712
0 0.629283 0.364769 0.032252 0.059121
0 0.596897 0.405580 0.031753 0.061738
0 0.835487 0.033564 0.031980 0.049664
0 0.809069 0.071582 0.037582 0.052131
0 0.784290 0.111901 0.034803 0.066355
0 0.758866 0.142631 0.028535 0.059481
0 0.676018 0.254993 0.025249 0.071506
0 0.646995 0.302879 0.024693 0.063269
0 0.619988 0.339330 0.024386 0.056077
0 0.593104 0.375257 0.028677 0.056453
0 0.489302 0.581692 0.041477 0.084392
0 0.721163 0.306787 0.024629 0.033802
0 0.632555 0.420776 0.032278 0.034511
0 0.922132 0.034123 0.021580 0.033194
0 0.883809 0.066391 0.034983 0.060674
