1 0.042757 0.834819 0.085514 0.172167
1 0.164962 0.916941 0.088433 0.128022
1 0.416189 0.969660 0.115417 0.060679
1 0.543140 0.945676 0.124347 0.108647
1 0.008098 0.608290 0.016196 0.095695
1 0.062414 0.638685 0.076113 0.140509
1 0.162064 0.677314 0.063185 0.124501
1 0.244376 0.697927 0.077567 0.140159
1 0.336931 0.735008 0.083284 0.137042
1 0.512515 0.796290 0.101541 0.136782
1 0.586622 0.809305 0.090397 0.127831
1 0.656655 0.820996 0.090278 0.146135
1 0.793333 0.882729 0.095227 0.113765
1 0.941005 0.914324 0.052538 0.076125
1 0.016276 0.548803 0.032551 0.074355
1 0.158358 0.594874 0.041161 0.065447
1 0.303893 0.664026 0.054950 0.095298
1 0.460742 0.702154 0.066043 0.105560
1 0.523269 0.713725 0.079424 0.101979
1 0.661892 0.748245 0.083349 0.085556
1 0.885758 0.855506 0.080822 0.098048
1 0.727696 0.785390 0.067171 0.107783
1 0.599225 0.659203 0.073312 0.110599
1 0.387459 0.597656 0.061537 0.108489
1 0.275561 0.558819 0.046076 0.078288
1 0.156820 0.508783 0.040956 0.073889
1 0.101169 0.492341 0.041673 0.071251
1 0.044136 0.472146 0.048976 0.079403
1 0.318940 0.526471 0.048055 0.071659
1 0.458485 0.555392 0.065361 0.121917
0 0.286874 0.943651 0.127464 0.112697
0 0.431289 0.796322 0.105932 0.112962
0 0.743854 0.894588 0.090175 0.097655
0 0.087771 0.571429 0.063854 0.064442
0 0.227016 0.624161 0.052118 0.038013
0 0.387816 0.702471 0.056984 0.074332
0 0.595635 0.743672 0.051011 0.044858
0 0.783644 0.749698 0.082497 0.045586
0 0.744097 0.743324 0.067161 0.048657
0 0.689676 0.717065 0.056227 0.033228
0 0.553791 0.676467 0.068501 0.049233
0 0.495539 0.650032 0.065601 0.041776
0 0.446746 0.632560 0.054211 0.035674
0 0.335090 0.601966 0.059593 0.050730
0 0.221861 0.557693 0.066388 0.063557
0 0.009608 0.480186 0.019216 0.038710
0 0.007194 0.391424 0.014389 0.022700
0 0.030119 0.403122 0.047164 0.034695
0 0.072458 0.423236 0.047520 0.041235
0 0.112596 0.442104 0.048211 0.043826
0 0.153860 0.455660 0.040448 0.040606
0 0.195760 0.469846 0.049192 0.037856
0 0.240522 0.486438 0.049760 0.037621
0 0.275878 0.493733 0.039910 0.026221
0 0.362025 0.528502 0.046993 0.029884
0 0.401240 0.539677 0.046024 0.032193
0 0.012934 0.369241 0.025868 0.025047
0 0.042694 0.385499 0.039167 0.029032
0 0.078981 0.401844 0.042614 0.038323
0 0.118174 0.416751 0.041040 0.031315
0 0.155843 0.432769 0.042092 0.030699
0 0.194544 0.443987 0.037712 0.033882
0 0.229700 0.461713 0.042834 0.036560
0 0.268448 0.471420 0.041936 0.029959
0 0.304146 0.480535 0.039307 0.031699
0 0.344676 0.498656 0.041095 0.025296
0 0.381204 0.508844 0.041361 0.027800
0 0.009854 0.338173 0.019707 0.025469
0 0.029453 0.351138 0.032592 0.029845
0 0.060011 0.364854 0.032267 0.025787
0 0.093560 0.375949 0.029549 0.032227
0 0.124883 0.386229 0.034663 0.033239
0 0.155575 0.401734 0.035541 0.039051
0 0.185521 0.407844 0.034141 0.031871
0 0.278973 0.442237 0.038611 0.040483
0 0.314597 0.460642 0.036060 0.034129
0 0.345676 0.471119 0.033976 0.028453
0 0.376521 0.481257 0.037532 0.025678
0 0.512908 0.575059 0.054983 0.041101
0 0.255799 0.522520 0.028485 0.024106
0 0.356336 0.554410 0.034833 0.025833
0 0.016356 0.434327 0.032711 0.043029
0 0.062787 0.436797 0.036318 0.034542
