1 0.601750 0.886457 0.165044 0.126541
1 0.732604 0.798461 0.189811 0.210564
1 0.847928 0.766143 0.192733 0.156865
1 0.941369 0.712013 0.117263 0.156708
1 0.102473 0.880100 0.034896 0.116276
1 0.173154 0.851839 0.075811 0.143790
1 0.272456 0.800532 0.087440 0.131026
1 0.355506 0.755954 0.098318 0.131154
1 0.451924 0.714234 0.096978 0.124722
1 0.626484 0.634025 0.114430 0.139550
1 0.694137 0.587298 0.107439 0.121075
1 0.758020 0.542723 0.104652 0.124999
1 0.898013 0.484724 0.110163 0.087023
1 0.097599 0.800633 0.039669 0.063417
1 0.248047 0.727767 0.041559 0.065454
1 0.392606 0.678718 0.055213 0.101320
1 0.547689 0.594861 0.068603 0.103227
1 0.604161 0.544600 0.088637 0.076090
1 0.744593 0.464012 0.091261 0.060451
1 0.962295 0.377143 0.075410 0.070804
1 0.809077 0.459768 0.081492 0.090822
1 0.657152 0.433460 0.074848 0.101110
1 0.453174 0.540698 0.071092 0.103292
1 0.342609 0.595671 0.055325 0.077011
1 0.221904 0.650996 0.048817 0.070456
1 0.167872 0.679205 0.043936 0.071935
1 0.108520 0.703750 0.047940 0.080179
1 0.370111 0.538743 0.050691 0.072081
1 0.510359 0.447488 0.074466 0.104706
0 0.454409 0.936902 0.142875 0.061133
0 0.546013 0.706581 0.126305 0.101890
0 0.854998 0.547860 0.107424 0.078417
0 0.175053 0.758602 0.066385 0.061706
0 0.314701 0.702256 0.056790 0.065622
0 0.481258 0.645423 0.071634 0.064367
0 0.679552 0.512790 0.054322 0.040555
0 0.851194 0.373742 0.086764 0.032851
0 0.813814 0.396647 0.073831 0.022428
0 0.757571 0.414416 0.059769 0.027502
0 0.623928 0.482777 0.075197 0.038984
0 0.564010 0.508339 0.070211 0.053051
0 0.515693 0.526853 0.058040 0.047008
0 0.406345 0.591808 0.067567 0.052129
0 0.292143 0.647082 0.077188 0.072997
0 0.078187 0.651720 0.040497 0.040832
0 0.121010 0.634411 0.042647 0.042147
0 0.163036 0.619092 0.044251 0.045559
0 0.204000 0.601287 0.045137 0.037675
0 0.244695 0.582050 0.054681 0.036420
0 0.289594 0.560945 0.055129 0.035580
0 0.323477 0.539277 0.043141 0.030798
0 0.410660 0.503407 0.050528 0.033960
0 0.449080 0.478675 0.050282 0.023328
0 0.058917 0.633692 0.012426 0.016957
0 0.083626 0.623175 0.036369 0.028091
0 0.120958 0.607932 0.038768 0.037199
0 0.160378 0.590389 0.038156 0.037477
0 0.200897 0.576461 0.041723 0.037345
0 0.236562 0.558718 0.043242 0.032035
0 0.273104 0.541381 0.048592 0.037770
0 0.310703 0.520494 0.045986 0.035368
0 0.345390 0.503382 0.044087 0.029686
0 0.386887 0.483229 0.043958 0.031568
0 0.422615 0.466999 0.044880 0.026908
0 0.062925 0.601065 0.025863 0.034241
0 0.093270 0.588283 0.027119 0.033067
0 0.126327 0.571414 0.029271 0.034251
0 0.159260 0.558618 0.030668 0.040392
0 0.190530 0.545835 0.041447 0.037141
0 0.218589 0.533422 0.039473 0.036261
0 0.312260 0.487176 0.045849 0.027176
0 0.349407 0.473055 0.041819 0.023103
0 0.380297 0.460365 0.038394 0.022333
0 0.410885 0.445931 0.040847 0.020307
0 0.559687 0.428086 0.060322 0.026992
0 0.311731 0.579579 0.028424 0.035131
0 0.410539 0.530289 0.032814 0.038274
0 0.074137 0.692285 0.025092 0.037817
0 0.116328 0.654280 0.038761 0.028512
