1 0.359367 0.866354 0.233596 0.242101
1 0.240911 0.693812 0.232674 0.156736
1 0.113421 0.509302 0.196323 0.191405
1 0.070529 0.339689 0.122022 0.150020
1 0.704182 0.974920 0.106929 0.050160
1 0.511800 0.760954 0.132218 0.158705
1 0.441323 0.640057 0.126839 0.116599
1 0.375079 0.526811 0.130532 0.150792
1 0.221308 0.328683 0.131576 0.138963
1 0.082081 0.085065 0.044872 0.083656
1 0.615063 0.785799 0.081049 0.136754
1 0.553706 0.673068 0.103169 0.125862
1 0.401805 0.460190 0.108387 0.126891
1 0.152584 0.139950 0.105947 0.127890
1 0.330609 0.371888 0.098926 0.107375
1 0.506472 0.493699 0.094575 0.150460
1 0.727706 0.816481 0.090428 0.132397
1 0.847697 0.970718 0.067528 0.058564
1 0.825880 0.897324 0.064256 0.099298
1 0.676005 0.667110 0.097137 0.139719
0 0.599415 0.924116 0.149297 0.132563
0 0.263376 0.437840 0.126936 0.110141
0 0.681878 0.913000 0.086366 0.076460
0 0.470172 0.568308 0.061231 0.067180
0 0.291359 0.236081 0.097242 0.111867
0 0.331064 0.302186 0.084408 0.081600
0 0.393584 0.378919 0.067316 0.074367
0 0.538549 0.590641 0.085916 0.083547
0 0.605002 0.673618 0.079322 0.085350
0 0.657597 0.746749 0.065583 0.074302
0 0.775950 0.926075 0.078268 0.071299
0 0.904620 0.985693 0.040909 0.028615
0 0.879525 0.943980 0.048957 0.059588
0 0.783591 0.817245 0.057204 0.062227
0 0.741998 0.754820 0.057329 0.056846
0 0.929184 0.982776 0.040827 0.034449
0 0.896418 0.938646 0.052516 0.056562
0 0.859027 0.883611 0.050838 0.049839
0 0.813106 0.822608 0.049650 0.055383
0 0.774461 0.766013 0.051016 0.051999
0 0.899617 0.894259 0.054109 0.040782
0 0.858149 0.847219 0.048892 0.037831
0 0.824461 0.799609 0.044414 0.038363
0 0.791143 0.752205 0.046494 0.046821
0 0.621585 0.583151 0.068903 0.067165
0 0.882992 0.988090 0.021403 0.023820
0 0.780680 0.843048 0.034792 0.061770
