1 0.724648 0.746222 0.161962 0.160699
1 0.799389 0.558394 0.196226 0.185418
1 0.870868 0.395473 0.174399 0.125633
1 0.937445 0.242659 0.125110 0.167680
1 0.960171 0.099252 0.079657 0.134632
1 0.420991 0.931125 0.086612 0.065896
1 0.475099 0.849318 0.095025 0.131923
1 0.538694 0.727178 0.097249 0.118432
1 0.656872 0.493899 0.103983 0.137218
1 0.698125 0.387933 0.097851 0.100111
1 0.732150 0.288837 0.097554 0.120331
1 0.832192 0.112028 0.096774 0.119585
1 0.377772 0.920587 0.039720 0.076834
1 0.478850 0.741415 0.051015 0.094794
1 0.576784 0.525215 0.066058 0.112120
1 0.612714 0.427080 0.073276 0.106910
1 0.703061 0.241160 0.078907 0.108634
1 0.749013 0.157048 0.077410 0.086471
1 0.625778 0.279721 0.076395 0.126351
1 0.492626 0.565905 0.073792 0.108895
1 0.418746 0.719070 0.054689 0.083209
1 0.334917 0.881704 0.050573 0.080171
1 0.300002 0.944056 0.046235 0.061329
1 0.421785 0.640661 0.052160 0.083172
1 0.508736 0.440360 0.082264 0.113769
0 0.638928 0.892747 0.122120 0.097026
0 0.609962 0.627108 0.107749 0.116139
0 0.813541 0.199228 0.091553 0.096885
0 0.424176 0.837644 0.043404 0.078063
0 0.542548 0.634322 0.064587 0.059566
0 0.665078 0.333735 0.040216 0.061236
0 0.757737 0.057887 0.051076 0.083294
0 0.733943 0.112832 0.047650 0.070477
0 0.699499 0.174227 0.044136 0.067723
0 0.612226 0.360655 0.058045 0.077490
0 0.570097 0.435036 0.052351 0.078008
0 0.538168 0.501283 0.043299 0.064419
0 0.467292 0.655449 0.054355 0.062884
0 0.389469 0.813983 0.063992 0.097777
0 0.250341 0.950249 0.036304 0.060211
0 0.279430 0.906338 0.038907 0.078350
0 0.306417 0.852063 0.038586 0.065403
0 0.333609 0.797668 0.042905 0.060089
0 0.363930 0.736424 0.043072 0.057741
0 0.385041 0.685049 0.032615 0.050316
0 0.444780 0.571773 0.037920 0.055390
0 0.469701 0.517663 0.038566 0.052571
0 0.219191 0.968396 0.021854 0.029967
0 0.243347 0.935067 0.032621 0.067401
0 0.269239 0.883135 0.031598 0.065908
0 0.296958 0.835420 0.033347 0.066081
0 0.320376 0.785827 0.035266 0.052492
0 0.346483 0.736493 0.039116 0.055225
0 0.370455 0.683462 0.035446 0.047543
0 0.392625 0.634009 0.034991 0.043312
0 0.421592 0.581438 0.032751 0.048918
0 0.444698 0.530908 0.034106 0.047893
0 0.192852 0.970956 0.020340 0.030606
0 0.215404 0.943226 0.021403 0.053992
0 0.236685 0.897654 0.027020 0.051839
0 0.258285 0.856889 0.028131 0.060939
0 0.280739 0.818550 0.036029 0.056397
0 0.298245 0.780214 0.032511 0.045192
0 0.361426 0.650225 0.038936 0.036912
0 0.388096 0.606067 0.034566 0.036085
0 0.408639 0.564111 0.030760 0.036122
0 0.428900 0.522322 0.031169 0.043200
0 0.542825 0.366110 0.046526 0.062273
0 0.386509 0.729190 0.019030 0.038218
0 0.450955 0.591139 0.019779 0.050882
0 0.256386 0.965805 0.023844 0.026897
