1 0.643704 0.854289 0.159396 0.163348
1 0.754514 0.675872 0.189182 0.202249
1 0.852130 0.537271 0.194412 0.131784
1 0.929131 0.387055 0.116979 0.156820
1 0.962139 0.257617 0.058942 0.100341
1 0.313150 0.973146 0.073274 0.053707
1 0.387977 0.910324 0.099424 0.141037
0 0.470539 0.827827 0.105691 0.103923
1 0.622482 0.583636 0.111402 0.131934
1 0.678087 0.484772 0.105047 0.099505
1 0.724383 0.391501 0.103154 0.127030
1 0.850698 0.230249 0.109323 0.115148
1 0.276300 0.961774 0.044473 0.076452
1 0.417034 0.801996 0.080000 0.102999
1 0.534488 0.599959 0.067327 0.114225
1 0.587179 0.507756 0.076433 0.102869
1 0.701937 0.333583 0.089784 0.104483
1 0.894251 0.081957 0.075027 0.089728
1 0.758527 0.263186 0.082897 0.091149
1 0.614873 0.357945 0.080861 0.124694
1 0.439178 0.620503 0.074072 0.110473
1 0.345581 0.764175 0.058669 0.084566
1 0.240067 0.912852 0.052130 0.083546
1 0.194519 0.968771 0.046636 0.062459
1 0.359810 0.685501 0.055024 0.082855
1 0.476566 0.496747 0.084319 0.116957
1 0.535357 0.958820 0.120640 0.082360
0 0.555186 0.719254 0.123359 0.108286
0 0.819847 0.322638 0.104864 0.089843
0 0.336408 0.887993 0.052346 0.080651
0 0.476914 0.715492 0.087113 0.086615
0 0.649239 0.422604 0.049266 0.054099
0 0.780561 0.158916 0.063300 0.074405
0 0.748939 0.210233 0.058098 0.061954
0 0.705561 0.265800 0.054137 0.059907
0 0.591572 0.438440 0.069667 0.066842
0 0.538610 0.505670 0.063907 0.068662
0 0.497165 0.564545 0.052843 0.061219
0 0.404227 0.711472 0.063959 0.059986
0 0.304812 0.855292 0.074240 0.098866
0 0.142374 0.968096 0.040687 0.063808
0 0.178893 0.925991 0.043704 0.076196
0 0.213864 0.876426 0.044134 0.063522
0 0.248956 0.826653 0.051091 0.058331
0 0.287871 0.771392 0.051395 0.054360
0 0.316143 0.722219 0.039544 0.049293
0 0.392240 0.619639 0.046143 0.050972
0 0.424906 0.568244 0.046432 0.045530
0 0.105231 0.981517 0.029098 0.036966
0 0.138254 0.947410 0.036207 0.065081
0 0.171281 0.899866 0.036677 0.063898
0 0.206622 0.856696 0.039357 0.064012
0 0.237119 0.811062 0.041230 0.051403
0 0.269675 0.765741 0.046013 0.055031
0 0.301386 0.716752 0.042573 0.047194
0 0.330674 0.671970 0.041439 0.041487
0 0.367224 0.622255 0.039996 0.046009
0 0.397558 0.576262 0.041248 0.041711
0 0.079826 0.979508 0.020931 0.040984
0 0.108391 0.949636 0.023578 0.052899
0 0.135856 0.907570 0.029856 0.051375
0 0.164004 0.870479 0.031170 0.060424
0 0.191934 0.835419 0.040896 0.055864
0 0.215360 0.800448 0.037834 0.046286
0 0.296500 0.678744 0.044670 0.032926
0 0.329676 0.641592 0.040158 0.030559
0 0.356253 0.602836 0.036266 0.031242
0 0.382519 0.563834 0.037620 0.037533
0 0.519800 0.428391 0.055863 0.053743
0 0.311777 0.768899 0.024534 0.039286
0 0.396005 0.641565 0.026968 0.051516
0 0.143916 0.984691 0.031425 0.030619
