1 0.538449 0.867377 0.208959 0.115923
1 0.632727 0.650230 0.276359 0.258768
1 0.735750 0.415737 0.246388 0.181396
1 0.871884 0.198326 0.246620 0.248388
1 0.909286 0.048987 0.181428 0.097974
1 0.260375 0.895879 0.133943 0.139688
1 0.437954 0.575656 0.144607 0.194571
1 0.501133 0.425451 0.136189 0.143111
1 0.558781 0.283616 0.145611 0.165761
1 0.696037 0.057444 0.124866 0.114887
1 0.174366 0.921433 0.066812 0.107161
1 0.325461 0.624822 0.090112 0.156019
1 0.379972 0.485183 0.104163 0.152138
1 0.517448 0.220817 0.112406 0.153518
1 0.584683 0.097558 0.106802 0.121022
1 0.407800 0.280139 0.105740 0.177352
1 0.206693 0.689378 0.101861 0.151709
1 0.096408 0.907101 0.074687 0.115657
1 0.105518 0.797769 0.072102 0.116712
1 0.238456 0.513104 0.112460 0.157916
0 0.364042 0.760734 0.153878 0.165419
0 0.670860 0.150411 0.130773 0.138182
0 0.271029 0.779111 0.091306 0.081294
0 0.458513 0.351646 0.059075 0.088357
0 0.568828 0.041748 0.070066 0.083496
0 0.516282 0.127523 0.064868 0.097688
0 0.384481 0.393503 0.084531 0.112423
0 0.321908 0.500252 0.076786 0.112652
0 0.273819 0.594847 0.063501 0.093035
0 0.166595 0.814688 0.078506 0.091854
0 0.056210 0.862224 0.039737 0.069944
0 0.141465 0.700592 0.055544 0.080054
0 0.179161 0.623426 0.056237 0.076200
0 0.040562 0.852133 0.035286 0.049567
0 0.066037 0.790787 0.050673 0.061913
0 0.109130 0.715981 0.048045 0.070637
0 0.144104 0.643935 0.049828 0.069332
0 0.030374 0.813972 0.039440 0.047951
0 0.061702 0.753002 0.049662 0.052998
0 0.092596 0.693066 0.044463 0.052723
0 0.123094 0.633384 0.045499 0.062573
0 0.289281 0.407015 0.067767 0.090336
0 0.058370 0.911360 0.014329 0.029621
0 0.148601 0.726880 0.030449 0.072178
