1 0.939418 0.474606 0.113721 0.209710
1 0.856102 0.644193 0.093528 0.184098
1 0.651941 0.897866 0.085446 0.204268
1 0.545627 0.936465 0.097711 0.127069
1 0.929552 0.225579 0.084884 0.146965
1 0.864843 0.321343 0.089915 0.152375
1 0.789624 0.426545 0.073680 0.151367
1 0.722496 0.511735 0.069892 0.160716
1 0.653098 0.610658 0.066251 0.163504
1 0.520002 0.793337 0.077153 0.173325
1 0.460458 0.855819 0.057115 0.162985
1 0.403797 0.912719 0.064187 0.174562
1 0.887029 0.199777 0.050761 0.084790
1 0.766847 0.353879 0.042037 0.067044
1 0.663573 0.512955 0.050066 0.087575
1 0.541008 0.661050 0.060927 0.112006
1 0.485482 0.716834 0.060499 0.121316
1 0.380419 0.853827 0.060709 0.128638
1 0.330295 0.926820 0.047518 0.129951
1 0.405414 0.727358 0.069752 0.127882
1 0.568780 0.522644 0.059301 0.123823
1 0.655569 0.408410 0.045691 0.091117
1 0.748342 0.277326 0.043060 0.085427
1 0.790518 0.223610 0.045800 0.078663
1 0.833656 0.164126 0.052295 0.084154
1 0.612518 0.407435 0.045892 0.087416
1 0.499435 0.539375 0.061539 0.139221
0 0.761087 0.778867 0.102262 0.253691
0 0.592184 0.724528 0.065828 0.175239
0 0.360002 0.981897 0.028755 0.036205
0 0.821547 0.279221 0.058092 0.095395
0 0.718977 0.425714 0.042116 0.069129
0 0.601986 0.611360 0.031368 0.106050
0 0.432158 0.797125 0.035520 0.063632
0 0.271884 0.940438 0.058562 0.099437
0 0.304286 0.906221 0.044389 0.091158
0 0.343937 0.843793 0.039262 0.069796
0 0.449924 0.709603 0.045386 0.092633
0 0.492658 0.643689 0.045317 0.082957
0 0.530376 0.594452 0.037427 0.068618
0 0.617943 0.485675 0.037274 0.087449
0 0.708447 0.364787 0.053335 0.103538
0 0.871858 0.141699 0.035627 0.032559
0 0.794575 0.142950 0.042121 0.054125
0 0.764966 0.185788 0.043557 0.063739
0 0.733921 0.227436 0.036382 0.062778
0 0.702460 0.269481 0.034184 0.068694
0 0.667496 0.316479 0.032838 0.068904
0 0.638848 0.348556 0.027875 0.051830
0 0.574144 0.441473 0.032223 0.060169
0 0.543406 0.479728 0.030741 0.061469
0 0.780862 0.133388 0.033915 0.040374
0 0.753030 0.166981 0.036694 0.051115
0 0.725628 0.210076 0.036805 0.053586
0 0.697355 0.246133 0.029086 0.056885
0 0.669209 0.287125 0.030343 0.062940
0 0.638989 0.323765 0.027835 0.056553
0 0.610711 0.357671 0.025079 0.056149
0 0.580780 0.402918 0.028413 0.051889
0 0.552087 0.438360 0.027943 0.054259
0 0.760872 0.122440 0.024626 0.025699
0 0.739485 0.146267 0.033564 0.046321
0 0.717568 0.181564 0.031078 0.058792
0 0.695206 0.208170 0.025340 0.052538
0 0.621741 0.306079 0.022022 0.063272
0 0.596125 0.348000 0.021596 0.055896
0 0.572218 0.379727 0.021383 0.049449
0 0.548417 0.410988 0.025229 0.049627
0 0.457113 0.592501 0.036466 0.074239
0 0.662695 0.354273 0.021797 0.029437
0 0.584208 0.453334 0.028653 0.029788
0 0.806470 0.144807 0.031103 0.052979
