1 0.570568 0.809961 0.167006 0.145286
1 0.697258 0.696707 0.187008 0.214817
1 0.809331 0.635383 0.185707 0.156491
1 0.922009 0.552665 0.155982 0.146583
1 0.960265 0.446846 0.079470 0.112391
1 0.074908 0.907851 0.046818 0.120697
1 0.151953 0.858887 0.071412 0.151306
1 0.249385 0.788290 0.083371 0.134698
1 0.330701 0.726268 0.094702 0.133343
1 0.425036 0.664980 0.094012 0.124054
1 0.596537 0.550360 0.111221 0.134091
1 0.663541 0.488168 0.103987 0.114720
1 0.726507 0.430873 0.100867 0.119356
1 0.864226 0.341617 0.106377 0.086386
1 0.988385 0.220387 0.023231 0.054433
1 0.073729 0.823920 0.049070 0.063817
1 0.227343 0.720179 0.040192 0.068718
1 0.369344 0.640847 0.053748 0.101386
1 0.521936 0.524901 0.066390 0.103754
1 0.577457 0.463534 0.086029 0.083641
1 0.715633 0.358564 0.088224 0.070595
1 0.935644 0.224370 0.086316 0.079468
1 0.778846 0.335467 0.078432 0.090559
1 0.631766 0.341344 0.072500 0.099770
1 0.430629 0.491271 0.067753 0.104393
1 0.322028 0.570566 0.052942 0.078567
1 0.203594 0.651045 0.046778 0.073755
1 0.150384 0.690177 0.042155 0.076010
1 0.092094 0.726958 0.045864 0.084694
1 0.350253 0.509668 0.048346 0.071049
1 0.488545 0.390976 0.070576 0.102138
0 0.425327 0.883385 0.143955 0.079821
0 0.517451 0.638492 0.122218 0.103101
0 0.821177 0.419026 0.103954 0.073985
0 0.155636 0.766555 0.064101 0.072442
0 0.292714 0.681337 0.055350 0.069469
0 0.455754 0.590198 0.069041 0.064259
0 0.651314 0.415952 0.053047 0.036892
0 0.821310 0.239217 0.084819 0.041770
0 0.784413 0.272845 0.071906 0.023680
0 0.729346 0.302660 0.058376 0.028307
0 0.597917 0.399956 0.073245 0.038982
0 0.539228 0.436235 0.068534 0.054535
0 0.491741 0.465880 0.056653 0.050029
0 0.384161 0.553288 0.065640 0.054071
0 0.272107 0.632509 0.074836 0.079773
0 0.054313 0.774629 0.030810 0.048338
0 0.036394 0.695635 0.016995 0.029101
0 0.063586 0.682238 0.041153 0.050413
0 0.105721 0.655388 0.041771 0.050420
0 0.146861 0.631556 0.043345 0.053742
0 0.187438 0.605154 0.043670 0.044581
0 0.227410 0.577659 0.053207 0.042257
0 0.271486 0.547316 0.053658 0.040567
0 0.304889 0.518226 0.042075 0.035726
0 0.390406 0.464857 0.049302 0.037342
0 0.428203 0.432697 0.048996 0.025828
0 0.038309 0.671836 0.027269 0.027471
0 0.069957 0.652163 0.035961 0.035410
0 0.106281 0.629329 0.037925 0.044663
0 0.145225 0.603668 0.036996 0.044541
0 0.184746 0.581814 0.041003 0.044477
0 0.220038 0.556530 0.041971 0.037195
0 0.255796 0.531624 0.047204 0.042333
0 0.292819 0.503150 0.044796 0.038458
0 0.326970 0.478554 0.042867 0.032791
0 0.367632 0.450413 0.042911 0.035386
0 0.402786 0.426685 0.043757 0.028962
0 0.028855 0.646667 0.016909 0.030919
0 0.049816 0.635261 0.026947 0.040230
0 0.080109 0.615725 0.027086 0.038351
0 0.112552 0.592046 0.028162 0.038791
0 0.144875 0.572670 0.029635 0.045702
0 0.175524 0.553858 0.040053 0.042106
0 0.203183 0.535338 0.038288 0.038856
0 0.295144 0.468566 0.044379 0.028407
0 0.331485 0.448735 0.040553 0.024239
0 0.361835 0.429042 0.037309 0.023748
0 0.391893 0.408736 0.039816 0.019974
0 0.536908 0.358584 0.058759 0.028077
0 0.292615 0.560113 0.027917 0.036128
0 0.389793 0.489718 0.032401 0.041739
0 0.052075 0.725638 0.039455 0.049288
0 0.101009 0.676092 0.037510 0.035113
