1 0.292103 0.835208 0.151891 0.201658
1 0.183747 0.702945 0.143139 0.125932
1 0.058423 0.563816 0.116846 0.164418
1 0.021093 0.438547 0.042186 0.075269
1 0.593835 0.926245 0.119453 0.123407
1 0.410965 0.728478 0.131261 0.152678
1 0.344308 0.620658 0.124216 0.127008
1 0.283459 0.522957 0.131238 0.149086
1 0.137294 0.358964 0.129478 0.126579
1 0.672808 0.928963 0.061195 0.114614
1 0.514802 0.724517 0.079397 0.130307
1 0.456886 0.627869 0.100433 0.117758
1 0.313803 0.446967 0.106410 0.111849
1 0.075777 0.187668 0.104959 0.114958
1 0.246094 0.382163 0.097992 0.110075
1 0.416892 0.458288 0.095158 0.137162
1 0.625549 0.727076 0.091214 0.129787
1 0.739802 0.874156 0.069136 0.099183
1 0.721739 0.787056 0.064731 0.093687
1 0.581380 0.588672 0.098898 0.133941
0 0.492272 0.868371 0.146286 0.128438
0 0.174929 0.469327 0.124358 0.092304
0 0.575490 0.835943 0.085314 0.078269
0 0.377315 0.542245 0.058779 0.052349
0 0.211937 0.252096 0.093110 0.088360
0 0.249012 0.308788 0.081536 0.061055
0 0.308653 0.370452 0.064597 0.058066
0 0.445385 0.547538 0.082970 0.062640
0 0.508713 0.613029 0.076223 0.069678
0 0.558402 0.672221 0.063026 0.067346
0 0.669918 0.825351 0.076037 0.070057
0 0.788019 0.949772 0.086283 0.067846
0 0.889292 0.961635 0.038229 0.039533
0 0.854291 0.925592 0.060804 0.063670
0 0.807680 0.869453 0.061178 0.059848
0 0.773699 0.818597 0.047137 0.053813
0 0.682607 0.716897 0.055020 0.053349
0 0.643412 0.661903 0.055313 0.042905
0 0.898786 0.941657 0.035303 0.050793
0 0.867961 0.904331 0.048987 0.056090
0 0.829060 0.858280 0.054701 0.061133
0 0.790984 0.807833 0.050706 0.053356
0 0.755821 0.762338 0.049293 0.046465
0 0.712103 0.711468 0.047706 0.051107
0 0.675702 0.666010 0.049157 0.041602
0 0.913504 0.913940 0.032417 0.045259
0 0.893369 0.886920 0.044933 0.052820
0 0.796175 0.762973 0.052982 0.037241
0 0.756540 0.726963 0.047685 0.031954
0 0.724686 0.688448 0.043122 0.031928
0 0.693198 0.646872 0.044826 0.035521
0 0.529645 0.519041 0.066533 0.050400
0 0.779546 0.873032 0.029397 0.046190
0 0.678507 0.743468 0.032459 0.058138
