1 0.938314 0.498359 0.123372 0.200922
1 0.802090 0.667104 0.100563 0.147115
1 0.507817 0.874796 0.124508 0.096962
1 0.963268 0.208088 0.073464 0.187077
1 0.880998 0.301429 0.108942 0.192350
1 0.767848 0.402671 0.085060 0.182926
1 0.668024 0.478888 0.081579 0.198532
1 0.560639 0.574497 0.097112 0.198976
1 0.359050 0.747197 0.111768 0.206276
1 0.269495 0.801929 0.094109 0.193600
1 0.182392 0.853259 0.098745 0.211181
1 0.934777 0.159362 0.071132 0.106201
1 0.753455 0.303846 0.054714 0.084100
1 0.589021 0.461950 0.068981 0.117500
1 0.405520 0.593532 0.081041 0.139226
1 0.325242 0.646481 0.089700 0.143025
1 0.166433 0.767623 0.093597 0.144066
1 0.094972 0.835690 0.057338 0.142436
1 0.224049 0.623527 0.094187 0.155739
1 0.471879 0.434399 0.079405 0.150465
1 0.603028 0.326571 0.060377 0.108306
1 0.744289 0.197584 0.052048 0.105197
1 0.808103 0.147665 0.055910 0.098604
1 0.873507 0.091310 0.066555 0.107205
1 0.546163 0.306532 0.061848 0.105512
1 0.381396 0.422949 0.079240 0.172252
0 0.658784 0.792276 0.136603 0.207713
0 0.455120 0.694622 0.110018 0.194924
0 0.115882 0.945616 0.039470 0.081013
0 0.836197 0.232897 0.080339 0.107705
0 0.675300 0.372954 0.057636 0.072214
0 0.491803 0.557444 0.056764 0.121190
0 0.243536 0.720797 0.057239 0.065095
0 0.077932 0.787635 0.040644 0.061682
0 0.123516 0.742880 0.063161 0.071277
0 0.283238 0.618431 0.075389 0.097373
0 0.349986 0.553453 0.073379 0.085273
0 0.407123 0.507307 0.060624 0.070558
0 0.538670 0.407107 0.064176 0.094223
0 0.673043 0.290832 0.076527 0.113446
0 0.943557 0.053458 0.080303 0.095929
0 0.872782 0.012584 0.047567 0.025168
0 0.829383 0.046631 0.059080 0.067761
0 0.783287 0.091616 0.060465 0.072379
0 0.735511 0.130758 0.050626 0.069905
0 0.686308 0.170543 0.053693 0.072937
0 0.634269 0.215413 0.054432 0.072971
0 0.592127 0.243858 0.044362 0.053766
0 0.492479 0.333629 0.052412 0.062116
0 0.446289 0.368892 0.050809 0.064356
0 0.817391 0.027802 0.052869 0.055604
0 0.771894 0.063545 0.051226 0.055973
0 0.729154 0.105123 0.051459 0.057528
0 0.684554 0.138730 0.043017 0.061768
0 0.643157 0.179624 0.046112 0.067841
0 0.597279 0.212860 0.046185 0.059394
0 0.555042 0.243686 0.042644 0.060026
0 0.508474 0.288044 0.045983 0.053311
0 0.465409 0.320625 0.045863 0.056474
0 0.793311 0.012995 0.035192 0.025991
0 0.758708 0.031223 0.044906 0.053352
0 0.725048 0.066566 0.041662 0.066019
0 0.688119 0.090193 0.036832 0.057361
0 0.579144 0.183574 0.040223 0.070216
0 0.538655 0.225545 0.038222 0.061146
0 0.502337 0.255444 0.036673 0.053154
0 0.466245 0.284804 0.041537 0.051789
0 0.315545 0.474626 0.060535 0.078000
0 0.620972 0.262782 0.033214 0.031703
0 0.502753 0.356072 0.041889 0.032354
0 0.909765 0.028989 0.060538 0.057978
0 0.843526 0.057169 0.044459 0.059690
