1 0.049999 0.423035 0.099997 0.215566
1 0.124656 0.576442 0.097568 0.187969
1 0.331354 0.821760 0.085930 0.254929
1 0.439064 0.845466 0.100223 0.200819
1 0.051065 0.168948 0.088731 0.146561
1 0.115388 0.248065 0.090189 0.151308
1 0.193215 0.344742 0.073905 0.147029
1 0.260548 0.416742 0.070105 0.157842
0 0.317630 0.521447 0.057983 0.139131
1 0.463660 0.661324 0.077389 0.167077
1 0.523386 0.713661 0.057289 0.156961
1 0.580220 0.756300 0.064383 0.158408
1 0.681211 0.865384 0.065979 0.092058
1 0.095513 0.136832 0.050916 0.083861
1 0.209843 0.270073 0.054601 0.065679
1 0.319650 0.424203 0.050219 0.115955
1 0.442590 0.535321 0.061113 0.110351
1 0.497820 0.586251 0.060684 0.113366
1 0.603670 0.698901 0.060894 0.120371
1 0.764608 0.880169 0.052107 0.043380
1 0.653946 0.764737 0.047663 0.126421
1 0.578599 0.579943 0.069965 0.123953
1 0.414733 0.398789 0.059482 0.109454
1 0.327679 0.305342 0.045831 0.087778
1 0.234623 0.189846 0.043191 0.083766
1 0.192318 0.143699 0.045940 0.077832
1 0.149048 0.092164 0.052455 0.083956
1 0.370861 0.296812 0.046032 0.084859
1 0.484290 0.407670 0.061727 0.136841
0 0.221551 0.700759 0.105712 0.240489
0 0.380204 0.605636 0.066029 0.163442
0 0.631376 0.861521 0.047660 0.107915
0 0.161194 0.204964 0.058269 0.089614
0 0.264077 0.332391 0.042245 0.062594
0 0.386586 0.499170 0.066639 0.136718
0 0.551773 0.652548 0.035629 0.057062
0 0.706838 0.762441 0.048240 0.071970
0 0.675624 0.731508 0.041089 0.067946
0 0.640263 0.684082 0.039382 0.062540
0 0.533953 0.568903 0.045524 0.084119
0 0.491088 0.510780 0.045455 0.074557
0 0.453254 0.468324 0.037541 0.061680
0 0.365420 0.375231 0.037388 0.080336
0 0.274639 0.269796 0.053498 0.095875
0 0.098120 0.053558 0.060956 0.079374
0 0.156375 0.020645 0.042051 0.041290
0 0.188249 0.062609 0.042249 0.056142
0 0.217948 0.102803 0.043690 0.060043
0 0.249088 0.138758 0.036493 0.058582
0 0.280645 0.175165 0.034289 0.062673
0 0.315715 0.216022 0.032938 0.062788
0 0.344451 0.243030 0.027960 0.046778
0 0.409353 0.324230 0.032322 0.054184
0 0.440184 0.356979 0.030835 0.055715
0 0.173826 0.015626 0.030999 0.031251
0 0.200157 0.047248 0.037712 0.050876
0 0.229921 0.082387 0.036806 0.047318
0 0.257406 0.120025 0.036918 0.049143
0 0.285766 0.151041 0.029175 0.052450
0 0.313997 0.187382 0.030436 0.057831
0 0.344310 0.218532 0.027920 0.051334
0 0.372674 0.247386 0.025155 0.051392
0 0.402697 0.287186 0.028500 0.046624
0 0.431478 0.317491 0.028028 0.049046
0 0.196248 0.009530 0.025620 0.019060
0 0.220082 0.030751 0.028646 0.042304
0 0.243507 0.059336 0.033667 0.043937
0 0.265491 0.090681 0.031173 0.055084
0 0.287921 0.113097 0.025418 0.048567
0 0.361611 0.198172 0.022089 0.058947
0 0.387305 0.235397 0.021662 0.051720
0 0.411285 0.262820 0.021448 0.045377
0 0.435158 0.289801 0.025306 0.044914
0 0.526741 0.454237 0.036577 0.067400
0 0.320532 0.252649 0.021863 0.025508
0 0.399258 0.338120 0.028740 0.025686
0 0.130049 0.032606 0.043531 0.061149
0 0.176317 0.068885 0.031198 0.050067
