1 0.695910 0.877792 0.181770 0.204619
1 0.812794 0.780070 0.172463 0.132754
1 0.932406 0.670232 0.118462 0.147621
1 0.269583 0.961560 0.099224 0.076880
1 0.382374 0.913912 0.114453 0.150035
1 0.575586 0.745439 0.131423 0.158136
1 0.647668 0.656756 0.125364 0.133857
1 0.715684 0.575227 0.126864 0.144017
1 0.870462 0.444396 0.129654 0.112924
1 0.146144 0.986664 0.040755 0.026671
1 0.306411 0.894316 0.063036 0.123140
1 0.476166 0.725697 0.080092 0.127434
1 0.538181 0.642245 0.102350 0.107976
1 0.691902 0.493067 0.106960 0.096276
1 0.935178 0.290787 0.090230 0.103858
1 0.763543 0.449925 0.097074 0.109717
1 0.588823 0.485141 0.091872 0.122469
1 0.365107 0.702879 0.087699 0.127673
1 0.243238 0.819872 0.067276 0.096708
1 0.109618 0.939011 0.059078 0.092351
1 0.063000 0.973974 0.025173 0.052051
1 0.268104 0.741934 0.062370 0.086621
1 0.420289 0.575573 0.093626 0.125757
0 0.487083 0.865705 0.147514 0.126199
0 0.826634 0.547504 0.125431 0.086043
0 0.221030 0.957055 0.064534 0.085890
0 0.407131 0.818038 0.084898 0.077920
0 0.622157 0.572232 0.061268 0.044052
0 0.805040 0.327917 0.097451 0.066119
0 0.764655 0.375187 0.084138 0.042008
0 0.701860 0.422472 0.067371 0.042721
0 0.555274 0.563588 0.085655 0.047372
0 0.488487 0.616741 0.079320 0.067471
0 0.435356 0.662215 0.065579 0.063310
0 0.315607 0.787463 0.077745 0.067298
0 0.189191 0.904046 0.089490 0.102620
0 0.051617 0.913597 0.025738 0.047552
0 0.083456 0.886551 0.052745 0.060008
0 0.128312 0.846135 0.062533 0.056276
0 0.177914 0.801425 0.062980 0.053498
0 0.214719 0.759786 0.048897 0.047571
0 0.311342 0.680082 0.057171 0.048215
0 0.353423 0.634709 0.057187 0.033487
0 0.043294 0.882355 0.022679 0.039270
0 0.077415 0.859483 0.047924 0.060074
0 0.116577 0.822360 0.049927 0.049554
0 0.157454 0.785675 0.055921 0.055283
0 0.198489 0.744641 0.052364 0.049322
0 0.236365 0.708404 0.050559 0.042455
0 0.282544 0.667432 0.049653 0.046213
0 0.321653 0.632237 0.050931 0.036910
0 0.033876 0.847746 0.024091 0.043909
0 0.062685 0.827819 0.048645 0.055348
0 0.093170 0.800131 0.045689 0.049383
0 0.196628 0.701575 0.053484 0.035536
0 0.238230 0.672636 0.048447 0.030395
0 0.272244 0.642760 0.044133 0.030036
0 0.305895 0.610977 0.046400 0.028221
0 0.475061 0.522327 0.068698 0.039732
0 0.205081 0.811987 0.031344 0.044711
0 0.313431 0.708542 0.035406 0.053625
