1 0.376230 0.953204 0.111836 0.093592
0 0.475649 0.921351 0.123175 0.114524
1 0.668579 0.691990 0.127972 0.147647
1 0.739200 0.593957 0.121921 0.123554
1 0.801325 0.504851 0.113785 0.141401
1 0.939584 0.356952 0.091140 0.117464
1 0.251250 0.986219 0.039988 0.027562
1 0.421071 0.872868 0.090522 0.118522
1 0.572456 0.683770 0.077889 0.124021
1 0.638101 0.592761 0.090254 0.103265
1 0.783327 0.430354 0.103986 0.102824
1 0.853274 0.374280 0.094258 0.105338
1 0.683159 0.435868 0.089006 0.127314
1 0.463418 0.675848 0.082756 0.117044
1 0.345442 0.811744 0.065223 0.094319
1 0.214946 0.947044 0.057295 0.091559
1 0.155970 0.981473 0.046607 0.037053
1 0.370172 0.730851 0.060414 0.087783
1 0.519045 0.549694 0.090545 0.126032
0 0.582098 0.820498 0.143452 0.122407
0 0.913912 0.462210 0.121980 0.083572
0 0.323061 0.947993 0.062893 0.087453
0 0.495342 0.796109 0.101133 0.096661
0 0.715032 0.517938 0.059745 0.046280
0 0.886958 0.260784 0.077283 0.064945
0 0.846851 0.309070 0.070260 0.052513
0 0.793405 0.358702 0.065700 0.051370
0 0.650136 0.518937 0.083461 0.054629
0 0.584947 0.577680 0.077339 0.066131
0 0.533029 0.630580 0.063940 0.063391
0 0.415975 0.769536 0.075693 0.066341
0 0.292514 0.901383 0.087076 0.104297
0 0.101217 0.975121 0.046646 0.049759
0 0.146132 0.944666 0.050184 0.076205
0 0.189901 0.899713 0.051290 0.063410
0 0.233724 0.854041 0.060912 0.058940
0 0.282174 0.803432 0.061353 0.055568
0 0.318175 0.757271 0.047663 0.049817
0 0.412531 0.666205 0.055736 0.049165
0 0.453665 0.615920 0.055729 0.037509
0 0.059104 0.984590 0.034440 0.030821
0 0.098818 0.956732 0.042372 0.064420
0 0.140368 0.913431 0.043033 0.063621
0 0.184210 0.874894 0.046665 0.063658
0 0.222481 0.832980 0.048596 0.051917
0 0.262369 0.791463 0.054445 0.056937
0 0.302492 0.745748 0.051023 0.049991
0 0.339524 0.704734 0.049238 0.043397
0 0.384605 0.658748 0.048413 0.047598
0 0.422834 0.618458 0.049641 0.037729
0 0.034840 0.977953 0.020265 0.043370
0 0.065405 0.950769 0.028457 0.053467
0 0.100577 0.911932 0.033898 0.052761
0 0.135912 0.878497 0.035459 0.062096
0 0.170082 0.846626 0.047288 0.057330
0 0.199901 0.814968 0.044462 0.049643
0 0.300960 0.703275 0.052017 0.035200
0 0.341551 0.670740 0.047143 0.030176
0 0.374785 0.636241 0.042972 0.030059
0 0.407666 0.598700 0.045221 0.031147
0 0.572524 0.486857 0.066939 0.043968
0 0.308494 0.808795 0.030621 0.043835
0 0.414394 0.691923 0.034652 0.054439
0 0.107306 0.993053 0.019936 0.013895
