1 0.165237 0.943862 0.103303 0.107975
1 0.311472 0.949892 0.097939 0.076450
1 0.595437 0.898735 0.180874 0.142501
1 0.728643 0.830847 0.198370 0.230280
1 0.847180 0.825828 0.193800 0.181081
1 0.942296 0.789415 0.115409 0.170820
1 0.079815 0.781922 0.030532 0.120463
1 0.149246 0.768143 0.072795 0.135243
1 0.257063 0.736135 0.086072 0.126213
1 0.343292 0.708357 0.098796 0.127728
0 0.437493 0.724732 0.110288 0.084906
1 0.625723 0.638247 0.117086 0.143197
1 0.697571 0.606491 0.109011 0.125753
1 0.763445 0.574293 0.102637 0.128970
1 0.911487 0.542982 0.111256 0.093075
1 0.078911 0.705164 0.039452 0.066761
1 0.231307 0.663894 0.050730 0.076103
1 0.397351 0.639595 0.078008 0.100195
1 0.549269 0.583883 0.069587 0.107210
1 0.612693 0.549952 0.082130 0.079683
1 0.755608 0.488294 0.092376 0.059024
1 0.971892 0.452995 0.056215 0.070012
1 0.822718 0.502815 0.081756 0.092219
1 0.668614 0.447084 0.076298 0.102538
1 0.453822 0.507165 0.070093 0.087817
1 0.338211 0.545468 0.054863 0.074744
1 0.212363 0.574875 0.048542 0.070199
1 0.155621 0.592686 0.043802 0.070690
1 0.093626 0.607179 0.047516 0.075109
1 0.369493 0.492856 0.049927 0.072289
1 0.516981 0.429213 0.072748 0.107946
0 0.445964 0.931239 0.158834 0.098818
0 0.532395 0.708093 0.128091 0.099685
0 0.864868 0.595277 0.108957 0.081743
0 0.159339 0.675738 0.067038 0.051007
0 0.305055 0.647015 0.058430 0.061332
0 0.478934 0.618523 0.110217 0.094233
0 0.686742 0.530618 0.056106 0.043558
0 0.861858 0.422797 0.073136 0.025518
0 0.822296 0.438070 0.065770 0.013676
0 0.771198 0.447691 0.061751 0.027351
0 0.631228 0.487798 0.077273 0.038577
0 0.568972 0.503057 0.072455 0.051104
0 0.518429 0.510955 0.059893 0.043687
0 0.403816 0.554206 0.069067 0.049763
0 0.284745 0.586479 0.078587 0.065886
0 0.065886 0.549802 0.042702 0.033334
0 0.109741 0.540656 0.044728 0.033958
0 0.153147 0.533469 0.045982 0.037419
0 0.196661 0.523900 0.045762 0.030812
0 0.239181 0.512596 0.056075 0.030572
0 0.286039 0.500362 0.056566 0.030538
0 0.321695 0.485870 0.044446 0.025862
0 0.412539 0.466760 0.052103 0.030438
0 0.452807 0.449243 0.051711 0.020742
0 0.047287 0.527856 0.012384 0.015137
0 0.072481 0.522037 0.038499 0.020944
0 0.110798 0.514062 0.040257 0.029819
0 0.152290 0.504304 0.039108 0.030469
0 0.194169 0.497942 0.043637 0.030276
0 0.231978 0.487447 0.044123 0.026866
0 0.269877 0.477379 0.049667 0.033101
0 0.309353 0.463815 0.047264 0.032104
0 0.345762 0.453889 0.045145 0.026467
0 0.388914 0.441427 0.045368 0.027661
0 0.426371 0.432387 0.046208 0.024703
0 0.052915 0.495803 0.026945 0.029313
0 0.083983 0.488960 0.029278 0.027774
0 0.118466 0.478644 0.029345 0.029641
0 0.152546 0.472143 0.031568 0.034997
0 0.185356 0.465139 0.041921 0.032102
0 0.214879 0.458573 0.040225 0.033451
0 0.312651 0.432033 0.046526 0.025738
0 0.351157 0.423405 0.042594 0.021796
0 0.383448 0.417404 0.039268 0.020774
0 0.415436 0.408620 0.042035 0.020404
0 0.568503 0.418942 0.061993 0.030229
0 0.307876 0.524266 0.029693 0.033828
0 0.411375 0.494295 0.034642 0.036543
0 0.060238 0.589964 0.026008 0.033938
0 0.104401 0.559535 0.039316 0.022032
