1 0.241020 0.966288 0.123328 0.067425
1 0.967041 0.772217 0.065919 0.161099
1 0.872628 0.785569 0.095578 0.163576
1 0.741644 0.793700 0.082167 0.142829
1 0.635865 0.787669 0.103085 0.158545
1 0.515130 0.799715 0.109750 0.151647
1 0.286994 0.811740 0.133396 0.173113
1 0.191360 0.804275 0.119360 0.154918
1 0.103891 0.787676 0.113112 0.164336
1 0.950973 0.691711 0.073561 0.088342
1 0.750199 0.691269 0.053037 0.080003
1 0.560502 0.727752 0.070605 0.119934
1 0.356856 0.719341 0.085384 0.132864
1 0.276789 0.704767 0.103879 0.116346
1 0.096066 0.689291 0.108922 0.089685
1 0.180075 0.605991 0.093841 0.126870
1 0.455156 0.606553 0.078711 0.124946
1 0.600478 0.598947 0.058782 0.091008
1 0.754341 0.582370 0.052520 0.084473
1 0.826697 0.582050 0.053251 0.083872
1 0.901156 0.579294 0.062089 0.093474
1 0.545140 0.545023 0.061494 0.084193
1 0.363822 0.525147 0.085033 0.138216
0 0.392500 0.847975 0.139916 0.111216
0 0.842196 0.690938 0.082016 0.061499
0 0.660977 0.705363 0.068257 0.062675
0 0.451322 0.742206 0.075666 0.074160
0 0.182206 0.713663 0.066671 0.056371
0 0.066315 0.647822 0.064243 0.031405
0 0.238097 0.640348 0.089773 0.046743
0 0.314001 0.636426 0.085777 0.055414
0 0.377377 0.624775 0.070886 0.044124
0 0.522271 0.632366 0.078332 0.053040
0 0.669567 0.624692 0.087473 0.062426
0 0.966703 0.602352 0.066595 0.055679
0 0.971061 0.491786 0.057878 0.032286
0 0.921278 0.498824 0.060683 0.034232
0 0.866185 0.506895 0.061153 0.040153
0 0.813901 0.515567 0.061956 0.042426
0 0.760064 0.517065 0.052298 0.037337
0 0.705814 0.519447 0.064543 0.029418
0 0.647612 0.523388 0.065267 0.028899
0 0.601811 0.521173 0.052231 0.022330
0 0.489713 0.532889 0.061472 0.028374
0 0.438823 0.529188 0.060290 0.023896
0 0.955773 0.462156 0.056120 0.027466
0 0.905659 0.470004 0.050611 0.028214
0 0.858434 0.476858 0.054859 0.038188
0 0.807461 0.481447 0.052781 0.027363
0 0.758125 0.486458 0.054677 0.024981
0 0.708146 0.486854 0.049623 0.028768
0 0.662295 0.494017 0.056307 0.034083
0 0.612050 0.490213 0.054953 0.030812
0 0.565754 0.491792 0.051615 0.026370
0 0.512963 0.494139 0.053731 0.025837
0 0.465566 0.497037 0.054148 0.024310
0 0.967383 0.424716 0.061238 0.033361
0 0.923738 0.432033 0.041753 0.033678
0 0.883981 0.437244 0.041386 0.026122
0 0.840405 0.439096 0.037777 0.032435
0 0.799630 0.439595 0.044307 0.033740
0 0.759307 0.447603 0.046316 0.036746
0 0.720847 0.447749 0.044960 0.034825
0 0.599341 0.452035 0.050977 0.036860
0 0.552868 0.461242 0.047500 0.030876
0 0.512487 0.463222 0.044646 0.023268
0 0.472419 0.464202 0.049149 0.023841
0 0.293778 0.531367 0.072054 0.041380
0 0.627008 0.562954 0.037022 0.036653
0 0.496504 0.565832 0.045061 0.039457
0 0.948384 0.543887 0.062329 0.048134
0 0.878280 0.528252 0.046853 0.031605
