1 0.476485 0.925760 0.202526 0.138629
1 0.327601 0.844697 0.224809 0.258465
1 0.196337 0.820510 0.221979 0.198635
1 0.077830 0.764597 0.155661 0.189449
1 0.033094 0.658807 0.066187 0.098665
1 0.861917 0.797372 0.100258 0.148596
1 0.765605 0.754096 0.113221 0.149409
0 0.659985 0.759429 0.125380 0.100716
1 0.451089 0.638547 0.132286 0.162474
1 0.372243 0.591918 0.123979 0.141691
1 0.300363 0.546522 0.115711 0.145871
1 0.135264 0.492536 0.126996 0.103132
1 0.889224 0.711480 0.047836 0.074312
1 0.708490 0.669210 0.089684 0.116153
1 0.541167 0.586142 0.079160 0.120801
1 0.475559 0.535531 0.102405 0.085246
1 0.312356 0.451834 0.105258 0.067867
1 0.051982 0.377621 0.102636 0.082436
1 0.237536 0.456996 0.093812 0.104262
1 0.412944 0.412361 0.086247 0.116544
1 0.650145 0.516140 0.081498 0.117949
1 0.778542 0.568243 0.063533 0.087607
1 0.918651 0.619565 0.056092 0.080930
1 0.745986 0.504750 0.058129 0.083117
1 0.582844 0.412906 0.085165 0.122148
1 0.657143 0.946820 0.176619 0.093420
0 0.544562 0.714744 0.145735 0.116291
0 0.185625 0.560047 0.123953 0.091912
0 0.811922 0.688581 0.065729 0.073519
0 0.618787 0.638833 0.082514 0.073857
0 0.388108 0.505449 0.062925 0.048150
0 0.195993 0.359636 0.081849 0.030537
0 0.239768 0.382011 0.073829 0.014998
0 0.296792 0.399566 0.069239 0.031603
0 0.452071 0.464734 0.087010 0.044703
0 0.521569 0.489228 0.081316 0.060165
0 0.577694 0.505454 0.067220 0.052546
0 0.704767 0.569843 0.078093 0.058902
0 0.837327 0.622461 0.089136 0.080658
0 0.938712 0.561660 0.052077 0.040096
0 0.891454 0.543313 0.063244 0.039138
0 0.839326 0.523265 0.063770 0.038558
0 0.799916 0.501754 0.049946 0.033101
0 0.698732 0.468489 0.058510 0.037422
0 0.654085 0.443469 0.058191 0.025626
0 0.942134 0.532523 0.048463 0.039617
0 0.900584 0.515568 0.049960 0.034414
0 0.858217 0.499091 0.056162 0.041259
0 0.814506 0.478551 0.053212 0.039167
0 0.774184 0.462293 0.050974 0.032645
0 0.726044 0.442775 0.050912 0.034482
0 0.684523 0.427534 0.051952 0.029933
0 0.951007 0.495995 0.042445 0.039936
0 0.921048 0.484716 0.045593 0.040414
0 0.812292 0.440915 0.052909 0.030609
0 0.769228 0.427289 0.048296 0.025981
0 0.733352 0.415885 0.044381 0.024973
0 0.697824 0.401974 0.047279 0.023435
0 0.525606 0.394944 0.069800 0.032642
0 0.813933 0.547256 0.033008 0.039835
0 0.699124 0.499847 0.038193 0.043080
