1 0.031570 0.445715 0.063140 0.157911
1 0.110620 0.585878 0.084244 0.122984
1 0.342265 0.818517 0.102668 0.182934
1 0.463068 0.830520 0.113480 0.149410
1 0.023769 0.202513 0.047538 0.135420
1 0.076591 0.270052 0.099481 0.167472
1 0.165052 0.358199 0.080516 0.159267
1 0.244089 0.424558 0.075856 0.172854
1 0.326049 0.507801 0.077308 0.173241
1 0.482902 0.658165 0.089714 0.179597
1 0.552094 0.705818 0.067456 0.168561
1 0.621016 0.750508 0.073944 0.183867
1 0.050639 0.146359 0.048463 0.092465
1 0.187110 0.272155 0.047410 0.073222
1 0.310595 0.409811 0.057112 0.102303
1 0.454183 0.524374 0.068174 0.121219
1 0.519187 0.570475 0.070839 0.124526
1 0.642020 0.675948 0.070122 0.125432
1 0.703854 0.741782 0.053915 0.137155
1 0.608769 0.550490 0.079475 0.135596
1 0.416063 0.385823 0.067237 0.131004
1 0.313939 0.291941 0.051746 0.094298
1 0.204383 0.179637 0.047520 0.091591
1 0.154741 0.136175 0.050772 0.085851
1 0.103886 0.087109 0.058619 0.093339
1 0.362690 0.274494 0.052261 0.091865
1 0.494536 0.375855 0.068946 0.149973
0 0.217463 0.694514 0.106887 0.175049
0 0.402402 0.612390 0.077210 0.169713
0 0.674893 0.823547 0.037256 0.055788
0 0.122671 0.210383 0.066641 0.093775
0 0.244332 0.332325 0.046729 0.062874
0 0.385338 0.492954 0.036978 0.105516
0 0.582254 0.635179 0.042679 0.056676
0 0.768026 0.733981 0.070106 0.087469
0 0.730220 0.708284 0.053886 0.083527
0 0.682985 0.654406 0.047150 0.062058
0 0.558272 0.546053 0.055069 0.084779
0 0.507428 0.489479 0.054534 0.074244
0 0.462975 0.449302 0.045045 0.061432
0 0.360036 0.362061 0.045765 0.082036
0 0.253292 0.260825 0.060387 0.098773
0 0.064033 0.072007 0.032119 0.047814
0 0.109094 0.014761 0.047495 0.029521
0 0.146358 0.048208 0.048517 0.058997
0 0.181549 0.087375 0.050022 0.063018
0 0.218315 0.121454 0.041810 0.060863
0 0.256006 0.156094 0.040253 0.063504
0 0.296907 0.195160 0.039499 0.063533
0 0.330243 0.219926 0.032752 0.046812
0 0.406858 0.298087 0.038833 0.054082
0 0.442995 0.328789 0.037239 0.056032
0 0.134393 0.007601 0.022726 0.015201
0 0.158923 0.029151 0.043338 0.053739
0 0.194025 0.062935 0.042209 0.048734
0 0.226612 0.099135 0.042355 0.050087
0 0.260037 0.128395 0.033395 0.053779
0 0.293222 0.164000 0.034388 0.059067
0 0.328871 0.192937 0.033762 0.051712
0 0.362055 0.219777 0.030664 0.052262
0 0.397623 0.258398 0.034186 0.046416
0 0.431344 0.286764 0.033773 0.049170
0 0.180540 0.015119 0.032465 0.030238
0 0.208243 0.034793 0.038144 0.046451
0 0.234183 0.065565 0.035338 0.057480
0 0.261265 0.086136 0.029495 0.049942
0 0.347297 0.167440 0.027587 0.061134
0 0.377887 0.203982 0.026762 0.053238
0 0.406088 0.230014 0.026220 0.046279
0 0.434147 0.255576 0.030524 0.045091
0 0.544702 0.420847 0.044237 0.067912
0 0.303840 0.236403 0.025735 0.027603
0 0.396180 0.317627 0.033408 0.028170
0 0.085728 0.030498 0.037979 0.055179
0 0.133261 0.057384 0.036024 0.051970
