1 0.955877 0.514131 0.088246 0.206605
1 0.894880 0.682281 0.091591 0.177508
1 0.709612 0.917294 0.089457 0.165412
1 0.606236 0.953396 0.098226 0.093208
1 0.937995 0.269834 0.072885 0.136162
1 0.887059 0.352394 0.091790 0.155606
1 0.815604 0.461937 0.076626 0.153738
1 0.753776 0.545709 0.073419 0.163676
0 0.704403 0.659411 0.054749 0.150239
1 0.567825 0.824308 0.072646 0.175711
1 0.511694 0.885630 0.052312 0.165191
1 0.460017 0.926483 0.066603 0.147034
1 0.898680 0.236550 0.048600 0.082968
1 0.794491 0.387087 0.054760 0.068237
1 0.695313 0.561244 0.053130 0.121432
1 0.581568 0.690588 0.061123 0.114158
1 0.530337 0.749556 0.056473 0.117280
1 0.431914 0.880322 0.057824 0.129479
1 0.389913 0.943572 0.047035 0.112856
1 0.449563 0.752868 0.067971 0.129817
1 0.599025 0.545703 0.059260 0.115441
1 0.679555 0.437940 0.044966 0.092357
1 0.764546 0.307832 0.044128 0.086966
1 0.803413 0.254819 0.046616 0.080259
1 0.843058 0.209001 0.052318 0.060041
1 0.637179 0.435008 0.044761 0.088772
1 0.531520 0.564584 0.062260 0.141814
0 0.808718 0.820704 0.102528 0.233895
0 0.651505 0.754971 0.061047 0.176249
0 0.838268 0.313157 0.055974 0.096109
0 0.745053 0.458137 0.042810 0.069046
0 0.634578 0.645110 0.067301 0.147937
0 0.481185 0.824966 0.031511 0.063413
0 0.334723 0.957974 0.043046 0.080000
0 0.363624 0.922274 0.036196 0.075337
0 0.395516 0.868832 0.034866 0.069543
0 0.493242 0.736424 0.039509 0.092584
0 0.531860 0.670989 0.040084 0.082714
0 0.566174 0.622356 0.033830 0.068420
0 0.647890 0.515093 0.032630 0.087639
0 0.730211 0.395381 0.053135 0.103957
0 0.795283 0.186186 0.026711 0.027901
0 0.775274 0.215340 0.041894 0.064259
0 0.746980 0.256488 0.034952 0.063147
0 0.718687 0.298056 0.031935 0.068733
0 0.686931 0.344563 0.030258 0.068923
0 0.659534 0.376080 0.026986 0.051729
0 0.600473 0.468133 0.028553 0.060020
0 0.572022 0.505858 0.026845 0.061409
0 0.762062 0.195689 0.035196 0.051318
0 0.737280 0.238377 0.035277 0.053681
0 0.711349 0.273973 0.028148 0.057058
0 0.685570 0.314717 0.029828 0.063079
0 0.657895 0.350794 0.025318 0.056517
0 0.632246 0.384186 0.022731 0.056223
0 0.604433 0.429078 0.025318 0.051735
0 0.578006 0.464020 0.024509 0.054172
0 0.747156 0.179714 0.032846 0.035149
0 0.727159 0.208996 0.030386 0.059194
0 0.707183 0.235142 0.024692 0.052730
0 0.638742 0.332016 0.019065 0.063620
0 0.616311 0.373699 0.018013 0.056112
0 0.594364 0.405053 0.018228 0.049544
0 0.572493 0.435938 0.022087 0.049562
0 0.492689 0.617252 0.031757 0.074196
0 0.684061 0.382927 0.020669 0.029108
0 0.611732 0.480663 0.027666 0.029175
0 0.809289 0.188948 0.019434 0.026006
