1 0.285111 0.837702 0.139128 0.154306
1 0.206942 0.659072 0.177746 0.182269
1 0.129098 0.510925 0.171206 0.118218
1 0.062065 0.362599 0.124130 0.157961
1 0.039342 0.224264 0.078683 0.127087
1 0.579202 0.984556 0.044764 0.030888
1 0.519225 0.925396 0.092678 0.129776
1 0.456060 0.809077 0.094976 0.114636
1 0.338529 0.589778 0.101751 0.130585
1 0.297332 0.488897 0.095766 0.094457
1 0.259613 0.395522 0.102777 0.117941
1 0.164035 0.229714 0.095107 0.112845
1 0.082945 0.031789 0.039433 0.060254
1 0.615041 0.975930 0.038757 0.048140
1 0.514890 0.821128 0.049584 0.093694
1 0.417057 0.616225 0.064390 0.108787
1 0.381356 0.523177 0.071812 0.101359
1 0.291152 0.346764 0.077595 0.103750
1 0.132826 0.076740 0.078702 0.104995
1 0.245711 0.269711 0.075627 0.083776
1 0.367086 0.380190 0.074684 0.121519
1 0.499656 0.650116 0.072100 0.105534
1 0.573128 0.795216 0.053521 0.080267
1 0.656300 0.948675 0.049338 0.078288
1 0.693216 0.988696 0.036195 0.022609
1 0.569356 0.719574 0.050978 0.080013
1 0.482555 0.529411 0.080220 0.110669
0 0.362951 0.965059 0.090199 0.069883
0 0.385671 0.719229 0.106012 0.110005
0 0.183076 0.314572 0.090081 0.091637
0 0.568905 0.911278 0.042897 0.076043
0 0.451532 0.720355 0.063413 0.058918
0 0.329192 0.435173 0.039803 0.057201
0 0.231924 0.162643 0.062489 0.094856
0 0.254591 0.217214 0.056403 0.070316
0 0.294097 0.281930 0.043687 0.063281
0 0.380986 0.458195 0.057343 0.071952
0 0.422780 0.528081 0.051796 0.072799
0 0.454550 0.590379 0.042839 0.060679
0 0.525142 0.736923 0.053604 0.058794
0 0.602460 0.886023 0.063032 0.094671
0 0.731922 0.990872 0.017323 0.018256
0 0.710721 0.965927 0.038219 0.068145
0 0.683873 0.918250 0.037961 0.062628
0 0.656831 0.867170 0.042356 0.057154
0 0.626694 0.809588 0.042529 0.054582
0 0.605624 0.760462 0.032249 0.048295
0 0.546288 0.653662 0.037507 0.051647
0 0.521467 0.602476 0.038110 0.048863
0 0.745336 0.981469 0.030337 0.037062
0 0.720453 0.946203 0.031125 0.063081
0 0.692919 0.901360 0.032896 0.063232
0 0.669610 0.854549 0.034760 0.050377
0 0.643730 0.808001 0.038575 0.053254
0 0.619833 0.758107 0.035020 0.045089
0 0.597737 0.711575 0.034527 0.040983
0 0.568991 0.661673 0.032405 0.045657
0 0.545975 0.613864 0.033717 0.044577
0 0.771877 0.987768 0.017721 0.024465
0 0.752348 0.958396 0.026506 0.049914
0 0.730848 0.920029 0.027602 0.058684
0 0.708593 0.883898 0.035423 0.054296
0 0.691124 0.847794 0.032032 0.043914
0 0.628321 0.724536 0.038315 0.034564
0 0.601888 0.683633 0.034052 0.033050
0 0.581454 0.644019 0.030341 0.033317
0 0.561296 0.604549 0.030808 0.040184
0 0.448709 0.459316 0.045965 0.057830
0 0.604619 0.803815 0.018923 0.036838
0 0.540453 0.673358 0.019775 0.049284
