1 0.938351 0.512924 0.094681 0.215297
1 0.843960 0.658255 0.093564 0.186317
1 0.600706 0.881059 0.116096 0.237883
1 0.486414 0.900552 0.122074 0.198896
1 0.393517 0.960284 0.074673 0.079433
1 0.957759 0.262813 0.066821 0.137497
1 0.893904 0.332528 0.086295 0.150160
1 0.804311 0.422710 0.067965 0.144473
1 0.726942 0.488626 0.063299 0.155877
0 0.655863 0.589108 0.074258 0.134002
1 0.491956 0.715941 0.085981 0.163596
1 0.423926 0.763613 0.070113 0.153624
1 0.356581 0.802280 0.074389 0.155534
1 0.237477 0.929455 0.080034 0.141090
1 0.929712 0.223970 0.055001 0.083078
1 0.796574 0.347436 0.053825 0.064919
1 0.665813 0.491408 0.054457 0.114126
1 0.526151 0.593250 0.062549 0.109132
1 0.464389 0.640040 0.068765 0.112111
1 0.342876 0.743344 0.070911 0.116219
1 0.146054 0.945621 0.072412 0.108757
1 0.282156 0.805758 0.054484 0.124311
1 0.384485 0.627961 0.073257 0.122159
1 0.573849 0.460299 0.061809 0.106986
1 0.674089 0.374201 0.047125 0.085926
1 0.782083 0.266032 0.040994 0.082664
1 0.830731 0.223398 0.044229 0.077119
1 0.880705 0.175566 0.052273 0.083491
1 0.629702 0.362410 0.048119 0.083360
1 0.503034 0.463563 0.062062 0.135186
0 0.726773 0.774757 0.108520 0.235382
0 0.566351 0.667874 0.081920 0.157555
0 0.286331 0.917848 0.069791 0.133803
0 0.854311 0.286855 0.062249 0.086686
0 0.731882 0.405383 0.043911 0.059458
0 0.599834 0.552285 0.057117 0.111878
0 0.401723 0.701718 0.043358 0.053937
0 0.231201 0.799399 0.057960 0.068024
0 0.266661 0.770911 0.050283 0.064322
0 0.308486 0.726502 0.047855 0.059090
0 0.430635 0.620142 0.056870 0.080023
0 0.481418 0.565683 0.055546 0.070553
0 0.525081 0.526380 0.045889 0.058372
0 0.625729 0.440555 0.048182 0.076868
0 0.728870 0.342342 0.058656 0.092098
0 0.925757 0.149396 0.044188 0.060805
0 0.909065 0.071537 0.029270 0.035022
0 0.882633 0.101950 0.045402 0.045193
0 0.845304 0.143664 0.045675 0.054411
0 0.810216 0.181344 0.046822 0.058159
0 0.773791 0.214651 0.039188 0.056486
0 0.736169 0.248432 0.040431 0.059762
0 0.696459 0.286422 0.041007 0.059835
0 0.664142 0.311096 0.033536 0.044362
0 0.588181 0.386815 0.039650 0.051326
0 0.552842 0.417012 0.038354 0.052952
0 0.899370 0.058369 0.035969 0.036434
0 0.867431 0.094059 0.036502 0.038384
0 0.835470 0.127566 0.040857 0.049422
0 0.800763 0.160317 0.039633 0.045448
0 0.768240 0.195401 0.039804 0.046982
0 0.734421 0.224077 0.032858 0.050277
0 0.702671 0.258224 0.034617 0.055339
0 0.667534 0.286836 0.034845 0.048823
0 0.635191 0.313354 0.032069 0.049083
0 0.599741 0.350596 0.034811 0.044115
0 0.566787 0.378522 0.034653 0.046549
0 0.874394 0.054663 0.032379 0.033300
0 0.847423 0.083494 0.031780 0.032694
0 0.817395 0.109928 0.029787 0.041138
0 0.789869 0.136349 0.034979 0.042699
0 0.764198 0.165827 0.032442 0.053217
0 0.736318 0.186312 0.028320 0.046615
0 0.652783 0.265400 0.029972 0.056793
0 0.622031 0.300407 0.028593 0.049663
0 0.594289 0.325828 0.027547 0.043394
0 0.566712 0.350818 0.031371 0.042654
0 0.452933 0.507056 0.045669 0.064111
0 0.687003 0.322978 0.025360 0.024882
0 0.596588 0.402330 0.032180 0.025383
0 0.907568 0.118301 0.046843 0.059543
0 0.856544 0.150818 0.034271 0.048256
