1 0.118389 0.790848 0.107394 0.163620
1 0.262919 0.862807 0.089633 0.119773
1 0.523155 0.936531 0.147528 0.126938
1 0.650755 0.908204 0.160533 0.183592
1 0.752444 0.946580 0.121903 0.106840
1 0.871047 0.969363 0.117724 0.061274
1 0.950210 0.972544 0.099580 0.054912
1 0.064717 0.568573 0.049756 0.128971
1 0.135447 0.595125 0.067185 0.134403
1 0.240484 0.629530 0.067197 0.117727
1 0.321474 0.644010 0.083282 0.133341
0 0.408616 0.706384 0.096318 0.087190
1 0.589866 0.722631 0.104981 0.130528
1 0.661994 0.731935 0.095036 0.120245
1 0.729488 0.734930 0.092854 0.130328
1 0.867760 0.790595 0.098695 0.107958
1 0.074798 0.512690 0.055084 0.073176
1 0.225437 0.549142 0.048905 0.063202
1 0.382381 0.609341 0.066170 0.094518
1 0.531521 0.636603 0.064688 0.102406
1 0.593965 0.644410 0.074421 0.097174
1 0.730454 0.667461 0.084677 0.080279
1 0.954208 0.759081 0.081759 0.092614
1 0.795468 0.700980 0.070276 0.102010
1 0.661603 0.585402 0.070007 0.105320
1 0.451222 0.530830 0.059573 0.089277
1 0.340201 0.506737 0.045162 0.074865
1 0.221393 0.465527 0.040101 0.070236
1 0.166374 0.452791 0.039186 0.068038
1 0.108625 0.436606 0.044764 0.076115
1 0.379708 0.473201 0.045415 0.067737
1 0.518755 0.492481 0.065404 0.116035
1 0.385553 0.893427 0.151645 0.168112
0 0.509021 0.729286 0.111482 0.103658
0 0.819930 0.805296 0.094873 0.091270
0 0.158006 0.530956 0.061142 0.059516
0 0.297512 0.574011 0.053333 0.039258
0 0.451009 0.637846 0.078221 0.074216
0 0.664307 0.667756 0.051844 0.043561
0 0.840303 0.662488 0.068161 0.033558
0 0.801777 0.654752 0.060555 0.032581
0 0.753619 0.636368 0.057114 0.028970
0 0.618648 0.605050 0.070256 0.043822
0 0.560045 0.584076 0.066771 0.039238
0 0.511486 0.567532 0.055183 0.033925
0 0.400713 0.545718 0.061728 0.045822
0 0.287441 0.509443 0.069309 0.057910
0 0.058442 0.440070 0.051385 0.051458
0 0.053716 0.356409 0.038471 0.030633
0 0.089679 0.370563 0.045432 0.032219
0 0.132076 0.387390 0.045807 0.038208
0 0.172411 0.403348 0.046247 0.040570
0 0.214414 0.414069 0.040249 0.037279
0 0.255351 0.425416 0.050645 0.033907
0 0.300059 0.438870 0.051178 0.033644
0 0.334926 0.443833 0.040742 0.023131
0 0.421189 0.472490 0.047897 0.026272
0 0.460098 0.481000 0.047135 0.028580
0 0.061757 0.337486 0.042624 0.025902
0 0.100333 0.352401 0.038295 0.026892
0 0.136686 0.366121 0.041127 0.035647
0 0.175863 0.378373 0.039474 0.028525
0 0.214417 0.391550 0.041901 0.027673
0 0.252179 0.400289 0.039200 0.030731
0 0.287655 0.415431 0.044376 0.033029
0 0.325998 0.422539 0.042996 0.026652
0 0.361337 0.429256 0.040579 0.028506
0 0.402057 0.444456 0.041821 0.022158
0 0.438284 0.452168 0.042272 0.024582
0 0.055026 0.307000 0.038348 0.028292
0 0.084857 0.319852 0.030922 0.028381
0 0.115442 0.331281 0.030743 0.024053
0 0.148828 0.340153 0.027832 0.030028
0 0.180236 0.348145 0.032631 0.030938
0 0.211782 0.361435 0.036155 0.035984
0 0.240640 0.365614 0.035581 0.028987
0 0.333963 0.393461 0.040580 0.037109
0 0.369945 0.409235 0.037616 0.031071
0 0.400906 0.417560 0.035157 0.025667
0 0.431615 0.425568 0.038393 0.022746
0 0.571236 0.508293 0.056381 0.037542
0 0.317247 0.473000 0.028409 0.024409
0 0.417088 0.498119 0.034190 0.026186
0 0.070762 0.400155 0.046602 0.044113
0 0.123780 0.401238 0.035532 0.031688
