1 0.954602 0.944157 0.090796 0.106511
1 0.662469 0.943957 0.153184 0.112086
1 0.511165 0.900448 0.178312 0.199104
1 0.382656 0.932817 0.154012 0.134366
1 0.242665 0.935958 0.169195 0.128083
1 0.146247 0.922316 0.150951 0.155367
1 0.961544 0.683361 0.071570 0.124815
1 0.868308 0.677306 0.087861 0.138010
1 0.763470 0.686762 0.094336 0.131890
1 0.564586 0.695403 0.115016 0.151626
1 0.480644 0.687947 0.102393 0.135603
1 0.401318 0.672797 0.102258 0.143588
1 0.246501 0.691064 0.107864 0.110448
1 0.073060 0.680409 0.071855 0.089923
1 0.965741 0.594088 0.046623 0.069847
1 0.800892 0.624406 0.062242 0.104819
1 0.623229 0.615247 0.074807 0.116241
1 0.552405 0.601667 0.089963 0.101311
1 0.395385 0.586314 0.094409 0.077824
1 0.141812 0.631943 0.091548 0.092721
1 0.320849 0.615510 0.076085 0.109259
1 0.466369 0.514556 0.083040 0.110803
1 0.706237 0.517315 0.069703 0.108840
1 0.832985 0.511946 0.052190 0.079305
1 0.967483 0.498856 0.046391 0.073643
1 0.783849 0.464490 0.054432 0.073838
1 0.625786 0.445293 0.074035 0.120325
0 0.818011 0.950326 0.148698 0.099348
0 0.656591 0.728118 0.119989 0.097688
0 0.302546 0.723355 0.102141 0.088619
0 0.887972 0.605700 0.059034 0.055236
0 0.705833 0.635792 0.064546 0.064602
0 0.470435 0.608549 0.057781 0.049264
0 0.265501 0.552352 0.076326 0.023112
0 0.309659 0.555086 0.067354 0.020752
0 0.363914 0.549859 0.063689 0.027556
0 0.517833 0.544759 0.077591 0.040509
0 0.583814 0.542202 0.074307 0.048725
0 0.639083 0.532625 0.061405 0.038905
0 0.765556 0.540600 0.067501 0.046667
0 0.893811 0.535265 0.075198 0.055189
0 0.995136 0.442975 0.009728 0.032821
0 0.970836 0.441870 0.045816 0.032204
0 0.923375 0.443532 0.055721 0.025266
0 0.872674 0.446570 0.056363 0.025043
0 0.832625 0.444239 0.045206 0.019459
0 0.735046 0.453285 0.053229 0.025102
0 0.690628 0.449396 0.052131 0.020705
0 0.994007 0.411298 0.011986 0.023255
0 0.968590 0.415065 0.047678 0.021409
0 0.924753 0.414985 0.042717 0.024712
0 0.884931 0.420621 0.048519 0.029726
0 0.841042 0.417067 0.047501 0.027225
0 0.800606 0.418197 0.044523 0.022965
0 0.754697 0.419401 0.046548 0.022484
0 0.713322 0.421714 0.046850 0.021458
0 0.992014 0.375109 0.015973 0.027593
0 0.968894 0.381112 0.040257 0.031731
0 0.934974 0.381076 0.038672 0.030410
0 0.829120 0.383543 0.043734 0.031778
0 0.788769 0.391055 0.040845 0.026815
0 0.753565 0.392541 0.038485 0.019947
0 0.718626 0.393076 0.042512 0.020906
0 0.564141 0.450283 0.062279 0.036101
0 0.855369 0.480789 0.032265 0.032230
0 0.741490 0.482150 0.039455 0.034700
