1 0.949616 0.518298 0.100769 0.219115
1 0.879345 0.670421 0.098830 0.194875
1 0.680680 0.891667 0.083557 0.216666
1 0.577758 0.918574 0.095611 0.162852
1 0.505857 0.979390 0.035551 0.041220
1 0.944345 0.267822 0.085636 0.141626
1 0.880813 0.351096 0.087222 0.146331
1 0.808899 0.442168 0.071674 0.142791
1 0.744738 0.514096 0.068094 0.152969
1 0.678458 0.599862 0.063462 0.154676
1 0.551275 0.757026 0.073969 0.162500
1 0.494179 0.809412 0.054548 0.152689
1 0.440096 0.857943 0.062419 0.165454
1 0.344035 0.957805 0.063143 0.084390
1 0.901049 0.237946 0.048781 0.081164
1 0.786173 0.370413 0.040598 0.063682
1 0.687701 0.509774 0.048613 0.085623
1 0.570551 0.634190 0.058949 0.106880
1 0.517406 0.682443 0.057904 0.112926
1 0.416813 0.797469 0.058298 0.117755
1 0.261406 0.978070 0.054873 0.043859
1 0.369470 0.862351 0.045826 0.122741
1 0.439935 0.681215 0.067201 0.120429
1 0.595936 0.506275 0.057343 0.116900
1 0.678973 0.407965 0.044083 0.085384
1 0.767580 0.293592 0.041794 0.081205
1 0.807894 0.247651 0.044408 0.075323
1 0.849113 0.196437 0.050576 0.081123
1 0.637436 0.401094 0.044219 0.082422
1 0.529137 0.511983 0.059616 0.132597
0 0.786390 0.789126 0.102437 0.260146
0 0.621167 0.701763 0.062977 0.159994
0 0.392801 0.951327 0.044432 0.097345
0 0.838448 0.305799 0.055876 0.087599
0 0.740592 0.432325 0.040829 0.061639
0 0.629155 0.594876 0.030516 0.097842
0 0.466495 0.750825 0.033778 0.056303
0 0.312717 0.867179 0.055741 0.087586
0 0.343756 0.838634 0.042101 0.081504
0 0.381544 0.784022 0.037341 0.061717
0 0.482861 0.669336 0.043052 0.082787
0 0.523600 0.611787 0.043077 0.073530
0 0.559642 0.569554 0.035576 0.060829
0 0.643370 0.476802 0.035250 0.078879
0 0.729793 0.372170 0.051550 0.093987
0 0.898327 0.157417 0.059369 0.077510
0 0.864499 0.095346 0.030783 0.029220
0 0.841373 0.124725 0.040289 0.045464
0 0.811048 0.168920 0.040475 0.054837
0 0.782814 0.208709 0.041885 0.058661
0 0.753184 0.244467 0.034980 0.057340
0 0.723244 0.280651 0.032672 0.061622
0 0.689858 0.321223 0.031388 0.061751
0 0.662332 0.348227 0.026830 0.046095
0 0.600555 0.428775 0.030619 0.053416
0 0.571165 0.461402 0.029172 0.054854
0 0.847746 0.089295 0.023690 0.020535
0 0.825352 0.118954 0.031409 0.038695
0 0.799417 0.154418 0.036121 0.049646
0 0.771089 0.189282 0.035272 0.046389
0 0.744964 0.226622 0.035375 0.048269
0 0.717956 0.257491 0.027995 0.051461
0 0.691075 0.293433 0.029270 0.056780
0 0.662204 0.324513 0.026407 0.050525
0 0.635155 0.353296 0.023742 0.050498
0 0.606612 0.392722 0.027010 0.045985
0 0.579174 0.422922 0.026532 0.048314
0 0.825601 0.086446 0.027145 0.019991
0 0.804868 0.110674 0.028789 0.032761
0 0.780075 0.138989 0.027530 0.041263
0 0.757795 0.167442 0.032356 0.042868
0 0.736875 0.198431 0.029956 0.053874
0 0.715652 0.220840 0.024288 0.047627
0 0.645341 0.305333 0.020715 0.057716
0 0.620944 0.342137 0.020373 0.050709
0 0.598104 0.369402 0.020228 0.044564
0 0.575363 0.396236 0.023950 0.044233
0 0.488708 0.558146 0.034592 0.066336
0 0.685441 0.356811 0.020819 0.025348
0 0.610409 0.441490 0.027452 0.024886
0 0.866851 0.138075 0.041719 0.059611
0 0.822600 0.174605 0.029848 0.049014
