1 0.367842 0.886899 0.175161 0.163502
1 0.270788 0.736427 0.183437 0.201043
1 0.189378 0.621448 0.173989 0.130897
1 0.085494 0.491156 0.168045 0.130431
1 0.056194 0.371868 0.110286 0.099924
1 0.678724 0.963071 0.083810 0.073857
1 0.610909 0.901449 0.088933 0.125876
0 0.535248 0.837758 0.095322 0.091747
1 0.392809 0.636657 0.098639 0.116043
1 0.341462 0.552577 0.094417 0.092697
1 0.297388 0.475009 0.091004 0.112639
1 0.180868 0.343052 0.098177 0.098365
1 0.063149 0.160781 0.066888 0.094258
1 0.710884 0.947942 0.040617 0.089327
1 0.581166 0.807967 0.071337 0.092682
1 0.470922 0.640903 0.060341 0.099377
1 0.422082 0.563611 0.069288 0.087292
1 0.315131 0.420153 0.080781 0.087942
1 0.131889 0.210168 0.079318 0.088954
1 0.262892 0.365509 0.074057 0.082176
1 0.393264 0.434214 0.071356 0.106559
1 0.556224 0.648782 0.065733 0.095889
1 0.643312 0.767980 0.051966 0.074673
1 0.740577 0.889087 0.045656 0.073579
1 0.782932 0.945492 0.040655 0.077108
1 0.831041 0.979654 0.041555 0.040693
1 0.628031 0.700362 0.048510 0.071917
1 0.518882 0.543095 0.073726 0.102257
1 0.472680 0.961399 0.141078 0.077203
0 0.456561 0.748593 0.111163 0.096418
0 0.210841 0.425818 0.094507 0.073929
0 0.757261 0.983135 0.038903 0.033729
0 0.655099 0.877033 0.047778 0.070704
0 0.525813 0.738080 0.078449 0.076889
0 0.364727 0.495073 0.045133 0.043105
0 0.240614 0.273948 0.058145 0.059737
0 0.270112 0.316368 0.053165 0.049195
0 0.310103 0.361374 0.049609 0.047775
0 0.416042 0.503311 0.063514 0.052368
0 0.464850 0.557525 0.058497 0.054953
0 0.503315 0.604594 0.048367 0.051605
0 0.589763 0.726803 0.058031 0.053040
0 0.681709 0.844473 0.067123 0.085658
0 0.890260 0.990406 0.016821 0.019187
0 0.865536 0.971587 0.032280 0.056825
0 0.828808 0.932679 0.036463 0.061696
0 0.795164 0.894803 0.039191 0.064559
0 0.762719 0.854420 0.039761 0.053779
0 0.730190 0.813682 0.046490 0.049632
0 0.694162 0.768486 0.046791 0.046477
0 0.667746 0.727877 0.036139 0.041946
0 0.597411 0.645078 0.042205 0.042371
0 0.567029 0.601830 0.042362 0.035775
0 0.894007 0.978854 0.030498 0.042291
0 0.863021 0.944907 0.027962 0.046186
0 0.831631 0.909686 0.032367 0.054908
0 0.801095 0.870886 0.033165 0.054040
0 0.768424 0.835928 0.035735 0.054109
0 0.740099 0.798563 0.037349 0.043729
0 0.710152 0.761493 0.041745 0.047289
0 0.680601 0.721131 0.038820 0.040960
0 0.653315 0.684506 0.037657 0.035816
0 0.619604 0.643687 0.036613 0.039535
0 0.591381 0.606364 0.037673 0.033255
0 0.911924 0.970168 0.031631 0.059665
0 0.884123 0.938607 0.018925 0.046602
0 0.858150 0.908713 0.021225 0.045016
0 0.832597 0.874201 0.026657 0.044010
0 0.806449 0.844052 0.027852 0.051776
0 0.780773 0.815461 0.036772 0.047842
0 0.758888 0.786989 0.034233 0.040386
0 0.683756 0.687159 0.040275 0.028265
0 0.653256 0.658114 0.036321 0.024541
0 0.628607 0.626382 0.032920 0.025606
0 0.604235 0.593617 0.034344 0.029557
0 0.478960 0.487108 0.050934 0.042121
0 0.673064 0.769116 0.022736 0.034872
0 0.594774 0.664886 0.025291 0.044666
0 0.831066 0.953162 0.034096 0.044556
