1 0.361818 0.842633 0.187064 0.187714
1 0.220469 0.776361 0.165158 0.116199
1 0.086098 0.694459 0.093592 0.135152
1 0.937547 0.915316 0.089389 0.066507
1 0.818384 0.881937 0.125499 0.145649
0 0.699198 0.872035 0.139891 0.119826
1 0.461479 0.689188 0.148347 0.177547
1 0.370923 0.614598 0.138282 0.152624
1 0.287979 0.545224 0.129990 0.158375
1 0.100852 0.442401 0.141224 0.112500
1 0.960536 0.888413 0.064064 0.108662
1 0.750698 0.787673 0.099151 0.132435
1 0.559099 0.650277 0.088276 0.134812
1 0.478962 0.569678 0.104087 0.092874
1 0.298548 0.448477 0.117221 0.086887
1 0.042279 0.304814 0.037145 0.076584
1 0.213724 0.425940 0.103878 0.118432
1 0.409236 0.419744 0.096678 0.130930
1 0.680312 0.589834 0.089176 0.121130
1 0.826286 0.690346 0.069826 0.101979
1 0.977216 0.783145 0.045567 0.091926
1 0.787220 0.612492 0.063608 0.093273
1 0.600889 0.468620 0.092423 0.133306
0 0.579275 0.817594 0.162496 0.134183
0 0.159447 0.537065 0.138221 0.098574
0 0.867464 0.833268 0.073971 0.089105
0 0.647583 0.721098 0.139772 0.138097
0 0.385382 0.519258 0.070991 0.049780
0 0.164679 0.309161 0.092503 0.040106
0 0.214616 0.346192 0.083232 0.028462
0 0.279212 0.377252 0.078130 0.035803
0 0.455971 0.492316 0.097844 0.050932
0 0.534677 0.535097 0.091689 0.070612
0 0.598515 0.569030 0.075792 0.064062
0 0.743236 0.673554 0.087520 0.069808
0 0.893697 0.766737 0.099639 0.101305
0 0.988325 0.714696 0.023350 0.038566
0 0.951966 0.690685 0.071024 0.052694
0 0.892762 0.655022 0.071640 0.050852
0 0.847764 0.620215 0.056257 0.044553
0 0.732961 0.558029 0.065941 0.047330
0 0.682116 0.519213 0.065470 0.032668
0 0.990700 0.680352 0.018600 0.031915
0 0.961293 0.662129 0.055925 0.046373
0 0.913368 0.632852 0.062937 0.053343
0 0.863533 0.598920 0.059845 0.048915
0 0.817568 0.570010 0.057192 0.041504
0 0.763021 0.536686 0.057410 0.044587
0 0.715726 0.508916 0.058493 0.036954
0 0.978847 0.632672 0.042306 0.049648
0 0.859662 0.554280 0.059018 0.036585
0 0.810966 0.530832 0.054001 0.031179
0 0.770176 0.508120 0.049755 0.030417
0 0.729773 0.484121 0.053215 0.026240
0 0.535985 0.433716 0.078496 0.033827
0 0.864948 0.674258 0.037510 0.046773
0 0.734248 0.591382 0.043698 0.053040
