1 0.958186 0.964191 0.083629 0.071619
1 0.643495 0.927926 0.187341 0.144149
1 0.488849 0.869684 0.204877 0.260632
1 0.347809 0.880385 0.194716 0.217431
1 0.195804 0.843672 0.210005 0.194320
1 0.116668 0.790791 0.154135 0.195316
1 0.972934 0.723643 0.054132 0.134575
1 0.888227 0.701661 0.099001 0.140438
1 0.776035 0.684060 0.103857 0.137494
1 0.565573 0.645612 0.125543 0.160601
1 0.478457 0.616644 0.113346 0.141658
1 0.396801 0.586092 0.111133 0.144934
1 0.230865 0.562555 0.117979 0.105937
1 0.056028 0.505120 0.062894 0.084891
1 0.986575 0.635803 0.026849 0.070747
1 0.822040 0.628850 0.063794 0.110823
1 0.634420 0.578820 0.078047 0.120767
1 0.562546 0.545387 0.096992 0.093670
1 0.394791 0.489627 0.101548 0.069233
1 0.125578 0.474335 0.097799 0.086692
1 0.316509 0.509852 0.083793 0.106376
1 0.476440 0.436723 0.084646 0.115509
1 0.730333 0.494031 0.070505 0.112104
1 0.863465 0.519625 0.054029 0.082072
1 0.990941 0.540359 0.018119 0.069951
1 0.814968 0.463001 0.055129 0.080387
1 0.647685 0.403938 0.078630 0.121273
0 0.817594 0.956937 0.164557 0.086126
0 0.662854 0.702699 0.132940 0.109803
0 0.288700 0.616077 0.113139 0.092203
0 0.915727 0.630302 0.063885 0.066320
0 0.721083 0.617295 0.072561 0.070618
0 0.474346 0.531789 0.062170 0.049650
0 0.253331 0.429745 0.100234 0.037215
0 0.300183 0.442464 0.082508 0.027924
0 0.366022 0.446179 0.068496 0.030319
0 0.528488 0.478828 0.084124 0.042680
0 0.598880 0.491438 0.080051 0.055946
0 0.657311 0.495739 0.066157 0.047129
0 0.790675 0.534639 0.073795 0.054281
0 0.926860 0.560799 0.082755 0.070191
0 0.994751 0.481630 0.010497 0.026166
0 0.964256 0.475001 0.060605 0.031496
0 0.910490 0.465148 0.061253 0.031798
0 0.868470 0.452073 0.048822 0.026648
0 0.764774 0.437906 0.057410 0.032327
0 0.717931 0.421488 0.056452 0.021951
0 0.994031 0.450826 0.011938 0.022496
0 0.967682 0.446299 0.046837 0.027666
0 0.925090 0.438178 0.053050 0.034802
0 0.878908 0.426195 0.051486 0.034286
0 0.836347 0.418197 0.048538 0.028044
0 0.787424 0.407594 0.050140 0.029081
0 0.743807 0.400581 0.050645 0.026512
0 0.979904 0.412719 0.040191 0.035974
0 0.868823 0.391539 0.048401 0.027984
0 0.825631 0.384269 0.044919 0.023661
0 0.788381 0.380421 0.042037 0.022420
0 0.751431 0.373044 0.045991 0.022707
0 0.584198 0.396375 0.067513 0.034943
0 0.890203 0.493921 0.034173 0.037027
0 0.770020 0.468713 0.041236 0.039970
