1 0.938705 0.571587 0.122590 0.232513
1 0.851181 0.750987 0.103966 0.199158
1 0.628456 0.952141 0.095674 0.095718
1 0.923145 0.291080 0.092699 0.163626
1 0.853995 0.389250 0.101808 0.172918
1 0.771687 0.498686 0.083973 0.169205
1 0.698283 0.585488 0.079940 0.181013
1 0.622534 0.688522 0.072826 0.183207
1 0.477075 0.877577 0.084982 0.192746
1 0.411463 0.925153 0.062340 0.149693
1 0.349016 0.950690 0.071721 0.098620
1 0.875619 0.254885 0.056224 0.095959
1 0.744181 0.414254 0.047106 0.075381
1 0.632116 0.581488 0.057257 0.100693
1 0.497866 0.731655 0.068568 0.126424
1 0.436947 0.789646 0.066371 0.134097
1 0.321586 0.928590 0.067126 0.140205
1 0.265576 0.966752 0.042702 0.066496
1 0.346830 0.790264 0.077721 0.142745
1 0.525079 0.579586 0.066648 0.138507
1 0.620212 0.461334 0.051083 0.101284
1 0.721481 0.324078 0.048822 0.096111
1 0.767608 0.268760 0.051804 0.089049
1 0.814745 0.218438 0.058797 0.073254
1 0.572078 0.454299 0.051151 0.097677
1 0.447838 0.588222 0.069460 0.156890
0 0.748257 0.877457 0.114206 0.245086
0 0.558456 0.810298 0.072144 0.190578
0 0.803976 0.336607 0.064482 0.104248
0 0.692306 0.488706 0.047616 0.073705
0 0.565315 0.683664 0.035961 0.116350
0 0.378791 0.872046 0.038373 0.067410
0 0.218101 0.980476 0.031063 0.039048
0 0.242225 0.965099 0.038303 0.069802
0 0.280607 0.913396 0.042429 0.073900
0 0.396544 0.775283 0.048738 0.098955
0 0.442985 0.706229 0.048910 0.088011
0 0.484207 0.655400 0.040392 0.072806
0 0.580048 0.543657 0.039734 0.094142
0 0.678793 0.417922 0.059880 0.112058
0 0.763333 0.190895 0.033165 0.034401
0 0.737877 0.223221 0.048319 0.069785
0 0.704047 0.266249 0.040344 0.068297
0 0.669999 0.309773 0.037378 0.073612
0 0.631852 0.358551 0.035913 0.073777
0 0.600133 0.391154 0.030991 0.055142
0 0.529562 0.487922 0.034748 0.063919
0 0.495922 0.527228 0.033044 0.065583
0 0.723964 0.200514 0.040669 0.055310
0 0.694178 0.245377 0.040782 0.057622
0 0.663304 0.282541 0.032333 0.061389
0 0.632583 0.325638 0.033911 0.067765
0 0.599574 0.363115 0.029898 0.060396
0 0.568653 0.397817 0.026922 0.060298
0 0.536042 0.445142 0.030669 0.055042
0 0.504632 0.481529 0.030078 0.057785
0 0.708208 0.181011 0.037453 0.039052
0 0.684316 0.212212 0.034668 0.064134
0 0.660274 0.239266 0.027895 0.056797
0 0.579686 0.340850 0.023175 0.068759
0 0.551911 0.384972 0.022885 0.060465
0 0.525796 0.417776 0.022812 0.053195
0 0.499791 0.450067 0.027141 0.052895
0 0.401618 0.643660 0.039164 0.079294
0 0.627070 0.400733 0.023796 0.030487
0 0.541207 0.502659 0.031510 0.029992
0 0.778988 0.194632 0.025155 0.032920
