1 0.014977 0.899801 0.029955 0.113078
1 0.111862 0.950873 0.084876 0.070876
1 0.372021 0.971790 0.121678 0.056419
1 0.508372 0.935458 0.142286 0.129085
1 0.617523 0.969521 0.105161 0.060957
1 0.743741 0.982857 0.109962 0.034286
1 0.838600 0.975422 0.114863 0.049156
1 0.022368 0.711646 0.044737 0.130377
1 0.108501 0.727929 0.065052 0.114887
1 0.193101 0.729486 0.080110 0.131934
1 0.288433 0.747945 0.085908 0.127145
1 0.469180 0.772886 0.104694 0.136414
1 0.545393 0.774508 0.093272 0.122778
1 0.617386 0.768601 0.093060 0.136706
1 0.758175 0.801200 0.098194 0.106132
1 0.916270 0.807683 0.066427 0.083044
1 0.104224 0.643577 0.042246 0.064890
1 0.254145 0.685711 0.056476 0.096381
1 0.415590 0.693488 0.067937 0.106293
1 0.479822 0.688926 0.081837 0.096539
1 0.622592 0.691428 0.085871 0.076633
1 0.853102 0.755932 0.083193 0.089969
1 0.690290 0.721225 0.069259 0.101993
1 0.557787 0.616886 0.075307 0.104461
1 0.339801 0.597866 0.063205 0.103346
1 0.224620 0.581289 0.047307 0.075041
1 0.102434 0.556532 0.042082 0.069389
1 0.045141 0.550941 0.042797 0.068553
1 0.269159 0.540999 0.049361 0.066284
1 0.412808 0.539600 0.067296 0.114930
0 0.235388 0.965080 0.127092 0.069839
0 0.385569 0.792959 0.109306 0.093005
0 0.707305 0.824324 0.093046 0.086205
0 0.032189 0.635914 0.064378 0.054391
0 0.174940 0.660675 0.053712 0.046605
0 0.340552 0.706235 0.058845 0.063900
0 0.554380 0.703375 0.052556 0.045321
0 0.747730 0.674719 0.084982 0.037542
0 0.707044 0.672374 0.069223 0.035490
0 0.650996 0.659038 0.057928 0.025954
0 0.511132 0.642129 0.070603 0.040369
0 0.451143 0.631855 0.067592 0.042122
0 0.400917 0.617965 0.055856 0.033533
0 0.285998 0.613456 0.061448 0.041649
0 0.169418 0.593442 0.068479 0.050888
0 0.019881 0.487396 0.039762 0.035235
0 0.056671 0.498182 0.049551 0.037322
0 0.099157 0.503332 0.041574 0.033495
0 0.142285 0.509168 0.050710 0.028261
0 0.188367 0.516630 0.051293 0.027901
0 0.224748 0.516619 0.041126 0.018409
0 0.313448 0.534752 0.048422 0.022392
0 0.353809 0.536946 0.047433 0.023144
0 0.021970 0.464043 0.043810 0.033234
0 0.062322 0.471324 0.042186 0.025044
0 0.101143 0.479191 0.043329 0.023537
0 0.140947 0.482988 0.038892 0.026636
0 0.177157 0.493649 0.044168 0.028286
0 0.217033 0.493856 0.043222 0.024712
0 0.253771 0.497089 0.040524 0.024065
0 0.295508 0.504805 0.042342 0.021555
0 0.333103 0.509675 0.042624 0.019643
0 0.009458 0.430790 0.018917 0.021915
0 0.036874 0.435008 0.030348 0.028125
0 0.069127 0.438428 0.035599 0.028895
0 0.100772 0.447915 0.036602 0.032674
0 0.131547 0.449382 0.035214 0.028199
0 0.227758 0.463277 0.039838 0.033193
0 0.264450 0.474532 0.037194 0.027238
0 0.296443 0.478647 0.035032 0.021878
0 0.328195 0.482183 0.038679 0.018848
0 0.468755 0.548250 0.056670 0.033782
0 0.204180 0.549908 0.029324 0.027854
0 0.307660 0.561667 0.035835 0.029947
0 0.012055 0.504908 0.024110 0.025523
