1 0.057159 0.197072 0.114318 0.213539
1 0.150224 0.350070 0.104709 0.213564
1 0.238485 0.474983 0.099981 0.225994
1 0.330062 0.618778 0.089274 0.230443
1 0.504228 0.850666 0.102858 0.176438
1 0.581694 0.895450 0.070881 0.067805
1 0.186153 0.249340 0.057891 0.094349
1 0.319776 0.479483 0.071956 0.122443
1 0.481621 0.697261 0.084583 0.157347
1 0.555093 0.778411 0.080040 0.172014
1 0.666263 0.799498 0.095041 0.180544
1 0.452367 0.500503 0.082118 0.174651
1 0.337726 0.334045 0.062652 0.128876
1 0.216156 0.143905 0.060610 0.120183
1 0.160684 0.065473 0.064181 0.110361
1 0.106219 0.018843 0.045714 0.037686
1 0.396765 0.335997 0.062567 0.123359
1 0.546792 0.529744 0.085900 0.195721
0 0.403684 0.782521 0.086923 0.250219
0 0.114276 0.140753 0.078587 0.135931
0 0.248012 0.353964 0.058968 0.099533
0 0.399757 0.622926 0.045226 0.150856
0 0.622998 0.885230 0.041919 0.070700
0 0.605342 0.771724 0.057623 0.133268
0 0.549818 0.676137 0.058103 0.119687
0 0.500279 0.604312 0.047981 0.098996
0 0.384943 0.445323 0.046649 0.125403
0 0.266455 0.269501 0.073711 0.148142
0 0.201664 0.029654 0.052322 0.059308
0 0.238947 0.074668 0.049125 0.089626
0 0.279497 0.135935 0.044941 0.098700
0 0.325271 0.204350 0.043187 0.099034
0 0.363842 0.251427 0.037823 0.074692
0 0.448494 0.386497 0.041245 0.086763
0 0.488976 0.442406 0.039106 0.088478
0 0.226460 0.012456 0.028723 0.024912
0 0.251694 0.050997 0.049623 0.076881
0 0.288769 0.103629 0.039457 0.081490
0 0.325646 0.162989 0.041577 0.090253
0 0.365263 0.216634 0.035421 0.081369
0 0.402182 0.266262 0.032406 0.080603
0 0.441556 0.331922 0.036437 0.074869
0 0.479361 0.383736 0.035642 0.078159
0 0.266184 0.026705 0.039474 0.053410
0 0.293341 0.050536 0.034110 0.075208
0 0.390665 0.193076 0.027523 0.090374
0 0.423476 0.253756 0.026716 0.079994
0 0.454845 0.300008 0.026803 0.070934
0 0.486093 0.345601 0.032143 0.071463
0 0.602304 0.606909 0.046310 0.106812
0 0.330443 0.257709 0.028695 0.042887
0 0.433651 0.402406 0.038363 0.043879
