1 0.155023 0.913276 0.112480 0.134511
1 0.468540 0.878502 0.198321 0.170094
1 0.614405 0.820158 0.208532 0.266353
1 0.749334 0.833149 0.199677 0.211784
1 0.896771 0.807165 0.206459 0.192355
1 0.946630 0.744064 0.106741 0.157603
1 0.024986 0.659457 0.015135 0.133365
1 0.114396 0.642433 0.084330 0.132300
1 0.209631 0.624036 0.101634 0.137657
1 0.319694 0.614994 0.104519 0.133118
1 0.524012 0.589507 0.125389 0.157076
1 0.607017 0.566755 0.114614 0.139072
1 0.684193 0.541040 0.110567 0.142999
1 0.847217 0.528241 0.118050 0.104914
1 0.992235 0.479316 0.015531 0.045596
1 0.097814 0.554143 0.047674 0.070159
1 0.268631 0.557770 0.061093 0.107091
1 0.450952 0.519294 0.074747 0.118560
1 0.518140 0.491731 0.096256 0.095226
1 0.682232 0.447182 0.100090 0.070262
1 0.943512 0.450227 0.097551 0.086486
1 0.757930 0.470271 0.084838 0.106518
1 0.596804 0.389826 0.081593 0.113402
1 0.352021 0.430839 0.068627 0.109069
1 0.222932 0.447872 0.054721 0.078796
1 0.082753 0.459657 0.048734 0.075542
1 0.027393 0.469722 0.028185 0.073744
1 0.265399 0.394490 0.052416 0.078046
1 0.428197 0.347063 0.077001 0.118785
0 0.301260 0.907439 0.180566 0.131420
0 0.429644 0.639399 0.134527 0.105716
0 0.792418 0.576284 0.114466 0.090619
0 0.032529 0.565139 0.033127 0.050604
0 0.176800 0.553423 0.063316 0.062795
0 0.367506 0.552490 0.074346 0.068291
0 0.604875 0.483963 0.061294 0.049231
0 0.815461 0.397202 0.098545 0.036265
0 0.770481 0.406573 0.081939 0.027786
0 0.706006 0.406442 0.067504 0.029354
0 0.548661 0.428021 0.083517 0.041252
0 0.479801 0.436572 0.079014 0.053570
0 0.423125 0.436953 0.065306 0.044526
0 0.294086 0.466934 0.073808 0.051805
0 0.161451 0.484094 0.083253 0.065542
0 0.030747 0.407654 0.036453 0.033748
0 0.071981 0.403421 0.048030 0.028739
0 0.119547 0.397714 0.060341 0.028461
0 0.171847 0.391325 0.060939 0.029041
0 0.212311 0.381205 0.048299 0.024084
0 0.313380 0.373450 0.056727 0.030097
0 0.358709 0.360101 0.055983 0.020368
0 0.029842 0.375667 0.035625 0.026705
0 0.070891 0.374984 0.048914 0.027207
0 0.114418 0.369225 0.046968 0.024989
0 0.156180 0.363944 0.053067 0.032088
0 0.200775 0.354937 0.051102 0.032090
0 0.241884 0.349745 0.048426 0.026052
0 0.289692 0.342207 0.049484 0.026812
0 0.331883 0.337973 0.050146 0.024928
0 0.029261 0.340939 0.035297 0.033264
0 0.065595 0.337974 0.043768 0.030729
0 0.099089 0.335378 0.042695 0.033889
0 0.208245 0.320850 0.048932 0.028671
0 0.250627 0.317555 0.045163 0.024033
0 0.286788 0.315437 0.042012 0.021189
0 0.322639 0.310299 0.045570 0.022059
0 0.488431 0.342987 0.067016 0.035048
0 0.193352 0.421114 0.033203 0.035449
0 0.309729 0.403519 0.039559 0.038241
