1 0.388394 0.806483 0.179434 0.161016
1 0.295985 0.634220 0.193398 0.190176
1 0.216117 0.493103 0.178877 0.119150
1 0.110615 0.347061 0.179442 0.151561
1 0.077091 0.209356 0.134373 0.128815
1 0.706479 0.948529 0.085185 0.065316
1 0.640853 0.876200 0.091498 0.128252
0 0.565561 0.791843 0.096967 0.095447
1 0.428208 0.555912 0.102903 0.125476
1 0.377904 0.458947 0.097013 0.090077
1 0.336054 0.370006 0.095411 0.116206
1 0.221151 0.212133 0.100458 0.108848
1 0.108883 0.025792 0.064971 0.051584
1 0.743595 0.938160 0.040609 0.081124
1 0.615536 0.774683 0.073706 0.092954
1 0.509286 0.578506 0.062510 0.106285
1 0.461572 0.489964 0.069990 0.097791
1 0.357596 0.320311 0.082448 0.100000
1 0.176203 0.063913 0.081754 0.100998
1 0.306133 0.248604 0.076323 0.082111
1 0.437622 0.349682 0.074783 0.117836
1 0.597106 0.607014 0.068365 0.103003
1 0.681963 0.745919 0.054186 0.078110
1 0.777970 0.892236 0.048343 0.076898
1 0.819287 0.947681 0.043346 0.058123
1 0.669837 0.672340 0.050906 0.077606
1 0.564179 0.489998 0.078240 0.108355
0 0.485211 0.936771 0.141147 0.102119
0 0.493506 0.701457 0.113213 0.105265
0 0.248640 0.295856 0.096235 0.087578
0 0.689045 0.860110 0.047810 0.074541
0 0.553014 0.670150 0.096160 0.117143
0 0.405160 0.405521 0.044934 0.054060
0 0.286830 0.152375 0.057675 0.073928
0 0.315471 0.202218 0.053012 0.062070
0 0.354939 0.257058 0.049371 0.059824
0 0.458330 0.425462 0.063658 0.067631
0 0.506526 0.491858 0.058306 0.068744
0 0.544137 0.550722 0.048212 0.058520
0 0.628407 0.692089 0.058548 0.056268
0 0.718749 0.833543 0.068049 0.092329
0 0.867552 0.947972 0.037416 0.053824
0 0.834316 0.909832 0.040182 0.072527
0 0.802575 0.861140 0.040507 0.060502
0 0.770713 0.812416 0.046717 0.055325
0 0.735365 0.757893 0.046987 0.052138
0 0.709774 0.710491 0.036100 0.046751
0 0.640605 0.608985 0.042110 0.049284
0 0.610984 0.559785 0.042415 0.045971
0 0.898620 0.961685 0.020568 0.024965
0 0.871671 0.933288 0.033328 0.062167
0 0.841654 0.886640 0.033617 0.060915
0 0.809534 0.844027 0.036018 0.061049
0 0.781864 0.799369 0.037764 0.048762
0 0.752218 0.754980 0.042122 0.051758
0 0.723486 0.707274 0.038899 0.044006
0 0.696946 0.663253 0.037911 0.039182
0 0.663696 0.615098 0.036489 0.043742
0 0.636194 0.569705 0.037664 0.041992
0 0.924874 0.960906 0.018579 0.025224
0 0.899263 0.938092 0.021719 0.050168
0 0.874326 0.896992 0.027494 0.048450
0 0.848790 0.860485 0.028696 0.056969
0 0.823350 0.826066 0.037563 0.052696
0 0.802145 0.791692 0.034669 0.042958
0 0.728443 0.673631 0.040988 0.032739
0 0.698225 0.635269 0.036804 0.030674
0 0.674100 0.597468 0.033192 0.031124
0 0.650260 0.559794 0.034358 0.037834
0 0.524866 0.423120 0.051043 0.054364
0 0.713256 0.753338 0.022277 0.035906
0 0.636862 0.628698 0.024375 0.048080
0 0.863192 0.963511 0.023526 0.023471
