1 0.544715 0.823534 0.210292 0.177502
1 0.686353 0.632858 0.234134 0.251022
1 0.807348 0.481842 0.232828 0.168044
1 0.914683 0.308847 0.152042 0.176213
1 0.957064 0.155605 0.073428 0.120647
1 0.132841 0.942416 0.090962 0.076185
1 0.234447 0.869609 0.118940 0.167838
0 0.338242 0.782287 0.128613 0.122574
1 0.536787 0.510082 0.133153 0.155140
1 0.608912 0.396969 0.127333 0.122660
1 0.671888 0.292172 0.119891 0.150366
1 0.832807 0.113338 0.131866 0.132220
1 0.100620 0.928414 0.055525 0.107914
1 0.279619 0.744192 0.095089 0.123396
1 0.434619 0.518235 0.081357 0.133126
1 0.502291 0.413970 0.093991 0.117483
1 0.651515 0.219793 0.108714 0.118540
1 0.723710 0.144957 0.098914 0.109371
1 0.546651 0.240397 0.094035 0.143224
1 0.320358 0.531265 0.087161 0.128509
1 0.199044 0.692461 0.068765 0.099597
1 0.064474 0.856655 0.060341 0.098345
1 0.223153 0.601592 0.063862 0.096382
1 0.375907 0.389196 0.096166 0.136859
0 0.447751 0.661586 0.149852 0.128505
0 0.789301 0.223621 0.127414 0.100084
0 0.178132 0.838137 0.065273 0.094582
0 0.356226 0.649240 0.105680 0.102621
0 0.581651 0.320783 0.061893 0.058725
0 0.752000 0.031571 0.069561 0.063142
0 0.716004 0.079888 0.072826 0.067067
0 0.660806 0.141006 0.068052 0.065076
0 0.513404 0.333191 0.086668 0.071585
0 0.446065 0.407084 0.080152 0.074381
0 0.392616 0.470957 0.066268 0.069541
0 0.272231 0.636060 0.078792 0.070842
0 0.144917 0.795537 0.090803 0.114836
0 0.037393 0.810748 0.052925 0.072001
0 0.082206 0.755745 0.063313 0.066764
0 0.132144 0.694487 0.063755 0.062463
0 0.169093 0.639548 0.049436 0.056423
0 0.266422 0.527034 0.057785 0.057250
0 0.308728 0.468736 0.057849 0.048875
0 0.030543 0.785202 0.048557 0.070264
0 0.069930 0.735877 0.050626 0.058826
0 0.111170 0.685633 0.056676 0.063494
0 0.152399 0.631004 0.052980 0.054895
0 0.190456 0.581362 0.051213 0.048048
0 0.237005 0.526079 0.050172 0.053083
0 0.276317 0.475264 0.051503 0.044999
0 0.019945 0.758242 0.039890 0.061610
0 0.045770 0.720951 0.046347 0.054073
0 0.149924 0.585628 0.054322 0.037775
0 0.191902 0.545999 0.049152 0.033382
0 0.226128 0.502999 0.044720 0.034692
0 0.259984 0.458818 0.046928 0.040362
0 0.431097 0.313332 0.069509 0.057574
0 0.159950 0.694637 0.031546 0.046543
0 0.268899 0.553388 0.035505 0.059873
