1 0.511948 0.832460 0.164389 0.147118
1 0.636780 0.714211 0.181840 0.210004
1 0.748169 0.645295 0.178568 0.151750
1 0.872745 0.555373 0.178918 0.138278
1 0.915410 0.454126 0.108197 0.119382
1 0.024806 0.945368 0.049611 0.087950
1 0.101007 0.905500 0.066150 0.144465
1 0.201358 0.831953 0.078810 0.132160
1 0.281539 0.766074 0.091013 0.130370
0 0.369013 0.734687 0.101900 0.091526
1 0.544443 0.577792 0.108427 0.128658
1 0.611670 0.512378 0.100705 0.109535
1 0.673429 0.452239 0.095121 0.115000
1 0.811165 0.356735 0.102641 0.086553
1 0.951824 0.218400 0.057176 0.077947
1 0.029808 0.880129 0.050382 0.066577
1 0.178230 0.775766 0.047285 0.084996
1 0.332778 0.680395 0.071777 0.098616
1 0.474744 0.557213 0.064280 0.101449
1 0.533799 0.490824 0.076013 0.074685
1 0.667105 0.383966 0.085279 0.072609
1 0.884525 0.238732 0.084208 0.080044
1 0.729550 0.355853 0.075280 0.087982
1 0.587231 0.371834 0.070642 0.096595
1 0.386770 0.526178 0.064371 0.091727
1 0.278976 0.616120 0.050344 0.076901
1 0.161818 0.702408 0.044581 0.072777
1 0.108888 0.743946 0.040258 0.075218
1 0.051144 0.783617 0.043597 0.083803
1 0.308772 0.555632 0.045723 0.068764
1 0.446051 0.431918 0.067162 0.099429
1 0.365686 0.889165 0.150357 0.098843
0 0.466015 0.668465 0.118314 0.100649
0 0.767306 0.435665 0.100645 0.070535
0 0.111373 0.817258 0.061846 0.073872
0 0.247058 0.725177 0.054193 0.068783
0 0.399361 0.633471 0.083217 0.078190
0 0.602722 0.442882 0.052095 0.034709
0 0.766592 0.266245 0.067959 0.038663
0 0.729682 0.298414 0.061048 0.029728
0 0.682153 0.328984 0.057341 0.029850
0 0.551684 0.431797 0.071645 0.037908
0 0.493782 0.470497 0.067259 0.053507
0 0.446686 0.502875 0.055596 0.049615
0 0.339830 0.595039 0.063941 0.053202
0 0.228981 0.679717 0.072671 0.079738
0 0.014523 0.832607 0.029045 0.049780
0 0.003735 0.755082 0.007471 0.025261
0 0.025499 0.742237 0.041532 0.051635
0 0.067060 0.713306 0.041932 0.051671
0 0.107250 0.687415 0.042767 0.054873
0 0.147968 0.658998 0.042265 0.045557
0 0.187574 0.629626 0.051961 0.042956
0 0.231209 0.597171 0.052423 0.041041
0 0.264489 0.566515 0.041238 0.036314
0 0.349046 0.509033 0.048356 0.037392
0 0.386587 0.475389 0.047955 0.025915
0 0.007544 0.730707 0.015088 0.021929
0 0.032705 0.712726 0.035991 0.036770
0 0.068368 0.688099 0.037732 0.045814
0 0.106863 0.660554 0.036401 0.045568
0 0.145840 0.636775 0.040659 0.045528
0 0.181199 0.609780 0.040827 0.037818
0 0.216430 0.583146 0.045980 0.042624
0 0.253251 0.553036 0.043824 0.038385
0 0.287210 0.526730 0.041815 0.032879
0 0.327352 0.496815 0.042115 0.035630
0 0.362276 0.471349 0.042866 0.028819
0 0.013828 0.697827 0.027447 0.040786
0 0.043788 0.676797 0.027516 0.038980
0 0.075893 0.651598 0.027015 0.039171
0 0.107481 0.630657 0.029429 0.046137
0 0.138152 0.610440 0.038692 0.042530
0 0.165706 0.590481 0.037206 0.038614
0 0.256755 0.518999 0.042983 0.028018
0 0.292544 0.497894 0.039392 0.023934
0 0.322627 0.476509 0.036359 0.023545
0 0.352432 0.454129 0.038989 0.020838
0 0.494391 0.394929 0.057480 0.029417
0 0.251216 0.607754 0.027657 0.035452
0 0.347693 0.532565 0.032361 0.041695
0 0.016392 0.783962 0.032785 0.048373
0 0.061858 0.733706 0.036317 0.036252
