1 0.949020 0.787951 0.097075 0.149191
1 0.822693 0.860559 0.085023 0.103329
1 0.562068 0.940137 0.136189 0.119726
1 0.433131 0.911310 0.150905 0.177380
1 0.329651 0.950363 0.111046 0.099274
1 0.212380 0.973549 0.114406 0.052903
1 0.123405 0.976786 0.106730 0.046429
1 0.983234 0.574350 0.030246 0.123371
1 0.926261 0.597432 0.076229 0.136775
1 0.824057 0.632444 0.062662 0.119805
1 0.742150 0.647180 0.076437 0.135694
0 0.657184 0.710655 0.090561 0.088729
1 0.476273 0.727188 0.100403 0.132831
1 0.402618 0.736657 0.089251 0.122367
1 0.332957 0.739704 0.089306 0.132628
1 0.197555 0.796351 0.094139 0.109863
1 0.048966 0.822934 0.055967 0.080145
1 0.975017 0.513543 0.046856 0.074467
1 0.831119 0.550637 0.049630 0.064318
1 0.677940 0.611898 0.064159 0.096186
1 0.527060 0.639642 0.065605 0.104213
1 0.463028 0.647586 0.074847 0.098889
1 0.327404 0.671044 0.082540 0.081696
1 0.105457 0.764281 0.080183 0.094248
1 0.262050 0.705155 0.066414 0.103810
1 0.388999 0.587537 0.073032 0.107179
1 0.599076 0.532002 0.061315 0.090853
1 0.710088 0.507484 0.045943 0.076186
1 0.827966 0.465547 0.040780 0.071476
1 0.883158 0.452586 0.041534 0.069239
1 0.939655 0.436116 0.048922 0.077458
1 0.666833 0.473356 0.047876 0.068932
1 0.528413 0.492976 0.064811 0.118082
1 0.698805 0.891299 0.136281 0.151680
0 0.556852 0.733961 0.104579 0.105487
0 0.246759 0.811312 0.089025 0.092880
0 0.896868 0.532130 0.063549 0.060566
0 0.758809 0.575946 0.051580 0.039951
0 0.608002 0.640907 0.073249 0.075525
0 0.393116 0.671345 0.050515 0.044330
0 0.213288 0.665984 0.066756 0.034150
0 0.251985 0.658112 0.058874 0.033156
0 0.299463 0.639403 0.055683 0.029481
0 0.434290 0.607532 0.067781 0.044596
0 0.492025 0.586188 0.064954 0.039931
0 0.540430 0.569352 0.053676 0.034524
0 0.651227 0.547153 0.058915 0.046631
0 0.763507 0.510237 0.065587 0.058932
0 0.981530 0.443350 0.034255 0.044947
0 0.980565 0.357524 0.023822 0.025133
0 0.953139 0.368907 0.046916 0.032788
0 0.911159 0.386031 0.047267 0.038883
0 0.871373 0.402271 0.047974 0.041286
0 0.830457 0.413181 0.040245 0.037937
0 0.788885 0.424728 0.048659 0.034505
0 0.744493 0.438419 0.049225 0.034238
0 0.709390 0.443470 0.039506 0.023539
0 0.623973 0.472633 0.046524 0.026735
0 0.585061 0.481293 0.045546 0.029084
0 0.973404 0.335246 0.032494 0.026360
0 0.940508 0.350424 0.038913 0.027367
0 0.904530 0.364386 0.042384 0.036276
0 0.865662 0.376855 0.040829 0.029028
0 0.828383 0.390265 0.041757 0.028162
0 0.789927 0.399158 0.037272 0.031273
0 0.755091 0.414567 0.042347 0.033612
0 0.716633 0.421801 0.041496 0.027122
0 0.681202 0.428636 0.038871 0.029009
0 0.641027 0.444104 0.040690 0.022549
0 0.604779 0.451952 0.040939 0.025016
0 0.974971 0.305720 0.023868 0.025797
0 0.953449 0.317301 0.032460 0.028881
0 0.923150 0.328932 0.032125 0.024478
0 0.889867 0.337961 0.029447 0.030558
0 0.858813 0.346093 0.034544 0.031484
0 0.828466 0.359618 0.035225 0.036619
0 0.798662 0.363871 0.033735 0.029499
0 0.705980 0.392209 0.038122 0.037764
0 0.670684 0.408262 0.035627 0.031620
0 0.639855 0.416733 0.033592 0.026120
0 0.609255 0.424883 0.037145 0.023148
0 0.474281 0.509068 0.054406 0.038204
0 0.729504 0.473152 0.028254 0.024840
0 0.629749 0.498714 0.034596 0.026648
0 0.973966 0.399021 0.046492 0.044892
0 0.920856 0.400123 0.036100 0.032247
