1 0.374660 0.924417 0.182536 0.151165
1 0.260157 0.807285 0.198986 0.228153
1 0.163643 0.736444 0.193421 0.167122
1 0.069468 0.639644 0.138935 0.145188
1 0.036065 0.525696 0.072130 0.107575
1 0.809165 0.960501 0.075913 0.078999
1 0.714055 0.921701 0.092133 0.137982
1 0.637144 0.853662 0.098828 0.136181
1 0.549298 0.785763 0.098082 0.125922
1 0.388747 0.659404 0.110053 0.134755
1 0.329894 0.591758 0.105509 0.114807
1 0.274550 0.529609 0.108378 0.120257
1 0.146374 0.430945 0.109413 0.089969
1 0.024401 0.288513 0.048802 0.079621
1 0.746404 0.853790 0.041994 0.070791
1 0.614305 0.764484 0.052686 0.103087
1 0.474396 0.637269 0.067418 0.105970
1 0.423228 0.571880 0.085855 0.087187
1 0.296534 0.457874 0.090144 0.075314
1 0.088863 0.308247 0.088059 0.083263
1 0.237190 0.429328 0.082224 0.091987
1 0.383564 0.444503 0.078520 0.101042
1 0.568070 0.609122 0.075063 0.106440
1 0.668750 0.696687 0.057340 0.080316
1 0.779298 0.785693 0.050280 0.075922
1 0.827819 0.828596 0.044985 0.078437
1 0.880489 0.867172 0.046911 0.082763
1 0.649732 0.633643 0.053343 0.071933
1 0.524679 0.505552 0.080577 0.103925
0 0.461808 0.753451 0.124186 0.105158
0 0.181580 0.512977 0.105587 0.073946
0 0.812322 0.905378 0.065946 0.076713
0 0.684705 0.810493 0.053856 0.071721
0 0.530257 0.708033 0.071798 0.065295
0 0.353608 0.519000 0.051004 0.036458
0 0.204286 0.329750 0.081015 0.047633
0 0.237421 0.366098 0.070280 0.028522
0 0.289522 0.400489 0.056074 0.030858
0 0.410420 0.506745 0.071537 0.039628
0 0.465803 0.546691 0.066069 0.055864
0 0.509661 0.580009 0.054625 0.051722
0 0.608372 0.675286 0.065143 0.055523
0 0.712959 0.762668 0.075164 0.083034
0 0.908336 0.815259 0.014868 0.032281
0 0.877862 0.796090 0.040576 0.053622
0 0.839694 0.769429 0.043631 0.056974
0 0.802710 0.740131 0.044411 0.047296
0 0.765653 0.709820 0.052293 0.044627
0 0.724643 0.676332 0.052650 0.042665
0 0.694390 0.644638 0.040772 0.037727
0 0.614419 0.585380 0.047644 0.038928
0 0.579729 0.550563 0.047738 0.026972
0 0.910924 0.790328 0.021609 0.028541
0 0.880372 0.769719 0.036072 0.047538
0 0.845586 0.741311 0.037142 0.047300
0 0.808434 0.716829 0.040135 0.047254
0 0.776122 0.688969 0.041879 0.039288
0 0.742184 0.661486 0.046859 0.044341
0 0.708398 0.630371 0.043728 0.039980
0 0.677208 0.603227 0.042318 0.034223
0 0.638935 0.572335 0.041355 0.037065
0 0.606702 0.546070 0.042485 0.030029
0 0.909844 0.757617 0.024126 0.040497
0 0.880443 0.731599 0.029585 0.040733
0 0.850614 0.710020 0.030927 0.047978
0 0.821527 0.689172 0.041015 0.044224
0 0.796465 0.668599 0.038354 0.040243
0 0.710936 0.594850 0.045010 0.029231
0 0.676384 0.573059 0.040682 0.024966
0 0.648294 0.551037 0.036967 0.024546
0 0.620511 0.528044 0.038718 0.021552
0 0.479318 0.467702 0.057372 0.030437
0 0.701426 0.687673 0.025898 0.037013
0 0.612071 0.610076 0.029037 0.043422
0 0.880987 0.817376 0.038094 0.037583
