1 0.602865 0.849642 0.113857 0.124687
1 0.970103 0.129517 0.059794 0.175540
1 0.899339 0.260658 0.083727 0.175325
1 0.819450 0.362433 0.079091 0.185653
0 0.750509 0.495205 0.070536 0.174835
1 0.578215 0.696961 0.091104 0.201127
1 0.507934 0.771743 0.068104 0.189171
1 0.439106 0.833232 0.075342 0.189288
1 0.882249 0.177671 0.062694 0.077495
1 0.751221 0.385235 0.058276 0.139823
1 0.605745 0.543016 0.070247 0.129284
1 0.540406 0.614468 0.071749 0.132822
1 0.415419 0.773137 0.071387 0.150319
1 0.353978 0.859144 0.055259 0.150462
1 0.447591 0.625529 0.081327 0.148198
1 0.642285 0.376228 0.068840 0.132381
1 0.745485 0.245940 0.053074 0.105748
1 0.856098 0.090694 0.049226 0.098720
1 0.906280 0.036044 0.052504 0.072088
1 0.695480 0.247000 0.053490 0.101267
1 0.561658 0.404815 0.070870 0.160792
0 0.674049 0.609719 0.078152 0.204930
0 0.940374 0.089058 0.068019 0.111373
0 0.817739 0.263027 0.048307 0.081385
1 0.671476 0.485508 0.076305 0.172373
0 0.476261 0.704943 0.042816 0.075073
0 0.294124 0.870086 0.057799 0.095024
0 0.331051 0.826756 0.049443 0.089070
0 0.373265 0.762978 0.047311 0.082359
0 0.499350 0.603173 0.055048 0.108986
0 0.550542 0.525124 0.054679 0.097824
0 0.595458 0.466545 0.045162 0.080914
0 0.699566 0.336924 0.045552 0.102619
0 0.807531 0.193442 0.061661 0.121280
0 0.840870 0.035185 0.042646 0.070369
0 0.803017 0.083645 0.040684 0.080736
0 0.761491 0.139466 0.039438 0.081005
0 0.727717 0.177817 0.032801 0.061063
0 0.650456 0.288053 0.038916 0.070922
0 0.613909 0.333635 0.037247 0.072349
0 0.829974 0.022776 0.039261 0.045553
0 0.798235 0.057020 0.034002 0.066698
0 0.764674 0.105502 0.035261 0.073856
0 0.728666 0.149223 0.033754 0.066542
0 0.695084 0.189673 0.030567 0.065945
0 0.659256 0.243279 0.034279 0.061193
0 0.625148 0.285520 0.033808 0.063902
0 0.796469 0.022070 0.029940 0.044140
0 0.709335 0.129656 0.027261 0.074012
0 0.678577 0.179220 0.026548 0.065486
0 0.650092 0.216948 0.026110 0.058042
0 0.621745 0.254135 0.030545 0.058432
0 0.511147 0.467803 0.044224 0.087349
0 0.755050 0.183265 0.025985 0.034986
0 0.661689 0.301248 0.033891 0.035720
