1 0.185054 0.653520 0.175144 0.230098
1 0.080098 0.463015 0.160196 0.145153
1 0.015142 0.313270 0.030283 0.120970
1 0.586539 0.960931 0.123485 0.078138
1 0.495807 0.854612 0.127288 0.152850
1 0.326120 0.565134 0.137510 0.173110
1 0.265680 0.431384 0.129511 0.124844
1 0.215606 0.308027 0.128306 0.157916
1 0.087265 0.090693 0.103234 0.146458
1 0.576864 0.869903 0.065082 0.125798
1 0.433161 0.598659 0.085580 0.145169
1 0.381000 0.475362 0.099274 0.134402
1 0.249577 0.241843 0.107055 0.137705
1 0.185434 0.141065 0.101507 0.111737
1 0.353979 0.284658 0.100518 0.161675
1 0.546207 0.641378 0.096814 0.140771
1 0.652262 0.833427 0.072362 0.106901
1 0.642581 0.732685 0.068535 0.106463
1 0.515420 0.480803 0.106819 0.147806
0 0.396944 0.737968 0.146577 0.145591
0 0.103709 0.202694 0.124569 0.121220
0 0.648753 0.968977 0.052291 0.062045
0 0.485346 0.736836 0.086917 0.079126
0 0.306000 0.359183 0.056372 0.075337
0 0.177769 0.033233 0.050294 0.056976
0 0.201558 0.079209 0.066650 0.086559
0 0.250449 0.155374 0.061901 0.083354
0 0.376431 0.388515 0.080619 0.094563
0 0.436181 0.480747 0.073265 0.095849
0 0.482139 0.562791 0.060589 0.080556
0 0.584640 0.757359 0.074834 0.077818
0 0.695829 0.945453 0.087556 0.109094
0 0.802488 0.976657 0.044094 0.046685
0 0.767641 0.927395 0.059382 0.075987
0 0.724227 0.851500 0.059668 0.072188
0 0.693392 0.786269 0.045505 0.064210
0 0.608151 0.645188 0.052992 0.068062
0 0.572117 0.577433 0.053639 0.064241
0 0.817693 0.965026 0.045972 0.069948
0 0.783934 0.910163 0.048415 0.066976
0 0.747043 0.848641 0.053846 0.070916
0 0.712232 0.782627 0.049247 0.060143
0 0.680058 0.721318 0.048311 0.054221
0 0.638905 0.655120 0.045843 0.060322
0 0.605471 0.591973 0.047532 0.058635
0 0.868709 0.978465 0.036260 0.043070
0 0.837753 0.948251 0.048830 0.072263
0 0.812194 0.900563 0.044543 0.058630
0 0.721702 0.737369 0.053014 0.045562
0 0.684058 0.683658 0.047323 0.043224
0 0.654535 0.631287 0.042386 0.043682
0 0.625389 0.579102 0.043400 0.052847
0 0.466877 0.388139 0.064632 0.076007
0 0.694514 0.844388 0.027304 0.049111
0 0.601456 0.671836 0.029137 0.065727
