1 0.526785 0.953179 0.140918 0.093643
1 0.396313 0.959633 0.144363 0.080733
1 0.232738 0.938121 0.193535 0.123758
1 0.145430 0.901996 0.153653 0.185169
1 0.977687 0.944446 0.044625 0.111108
1 0.896369 0.923173 0.093652 0.143730
1 0.787251 0.890864 0.099473 0.138635
1 0.581298 0.826464 0.120800 0.158466
1 0.495131 0.785693 0.108243 0.138635
1 0.413998 0.745354 0.107186 0.142477
1 0.252746 0.700899 0.113396 0.101686
1 0.078285 0.618509 0.066005 0.087724
1 0.988119 0.873370 0.023762 0.068305
1 0.828839 0.843432 0.063537 0.112190
1 0.645032 0.771232 0.076972 0.118194
1 0.573051 0.727027 0.093954 0.084536
1 0.409745 0.651157 0.098492 0.064670
1 0.146536 0.595793 0.094743 0.081833
1 0.332964 0.662309 0.079956 0.100794
1 0.486248 0.610254 0.084354 0.113040
1 0.734565 0.698753 0.070739 0.113639
1 0.865740 0.742366 0.052789 0.084202
1 0.990459 0.780657 0.019083 0.068668
1 0.816044 0.682126 0.055273 0.080580
1 0.652355 0.601268 0.076793 0.119281
0 0.676538 0.895770 0.126896 0.112007
0 0.310131 0.763112 0.108008 0.090016
0 0.919695 0.857461 0.061759 0.069959
0 0.730240 0.818882 0.068725 0.071379
0 0.487522 0.701527 0.060288 0.047527
0 0.268916 0.572355 0.097364 0.037011
0 0.315060 0.591606 0.079666 0.026515
0 0.379163 0.603494 0.066439 0.030570
0 0.538369 0.658322 0.081242 0.043186
0 0.606948 0.679022 0.077576 0.057712
0 0.664157 0.691621 0.064109 0.049927
0 0.794916 0.747619 0.070947 0.056365
0 0.927935 0.791833 0.079279 0.076046
0 0.993261 0.723389 0.013477 0.027605
0 0.961256 0.712558 0.058428 0.036196
0 0.908703 0.695744 0.059079 0.035870
0 0.867390 0.677014 0.047248 0.030615
0 0.766149 0.649714 0.055600 0.035216
0 0.720223 0.627596 0.054554 0.024065
0 0.991958 0.693659 0.016084 0.024736
0 0.963554 0.685146 0.044958 0.031819
0 0.922117 0.671321 0.050999 0.038597
0 0.876783 0.653575 0.049730 0.036983
0 0.835012 0.639937 0.046736 0.030678
0 0.787320 0.623289 0.048593 0.032256
0 0.744548 0.610638 0.048988 0.028349
0 0.994476 0.660346 0.011048 0.031067
0 0.975271 0.654208 0.040743 0.038324
0 0.865558 0.617567 0.046228 0.029230
0 0.823555 0.605981 0.043048 0.024784
0 0.787102 0.596899 0.040433 0.023734
0 0.750931 0.585084 0.044468 0.022731
0 0.589292 0.586551 0.065205 0.032572
0 0.889908 0.720533 0.033425 0.038207
0 0.772126 0.680247 0.040629 0.041299
