1 0.044366 0.657786 0.084761 0.138228
1 0.278925 0.922660 0.102040 0.154681
1 0.399563 0.959323 0.109789 0.081354
1 0.027909 0.331423 0.055818 0.169737
1 0.096075 0.442405 0.080016 0.167011
1 0.176408 0.531142 0.075220 0.178173
1 0.259784 0.635581 0.078371 0.180673
1 0.419251 0.827686 0.090856 0.190611
1 0.489309 0.892540 0.068623 0.179167
1 0.559603 0.927784 0.073872 0.144432
1 0.117104 0.360231 0.047578 0.074245
1 0.243220 0.529384 0.057622 0.097887
1 0.388897 0.682947 0.068252 0.124342
1 0.454858 0.741772 0.071885 0.132909
1 0.579709 0.884068 0.071393 0.139692
1 0.642503 0.945195 0.052969 0.109611
1 0.544538 0.746430 0.080004 0.140969
1 0.348604 0.531889 0.067656 0.136678
1 0.244790 0.411740 0.051996 0.100178
1 0.133343 0.272896 0.047370 0.094641
1 0.082891 0.216579 0.050684 0.087489
1 0.039819 0.159336 0.041447 0.083264
1 0.293774 0.406956 0.052600 0.096425
1 0.427348 0.544069 0.069158 0.154397
0 0.153240 0.794242 0.107889 0.200899
0 0.338742 0.757780 0.078389 0.190036
0 0.051599 0.281481 0.067221 0.103764
0 0.175652 0.435841 0.046933 0.074046
0 0.319421 0.632834 0.038325 0.115639
0 0.519041 0.825774 0.043629 0.067887
0 0.700819 0.959618 0.059229 0.080765
0 0.668676 0.936729 0.055243 0.097780
0 0.620506 0.870516 0.048192 0.074438
0 0.493771 0.729876 0.056448 0.099341
0 0.441940 0.660037 0.055772 0.088584
0 0.396745 0.608338 0.046069 0.073278
0 0.292166 0.494466 0.047064 0.094233
0 0.183925 0.366948 0.061285 0.111941
0 0.073317 0.124544 0.048998 0.064858
0 0.109182 0.172814 0.050473 0.069412
0 0.146613 0.216565 0.042196 0.068094
0 0.185111 0.260787 0.040913 0.073812
0 0.226538 0.310297 0.040524 0.074000
0 0.260359 0.343659 0.033524 0.055442
0 0.338369 0.441750 0.039731 0.064303
0 0.375083 0.481802 0.038155 0.065869
0 0.065030 0.078070 0.014262 0.020561
0 0.085677 0.108540 0.043777 0.058610
0 0.121401 0.151012 0.042610 0.055257
0 0.154618 0.196496 0.042763 0.057702
0 0.188764 0.234319 0.033961 0.061392
0 0.222372 0.277847 0.034561 0.067828
0 0.258626 0.316102 0.034604 0.060637
0 0.292321 0.351516 0.031499 0.060412
0 0.328568 0.399409 0.034961 0.055404
0 0.362823 0.436498 0.034582 0.058077
0 0.080453 0.059140 0.025668 0.034840
0 0.107131 0.091855 0.032658 0.048672
0 0.135348 0.126724 0.038368 0.050592
0 0.161752 0.164230 0.035552 0.063878
0 0.189497 0.191910 0.029879 0.056762
0 0.276804 0.295032 0.028524 0.068583
0 0.308021 0.339576 0.027591 0.060414
0 0.336699 0.372922 0.026954 0.053261
0 0.365229 0.405758 0.031263 0.053146
0 0.478488 0.600221 0.045342 0.079607
0 0.234026 0.351956 0.026178 0.030970
0 0.327858 0.455759 0.033860 0.030804
0 0.061087 0.130902 0.034810 0.056923
