1 0.040669 0.330430 0.081339 0.204091
1 0.108226 0.475065 0.095324 0.211899
0 0.167439 0.642628 0.070589 0.218194
1 0.337905 0.908158 0.090631 0.183684
1 0.407265 0.965284 0.064918 0.069432
1 0.060802 0.243420 0.070035 0.089806
1 0.182555 0.522921 0.069353 0.168383
1 0.323716 0.749665 0.078096 0.146712
1 0.387772 0.851898 0.071099 0.156394
1 0.490526 0.893871 0.085923 0.173155
1 0.306195 0.548969 0.075608 0.157164
1 0.206035 0.366318 0.057604 0.124867
1 0.101434 0.156804 0.056809 0.113000
1 0.058662 0.071418 0.049259 0.094646
1 0.260028 0.386007 0.056706 0.118010
1 0.391496 0.611822 0.079789 0.183256
0 0.230892 0.799140 0.075703 0.255044
0 0.021170 0.146946 0.042340 0.088346
0 0.121758 0.361284 0.054955 0.105823
0 0.257367 0.659059 0.086288 0.216011
0 0.446718 0.962536 0.035962 0.074928
0 0.435165 0.852743 0.047711 0.141128
0 0.387780 0.747526 0.048741 0.128532
0 0.346017 0.666265 0.042431 0.106291
0 0.243609 0.484792 0.040717 0.130669
0 0.142688 0.288592 0.067719 0.152606
0 0.095283 0.043622 0.043060 0.060273
0 0.125303 0.096814 0.043946 0.091284
0 0.160225 0.165782 0.040269 0.103846
0 0.199009 0.242434 0.037450 0.104374
0 0.233384 0.297174 0.034029 0.079762
0 0.305759 0.447530 0.035536 0.092929
0 0.341408 0.511325 0.032463 0.093935
0 0.116709 0.032362 0.026632 0.028234
0 0.138332 0.078593 0.044315 0.080304
0 0.170344 0.138309 0.035489 0.084468
0 0.202151 0.203204 0.037829 0.094019
0 0.236430 0.264905 0.032301 0.086217
0 0.267859 0.321922 0.028462 0.084426
0 0.302696 0.394423 0.031628 0.080428
0 0.335016 0.453626 0.029695 0.083288
0 0.152368 0.055337 0.038121 0.063625
0 0.176787 0.090084 0.031605 0.077666
0 0.261779 0.249870 0.023289 0.092270
0 0.288642 0.316069 0.021604 0.082497
0 0.315830 0.368248 0.021908 0.074029
0 0.342901 0.419775 0.026738 0.076028
0 0.439443 0.697401 0.038356 0.113147
0 0.201686 0.293620 0.026619 0.048236
0 0.291023 0.458306 0.035275 0.051843
