1 0.909462 0.599996 0.130365 0.212768
1 0.808744 0.756159 0.094113 0.186965
1 0.590555 0.940357 0.090046 0.119286
1 0.483916 0.969372 0.096136 0.061256
1 0.906456 0.350418 0.086908 0.144226
1 0.838116 0.431677 0.087131 0.149097
1 0.755455 0.530994 0.070041 0.145895
1 0.683947 0.605838 0.065734 0.156076
0 0.620732 0.711425 0.065294 0.139964
1 0.467708 0.857688 0.080660 0.166193
1 0.405520 0.912263 0.061124 0.156177
1 0.342696 0.939106 0.065114 0.121789
1 0.865612 0.320780 0.052294 0.082739
1 0.743428 0.458194 0.053531 0.064996
1 0.624985 0.616442 0.051014 0.114929
1 0.495485 0.731869 0.060077 0.109008
1 0.437235 0.784695 0.063913 0.111987
1 0.325611 0.901673 0.063812 0.120890
1 0.269524 0.952955 0.046595 0.094089
1 0.357904 0.782404 0.070711 0.123080
1 0.532357 0.595540 0.059780 0.109007
1 0.624778 0.498787 0.045894 0.087331
1 0.724043 0.380441 0.041562 0.082871
1 0.768949 0.332744 0.044517 0.076781
1 0.814988 0.279631 0.051705 0.082608
1 0.581544 0.492721 0.046484 0.084220
1 0.462925 0.608195 0.060962 0.135276
0 0.704729 0.881531 0.102621 0.236939
0 0.549741 0.797981 0.070110 0.164323
0 0.795955 0.391243 0.059502 0.089886
0 0.685177 0.522389 0.041602 0.063551
0 0.554725 0.692922 0.067465 0.137658
0 0.379656 0.852919 0.038999 0.058123
0 0.220117 0.966278 0.050012 0.067445
0 0.251825 0.937176 0.045114 0.069140
0 0.289934 0.888572 0.043073 0.063720
0 0.402732 0.769486 0.050557 0.085323
0 0.448969 0.709945 0.049869 0.075886
0 0.489206 0.666119 0.041193 0.062776
0 0.582266 0.569770 0.042250 0.081173
0 0.678451 0.461357 0.054492 0.096620
0 0.861842 0.251656 0.050846 0.053634
0 0.805212 0.219390 0.028952 0.020967
0 0.778156 0.252316 0.043410 0.056240
0 0.746169 0.293478 0.044688 0.060171
0 0.712810 0.330578 0.037365 0.058888
0 0.678418 0.368106 0.036419 0.063471
0 0.641636 0.410164 0.036318 0.063613
0 0.611570 0.438276 0.029995 0.047545
0 0.542040 0.521713 0.035536 0.055113
0 0.509370 0.555604 0.034162 0.056548
0 0.788594 0.212871 0.018107 0.016097
0 0.767423 0.237780 0.038791 0.050884
0 0.735592 0.273899 0.037740 0.047691
0 0.705963 0.312581 0.037879 0.049684
0 0.675456 0.344625 0.030242 0.052932
0 0.645723 0.381785 0.030719 0.058430
0 0.613334 0.414099 0.030990 0.052075
0 0.583361 0.444021 0.028254 0.051991
0 0.551035 0.484826 0.031259 0.047459
0 0.520555 0.516201 0.030948 0.049824
0 0.748663 0.222415 0.028850 0.042280
0 0.723506 0.251953 0.033891 0.043933
0 0.699978 0.283985 0.031408 0.055299
0 0.675137 0.307312 0.026532 0.048972
0 0.597511 0.394902 0.025705 0.059286
0 0.569641 0.432945 0.024814 0.052135
0 0.544104 0.461230 0.024191 0.045866
0 0.518702 0.489073 0.027984 0.045608
0 0.417305 0.655996 0.040608 0.068370
0 0.634685 0.446535 0.023316 0.026287
0 0.551174 0.534420 0.030078 0.025861
0 0.832653 0.232981 0.034661 0.034394
0 0.789596 0.257849 0.032324 0.050342
