1 0.086788 0.941021 0.111642 0.117958
1 0.236332 0.966591 0.088870 0.066819
1 0.510981 0.955365 0.144737 0.089269
1 0.654931 0.912360 0.174402 0.175279
1 0.776160 0.936462 0.158978 0.127077
1 0.893784 0.934791 0.136398 0.130419
1 0.027017 0.743429 0.054033 0.128228
1 0.103093 0.745318 0.071277 0.129905
1 0.215130 0.742357 0.072026 0.115624
1 0.301550 0.732136 0.089092 0.125190
0 0.394567 0.773860 0.102949 0.078232
1 0.587866 0.728814 0.112139 0.141867
1 0.664721 0.715868 0.101582 0.126318
1 0.736608 0.697711 0.099165 0.132062
1 0.884178 0.701662 0.105435 0.098490
1 0.038135 0.675541 0.058668 0.069269
1 0.198858 0.664684 0.052155 0.070504
1 0.366367 0.679089 0.070646 0.096584
1 0.525339 0.658853 0.068946 0.107902
1 0.591864 0.642180 0.079345 0.090926
1 0.737451 0.614786 0.090386 0.068073
1 0.954824 0.633197 0.044780 0.067115
1 0.806779 0.639573 0.075122 0.099578
1 0.663752 0.554765 0.074574 0.103005
1 0.439441 0.564242 0.063603 0.083557
1 0.321030 0.576192 0.048236 0.071555
1 0.194183 0.573575 0.042853 0.067309
1 0.135576 0.578199 0.041692 0.067200
1 0.073942 0.580999 0.047566 0.073786
1 0.362953 0.530323 0.048330 0.069703
1 0.511258 0.501080 0.069771 0.108501
0 0.365186 0.968023 0.137971 0.063954
0 0.490842 0.776034 0.119166 0.093195
0 0.833229 0.738209 0.101411 0.082445
0 0.126871 0.667384 0.065103 0.045910
0 0.275699 0.667470 0.056946 0.053896
0 0.449381 0.679640 0.103386 0.082181
0 0.666894 0.641365 0.055340 0.045377
0 0.854419 0.575558 0.072744 0.022517
0 0.813342 0.581557 0.064644 0.015091
0 0.761959 0.579809 0.060965 0.026103
0 0.618020 0.585194 0.075022 0.036588
0 0.555489 0.587767 0.071279 0.046818
0 0.503701 0.582900 0.058909 0.038079
0 0.385574 0.598991 0.065941 0.045039
0 0.264740 0.603013 0.074063 0.054962
0 0.023918 0.605433 0.047835 0.040688
0 0.017813 0.515582 0.035626 0.023248
0 0.053514 0.517972 0.048388 0.025988
0 0.098743 0.520194 0.048789 0.029627
0 0.141779 0.523699 0.049247 0.031229
0 0.186623 0.521315 0.042938 0.026891
0 0.230244 0.521408 0.054089 0.022974
0 0.277934 0.520292 0.054656 0.023426
0 0.315107 0.514787 0.043498 0.019057
0 0.407132 0.516091 0.051134 0.025113
0 0.448624 0.508230 0.050329 0.017905
0 0.023641 0.489936 0.045436 0.020353
0 0.064795 0.492932 0.040812 0.020800
0 0.103577 0.495286 0.043806 0.028436
0 0.145368 0.494485 0.042039 0.021709
0 0.186534 0.496923 0.044689 0.020796
0 0.226775 0.494319 0.041882 0.021795
0 0.264633 0.494530 0.047406 0.026992
0 0.305517 0.489756 0.045912 0.027017
0 0.343198 0.488651 0.043343 0.021654
0 0.386645 0.485701 0.044644 0.021995
0 0.425276 0.485451 0.045133 0.021149
0 0.018390 0.460382 0.036779 0.025912
0 0.048187 0.463570 0.032912 0.026225
0 0.080815 0.464208 0.032728 0.021129
0 0.116421 0.462964 0.029614 0.025683
0 0.149930 0.462504 0.034720 0.027884
0 0.183589 0.464378 0.038656 0.027991
0 0.214355 0.463402 0.038019 0.028844
0 0.313901 0.458582 0.043375 0.027920
0 0.352299 0.461272 0.040195 0.023601
0 0.385322 0.461259 0.037555 0.018132
0 0.418075 0.459448 0.040993 0.019720
0 0.567157 0.502414 0.060206 0.032844
0 0.296353 0.549443 0.030302 0.030974
0 0.402827 0.543164 0.036443 0.033378
0 0.033454 0.555911 0.049630 0.036149
0 0.089981 0.538383 0.037922 0.022714
