1 0.677547 0.745840 0.173773 0.182274
1 0.819275 0.539396 0.210580 0.225870
1 0.900956 0.378103 0.144605 0.145757
1 0.297515 0.928944 0.109582 0.134850
1 0.387232 0.818601 0.116753 0.161455
1 0.489031 0.686007 0.116779 0.141703
1 0.676507 0.438324 0.129149 0.151436
1 0.744443 0.324170 0.124213 0.112997
1 0.808181 0.216062 0.128790 0.145593
1 0.918247 0.049022 0.050480 0.092118
1 0.257938 0.881047 0.049650 0.089924
1 0.411697 0.693838 0.061752 0.117734
1 0.574202 0.459436 0.079378 0.131366
1 0.633676 0.352435 0.100863 0.120708
1 0.780832 0.150503 0.106217 0.120857
1 0.849986 0.067990 0.097192 0.104151
1 0.678167 0.180196 0.093333 0.143858
1 0.463769 0.485412 0.089305 0.127103
1 0.346648 0.651949 0.068041 0.097112
1 0.217926 0.824931 0.059610 0.095872
1 0.161613 0.904643 0.053287 0.100929
1 0.098743 0.964005 0.058924 0.068854
1 0.367614 0.561331 0.063435 0.095327
1 0.512578 0.342619 0.096189 0.134390
0 0.531632 0.922284 0.153264 0.144319
0 0.591558 0.594893 0.146228 0.125663
0 0.906813 0.138914 0.103292 0.095185
0 0.185360 0.961204 0.069775 0.072777
0 0.329906 0.794092 0.063062 0.092628
0 0.510108 0.580540 0.084785 0.074151
0 0.714851 0.253476 0.059629 0.063148
0 0.835555 0.019171 0.055767 0.038343
0 0.788065 0.072502 0.065548 0.069917
0 0.647577 0.272991 0.083807 0.078232
0 0.582993 0.351270 0.077268 0.080180
0 0.532000 0.420000 0.063886 0.070795
0 0.417335 0.590295 0.076475 0.068788
0 0.295556 0.757449 0.088375 0.113786
0 0.018589 0.982824 0.026304 0.032535
0 0.053344 0.954717 0.042719 0.084172
0 0.101803 0.895786 0.047894 0.084469
0 0.146318 0.841385 0.051486 0.088037
0 0.189326 0.783739 0.052299 0.073403
0 0.232434 0.725894 0.061313 0.067346
0 0.280164 0.661663 0.061718 0.062709
0 0.315243 0.604600 0.047716 0.056912
0 0.408384 0.485113 0.055737 0.059085
0 0.448683 0.425661 0.055908 0.053265
0 0.018042 0.965969 0.036084 0.059159
0 0.056742 0.917247 0.036983 0.064067
0 0.098402 0.866900 0.042485 0.075250
0 0.138842 0.811619 0.043667 0.073851
0 0.182109 0.761360 0.047103 0.073990
0 0.219666 0.708329 0.049199 0.059349
0 0.259274 0.655651 0.055013 0.063427
0 0.298490 0.598780 0.051225 0.054299
0 0.334697 0.546730 0.049646 0.047778
0 0.379314 0.488982 0.048363 0.053029
0 0.416751 0.435497 0.049733 0.048766
0 0.006799 0.940570 0.013597 0.046867
0 0.029395 0.912818 0.025194 0.063038
0 0.063559 0.870144 0.028104 0.061073
0 0.097553 0.821276 0.034979 0.059246
0 0.132223 0.778119 0.036554 0.069677
0 0.166177 0.737349 0.048342 0.064426
0 0.195238 0.696672 0.045081 0.053204
0 0.294777 0.555500 0.052986 0.038393
0 0.335111 0.511785 0.047825 0.035625
0 0.367781 0.466746 0.043389 0.036300
0 0.400087 0.421618 0.045333 0.043893
0 0.565431 0.263186 0.067210 0.062897
0 0.307760 0.658139 0.030129 0.045018
0 0.411587 0.510156 0.033617 0.059283
0 0.056514 0.984125 0.028295 0.029169
0 0.098565 0.922412 0.044853 0.061466
