0 0.066406 0.357031 0.129688 0.176563
0 0.366406 0.578125 0.192188 0.234375
0 0.569531 0.568750 0.173437 0.178125
0 0.486719 0.184375 0.135937 0.196875
0 0.174219 0.221875 0.226562 0.178125
0 0.318750 0.483594 0.106250 0.142187
0 0.452344 0.310156 0.217188 0.157812
0 0.253125 0.392969 0.134375 0.170313
0 0.118750 0.232813 0.140625 0.134375
0 0.428906 0.124219 0.092188 0.229687
0 0.312500 0.341406 0.090625 0.135937
0 0.504687 0.177344 0.184375 0.085938
0 0.475000 0.332031 0.156250 0.101562
0 0.590625 0.351562 0.203125 0.196875
0 0.373437 0.467969 0.121875 0.157812