0 0.524219 0.042188 0.145313 0.078125
0 0.147656 0.482812 0.170313 0.221875
0 0.342969 0.125781 0.101562 0.098437
0 0.576562 0.063281 0.218750 0.085938
0 0.430469 0.132031 0.176563 0.139063
0 0.555469 0.517188 0.214062 0.168750
0 0.121094 0.385937 0.123438 0.109375
0 0.397656 0.103125 0.204687 0.084375
0 0.529687 0.472656 0.221875 0.092188
0 0.534375 0.211719 0.234375 0.117188
0 0.516406 0.509375 0.192188 0.118750
0 0.535937 0.495312 0.115625 0.150000
0 0.089063 0.457813 0.118750 0.096875
0 0.147656 0.131250 0.098437 0.193750