1 0 0.48317804999999997 0.03677826161369193 0.5308186630434782 0.09999724694376529 0.3903089978260869 0.03466661980440098 0.3152522347826087 0 0.3630088239130435 0 0.48317804999999997
1 0.14455481662591688 0.6704267065217391 0.17344036308068458 0.5419249782608696 0.11476856479217604 0.48245764347826087 0.07587243765281174 0.5814591869565218 0.14455481662591688 0.6704267065217391
1 0.3624272958435208 0.9492247739130435 0.37431931662591683 0.9477460239130434 0.3738938129584352 0.7600850195652175 0.29106996943765284 0.6942961413043478 0.2891111075794621 0.7194229673913044 0.28838934963325186 0.8567423456521739 0.3505175611246944 0.9372199413043478 0.3624272958435208 0.9492247739130435
1 0.48466050244498776 0.7917560304347826 0.44593860757946213 0.7450559934782608 0.38895242909535455 0.7914786565217391 0.38936398777506115 0.945875247826087 0.4891756577017115 0.9334638543478261 0.48466050244498776 0.7917560304347826
1 0.006699810513447433 0.18674100869565216 0.053309729828850856 0.24222875 0.09543089853300735 0.17114765 0.08094015770171148 0.12586545652173914 0.06029752444987775 0.09566799782608695 0.006699810513447433 0.18674100869565216
1 0.16048217114914426 0.23284333913043478 0.12094808557457214 0.1724114804347826 0.07029293765281174 0.2672961369565217 0.11762476283618582 0.3237189934782609 0.16048217114914426 0.23284333913043478
1 0.23016696088019561 0.31109712173913046 0.18781949144254279 0.2712273673913044 0.15626226039119806 0.36028905652173915 0.20432996821515895 0.41825662391304347 0.23016696088019561 0.31109712173913046
1 0.2254954303178484 0.4384344760869565 0.27387560024449875 0.4956627673913044 0.29560056601466994 0.38087152608695657 0.2668150464547677 0.3378208739130435 0.23590178850855745 0.35656428695652176 0.2254954303178484 0.4384344760869565
0 0.315319326405868 0.4759044586956522 0.2886380513447433 0.4518817891304348 0.291648804400978 0.5414095847826087 0.3413833337408313 0.5910128260869566 0.34662102322738386 0.572932502173913 0.3450015794621027 0.5143532804347826 0.315319326405868 0.4759044586956522
1 0.4881948080684596 0.5946146695652174 0.4627444682151589 0.5777852260869565 0.42496557701711496 0.6103008260869566 0.4338914462102689 0.6994808282608697 0.4893921858190709 0.7448618065217392 0.5023545831295844 0.6717433891304347 0.4881948080684596 0.5946146695652174
1 0.4947419009779951 0.6538134934782609 0.5028291112469437 0.7588092891304348 0.5463586699266504 0.7921415173913045 0.5520309694376528 0.7211066369565217 0.5457287310513447 0.6587669891304349 0.5204016259168704 0.6351810086956522 0.4947419009779951 0.6538134934782609
1 0.6026438459657701 0.7072201021739131 0.5842175635696821 0.6804677826086957 0.5727094743276284 0.6770963760869565 0.5533498435207824 0.7010450739130435 0.5480283166259169 0.7777846739130435 0.5560730378973106 0.782437602173913 0.555963640586797 0.8053670173913043 0.5921392102689487 0.8355042608695652 0.6123860916870416 0.8150080826086957 0.6124117114914426 0.7371762217391304 0.6026438459657701 0.7072201021739131
1 0.6642015696821515 0.8965465630434784 0.6665049132029339 0.9114132956521739 0.7142006699266503 0.9054824173913043 0.7128904180929095 0.8846343630434782 0.6920264400977996 0.8374210369565218 0.6624955061124694 0.8193554630434782 0.6508780195599022 0.8389134717391304 0.6482215256723717 0.8643112956521739 0.6642015696821515 0.8965465630434784
1 0.07005444498777506 0.11538426956521738 0.10019053300733496 0.15153707391304347 0.0967186271393643 0.17876254347826087 0.12097073227383863 0.14384795434782607 0.11670049266503668 0.12101316739130435 0.09654252811735942 0.09490160869565217 0.08350447432762835 0.09820003913043479 0.07005444498777506 0.11538426956521738
1 0.22492988508557457 0.23813666739130435 0.21087470048899756 0.23723367173913043 0.19583634841075795 0.2443421347826087 0.18753951344743275 0.2554351543478261 0.18254278973105134 0.27140962826086956 0.19649986063569683 0.2791749673913044 0.2148252836185819 0.30291274782608696 0.2260307946210269 0.29724054130434785 0.23714398655256722 0.26260984130434784 0.22492988508557457 0.23813666739130435
1 0.31166452444987774 0.36779147173913046 0.2945408716381418 0.40617210000000004 0.29483490831295844 0.44115966739130436 0.30583016136919317 0.4554023369565217 0.33872480440097796 0.48218092826086956 0.3444400268948655 0.4304343586956522 0.34475968337408314 0.3875900652173913 0.3282668031784841 0.36622606304347827 0.31166452444987774 0.36779147173913046
1 0.4479701246943766 0.5904967782608695 0.46936401711491443 0.5749509369565218 0.4731470391198044 0.5308251239130435 0.45513273349633254 0.49018700217391303 0.4451546112469438 0.48014576086956523 0.43659705378973107 0.4863641 0.4143792102689487 0.5296815434782609 0.4120338325183374 0.5381790282608696 0.4213982616136919 0.5560769956521739 0.41854005012224943 0.5754457434782608 0.42220513447432767 0.5801933 0.43259523471882644 0.5763487413043479 0.4479701246943766 0.5904967782608695
1 0.47710076528117357 0.5379241043478261 0.4674778606356968 0.5597349217391304 0.48935896943765284 0.6111496739130434 0.49831142298288505 0.6429334413043479 0.520823304400978 0.6346035652173914 0.5281620134474327 0.6181547239130435 0.5262371515892421 0.5868224543478261 0.49539505012224944 0.5295678847826086 0.47710076528117357 0.5379241043478261
1 0.5898331283618582 0.6387157478260869 0.5732223105134474 0.6662251130434782 0.597860771393643 0.6952565804347826 0.6123108508557457 0.7341616847826087 0.6315525452322738 0.7590863543478261 0.629627684596577 0.7277540847826087 0.6341167200488999 0.7047300391304347 0.6113193410757946 0.652128395652174 0.5898331283618582 0.6387157478260869
1 0.7684051393643031 0.8671445847826087 0.7505840122249389 0.8584794934782609 0.7385545488997555 0.8919233043478261 0.7433383765281174 0.9018592 0.7906617542787285 0.8959746260869565 0.7684051393643031 0.8671445847826087
1 0.6744326491442544 0.7569531608695653 0.6427751369193154 0.7015262391304348 0.6353355684596577 0.7149605413043478 0.6431614926650366 0.7654723 0.6301148997555012 0.7947146826086957 0.6305183361858191 0.8067728347826086 0.6446743789731052 0.8106903695652175 0.6557704914425427 0.8279475782608695 0.6729864645476773 0.8185254391304347 0.6777780782396088 0.8045450086956523 0.6744326491442544 0.7569531608695653
1 0.6046284841075794 0.556944697826087 0.593431512224939 0.5366729521739131 0.5770394914425427 0.5183234891304348 0.565632261613692 0.5179666195652174 0.5436161369193154 0.5673131413043478 0.5584696540342298 0.618276395652174 0.5811747127139364 0.6419195456521739 0.6071584999999999 0.6063641956521739 0.6135809376528117 0.5887284673913044 0.604619944987775 0.5828886521739131 0.6046284841075794 0.556944697826087
1 0.4342943753056234 0.36514181739130436 0.4245179682151589 0.36112965 0.4169860819070904 0.34560546086956523 0.4046625819070904 0.34406170434782607 0.3849918337408313 0.3849107413043478 0.3933693056234719 0.41596499565217393 0.4246999767726162 0.45351570869565216 0.44426395843520783 0.40112701086956526 0.4444742163814181 0.38121213478260874 0.4342943753056234 0.36514181739130436
1 0.3047634107579462 0.29252265217391304 0.306385695599022 0.31481130869565216 0.3329575574572127 0.3492310913043478 0.35059404523227383 0.29997920217391305 0.34825720782396086 0.28253273260869566 0.3345131405867971 0.2647293956521739 0.31862541564792174 0.26145261956521737 0.3047634107579462 0.29252265217391304
1 0.22831801100244498 0.15600875 0.21302689853300733 0.19676315652173915 0.2422467163814181 0.23172906956521738 0.25121624816625915 0.21162493043478262 0.25621811980440096 0.17772962173913046 0.24583656112469435 0.15563022826086956 0.2376909792176039 0.1479627652173913 0.22831801100244498 0.15600875
1 0.18402588019559904 0.11593841304347827 0.16934846210268947 0.14883609347826085 0.19765200733496333 0.1826151195652174 0.20998404767726161 0.15821492173913043 0.21528849633251831 0.13336322826086958 0.2039906662591687 0.11007694347826087 0.1976776271393643 0.10478325652173913 0.18402588019559904 0.11593841304347827
1 0.1513256161369193 0.13414192608695652 0.17527514303178485 0.09018371956521738 0.17395543643031786 0.07693867826086957 0.1555291552567237 0.050186358695652175 0.13912859535452324 0.05778084565217391 0.1228203533007335 0.09433382391304349 0.1513256161369193 0.13414192608695652
1 0.34926579951100245 0.3126781108695652 0.37645135574572125 0.3392411695652174 0.393877586797066 0.30990415652173914 0.38197460024449875 0.2685306456521739 0.3665997090464548 0.2543826086956522 0.3478452322738386 0.2964185347826087 0.34926579951100245 0.3126781108695652
1 0.4877748349633252 0.3392491869565218 0.4602610819070905 0.3814743717391304 0.4537377860635697 0.39609556304347826 0.4534266699266503 0.4129959021739131 0.46492621760391195 0.4423112608695652 0.49322976405867974 0.4760902869565217 0.5031155672371639 0.45717303695652173 0.5151535709046455 0.39778527391304347 0.5042677151589242 0.3606131891304348 0.4877748349633252 0.3392491869565218
0 0.2607991870415648 0.8210035108695651 0.274407315403423 0.6689246282608696 0.18581586674816625 0.5805149695652173 0.1686948239608802 0.701696393478261 0.2607991870415648 0.8210035108695651
0 0.4003792090464548 0.5735715608695652 0.35314628484107585 0.5239154347826087 0.3471895709046454 0.6210268195652174 0.4132181650366748 0.6873571956521739 0.4003792090464548 0.5735715608695652
0 0.6345072762836187 0.8208613065217392 0.6115289413202935 0.8075632869565217 0.6075461393643031 0.8874276782608695 0.6338175391198044 0.9154779086956522 0.6552065916870415 0.9128182217391305 0.6345072762836187 0.8208613065217392
0 0.13205957579462102 0.18663374782608697 0.1743291772616137 0.2497707347826087 0.19032878850855747 0.21390951304347827 0.1455022665036675 0.16015666739130435 0.13205957579462102 0.18663374782608697
0 0.283305402200489 0.3636875478260869 0.28519978973105137 0.32527357173913046 0.248233108801956 0.3010939173913043 0.2429547836185819 0.3386647130434782 0.283305402200489 0.3636875478260869
0 0.4097389902200489 0.5675287891304348 0.4199060012224939 0.48771552173913046 0.35553713691931543 0.43081124782608693 0.3532666772616137 0.5054143543478261 0.4097389902200489 0.5675287891304348
0 0.5695871943765282 0.6810791869565217 0.5600797591687041 0.6352311956521739 0.533958630806846 0.624016695652174 0.549706596577017 0.6773327413043478 0.5695871943765282 0.6810791869565217
0 0.7005272738386308 0.7686070239130435 0.7276995293398533 0.7984253608695652 0.7309576283618583 0.7980350086956522 0.7178499523227384 0.7626130804347826 0.6827176919315403 0.726455754347826 0.7005272738386308 0.7686070239130435
0 0.6550791271393643 0.697535502173913 0.6776821100244499 0.7434145652173914 0.6961680171149144 0.7654813 0.6803604547677261 0.7292357173913043 0.6550791271393643 0.697535502173913
0 0.6205719388753056 0.6528117065217391 0.636743553789731 0.6978611413043478 0.6599538924205378 0.7153518956521739 0.6498647249388753 0.6823951586956521 0.6205719388753056 0.6528117065217391
0 0.5111904217603912 0.5268430826086956 0.523548663814181 0.572192347826087 0.5567146491442543 0.6109622195652173 0.5426861821515893 0.551426904347826 0.5111904217603912 0.5268430826086956
0 0.5138155855745722 0.5480578217391304 0.507602694376528 0.505429445652174 0.46836037530562347 0.4735012195652174 0.4776851577017115 0.5253578804347826 0.5138155855745722 0.5480578217391304
0 0.47202496699266505 0.4991639326086956 0.4700322689486553 0.4588585434782609 0.43448352200488993 0.4374840956521739 0.43908002567237164 0.4669677369565218 0.47202496699266505 0.4991639326086956
0 0.3841146577017115 0.4153989869565217 0.37949529951100247 0.36330806086956524 0.3467263056234719 0.3350633608695652 0.34883778850855746 0.3801821347826087 0.3841146577017115 0.4153989869565217
0 0.2996028459657702 0.31773318913043475 0.3013882249388753 0.2666033195652174 0.259925793398533 0.22185812826086956 0.24789032518337406 0.2675138108695652 0.2996028459657702 0.31773318913043475
0 0.08721739486552567 0.013871126086956521 0.06923923960880196 0.02647461304347826 0.06764212469437653 0.030054352173913043 0.11012026161369193 0.09324535 0.1285976552567237 0.07421636956521739 0.08721739486552567 0.013871126086956521
0 0.14404407946210268 0 0.13534914180929095 0.009626784782608696 0.16181639608801957 0.041290023913043476 0.17740041320293398 0.032962928260869565 0.1527606185819071 0 0.14404407946210268 0
0 0.20937368337408313 0.07316602826086957 0.18095823227383862 0.03453816086956522 0.16712442298288507 0.049268965217391304 0.19760344743276284 0.09068005217391303 0.20937368337408313 0.07316602826086957
0 0.20954519070904645 0.07278161956521739 0.19610321026894867 0.08994996304347827 0.2277973533007335 0.13282501739130434 0.23979360391198046 0.11152619347826086 0.20954519070904645 0.07278161956521739
0 0.23974000488997554 0.10946757826086957 0.2308414841075795 0.13009471304347825 0.2610789486552567 0.1680493434782609 0.2673348202933985 0.14871946739130434 0.23974000488997554 0.10946757826086957
0 0.2657983948655257 0.14382890217391303 0.26350087286063567 0.1687599108695652 0.29778943765281174 0.20650203913043477 0.296592695599022 0.18206505652173913 0.2657983948655257 0.14382890217391303
0 0.2996363422982885 0.18462741521739132 0.2992461577017115 0.2114223739130435 0.3321846454767726 0.2474157304347826 0.32970855256723713 0.22040807391304348 0.2996363422982885 0.18462741521739132
0 0.3308816601466993 0.2196409043478261 0.3304710415647922 0.24034264347826087 0.35809548533007335 0.2664190413043478 0.3584310953545232 0.25154238695652176 0.3308816601466993 0.2196409043478261
0 0.3931919425427873 0.29713846086956525 0.3949099535452323 0.3244200608695652 0.4255135819070905 0.3513222108695652 0.4203950476772616 0.32527829782608697 0.3931919425427873 0.29713846086956525
0 0.42476698777506117 0.3291214804347826 0.43016460880195595 0.3524935782608695 0.45560172860635695 0.3848367152173913 0.44813371026894866 0.3540778717391304 0.42476698777506117 0.3291214804347826
0 0.15832714303178486 0 0.18029431540342297 0.031251445652173915 0.18932580806845967 0.023385328260869566 0.17394635819070903 0 0.15832714303178486 0
0 0.1945495586797066 0.021809884782608695 0.18130131173594133 0.033769186956521736 0.20806627017114912 0.0726858543478261 0.2190128459657702 0.055768995652173914 0.1945495586797066 0.021809884782608695
0 0.219771575794621 0.05872795 0.2115174327628362 0.07108955434782609 0.23944049999999997 0.10604623913043477 0.248323804400978 0.09070118478260869 0.219771575794621 0.05872795
0 0.24812303422982884 0.09545292826086957 0.23894717726161369 0.10783401739130434 0.27154262591687045 0.14459625652173913 0.27586502200489 0.1278944565217391 0.24812303422982884 0.09545292826086957
0 0.27641137775061125 0.12481597391304348 0.2711782139364303 0.14473088478260868 0.2995731907090465 0.17726561956521739 0.3003534987775061 0.15657986304347826 0.27641137775061125 0.12481597391304348
0 0.3000478031784841 0.15846672173913046 0.29877953300733495 0.18109088478260868 0.32689544987775065 0.2162973739130435 0.32921518704156477 0.1865417695652174 0.3000478031784841 0.15846672173913046
0 0.3303501173594132 0.19286540869565216 0.33131096210268945 0.2159502434782609 0.3582705366748166 0.2441989239130435 0.35672792298288514 0.21442593260869566 0.3303501173594132 0.19286540869565216
0 0.3600960929095355 0.22168988260869565 0.360584935207824 0.24719687391304346 0.38525145476772615 0.2730818239130435 0.3832515599022005 0.24878324782608693 0.3600960929095355 0.22168988260869565
0 0.38844665403422984 0.26387378695652175 0.38990162224938874 0.2797119782608696 0.4169465611246944 0.3104978543478261 0.41534983740831294 0.2842903108695652 0.38844665403422984 0.26387378695652175
0 0.4174638092909535 0.2929676130434783 0.4208465647921761 0.3167630413043478 0.44549174083129583 0.34201377173913045 0.43940915158924204 0.31393763695652177 0.4174638092909535 0.2929676130434783
0 0.183438108801956 0 0.19851530929095354 0.019060202173913042 0.20905837408312958 0.006446408695652174 0.20331883007334964 0 0.183438108801956 0
0 0.21369226405867972 0.009599104347826086 0.2057589608801956 0.02601644347826087 0.224338184596577 0.05190303260869565 0.23440517970660146 0.03320797173913043 0.21369226405867972 0.009599104347826086
0 0.2393444498777506 0.03736755 0.22667388753056236 0.055535336956521734 0.2507831711491443 0.08130504782608697 0.26034040342298287 0.06376741086956522 0.2393444498777506 0.03736755
0 0.2573664119804401 0.06313890652173913 0.24990415036674815 0.08259321304347826 0.2760052163814181 0.11822310217391305 0.2810770660146699 0.0906285847826087 0.2573664119804401 0.06313890652173913
0 0.27999675183374084 0.08881300869565217 0.2752124266503667 0.11658945217391305 0.3006299682151589 0.1373804847826087 0.2997785672371638 0.11181785 0.27999675183374084 0.08881300869565217
0 0.35056650366748165 0.16869849347826088 0.35540418337408314 0.20833210652173914 0.3726555586797066 0.22764524565217392 0.371956511002445 0.20075982173913043 0.35056650366748165 0.16869849347826088
0 0.37647378239608803 0.2095375391304348 0.3783349119804401 0.23196860217391305 0.39813532885085573 0.26125710217391307 0.3926400892420538 0.2260344 0.37647378239608803 0.2095375391304348
0 0.4005608129584352 0.24013193695652174 0.4026361650366748 0.26344715869565216 0.4220090892420538 0.2855084434782609 0.4172878190709046 0.2594795978260869 0.4005608129584352 0.24013193695652174
0 0.4225050195599022 0.26734392173913046 0.4277950990220049 0.29300333260869565 0.4478114767726162 0.31225807173913045 0.4369007334963325 0.28033162173913045 0.4225050195599022 0.26734392173913046
0 0.50845258801956 0.4205365456521739 0.5172338312958435 0.4622450630434783 0.5450297909535452 0.48793692608695655 0.520692228606357 0.42681661521739134 0.50845258801956 0.4205365456521739
0 0.331463348410758 0.2654032282608696 0.33045814547677266 0.2519676347826087 0.30959990709046453 0.23989551521739133 0.3106079621026895 0.2650819847826087 0.331463348410758 0.2654032282608696
0 0.4136282469437653 0.3499949913043478 0.407478695599022 0.3371758108695652 0.3848881662591687 0.3252772391304348 0.3858065403422983 0.3509634043478261 0.4136282469437653 0.3499949913043478
0 0.10828347310513448 0.021809830434782608 0.13666205012224938 0.06318068695652174 0.15181468092909536 0.04477012173913044 0.12236184474327629 0.002032180434782609 0.10828347310513448 0.021809830434782608
0 0.16071832029339855 0.05622377391304348 0.18571102933985328 0.09391806739130436 0.19191632885085574 0.07801577391304348 0.16720836674816625 0.04385112391304348 0.16071832029339855 0.05622377391304348