1 0 0.8911282622222223 0.06933654125000001 0.92090238 0.08551434375 0.7775980333333333 0.00074184125 0.7487357955555556 0 0.7512639222222222 0 0.8911282622222223
1 0.20917834625 0.9809524755555555 0.2007395025 0.8715842044444445 0.1269602075 0.8529301022222223 0.12074574375 0.9429782355555556 0.20917834625 0.9809524755555555
1 0.473897885 1 0.4572498425 0.9490345644444445 0.3584805875 0.9393205111111111 0.364051925 0.9635119822222222 0.37562525999999996 1 0.473897885 1
1 0.60531306625 1 0.5726533112500001 0.9104854155555555 0.52175216 0.8913527844444444 0.48096622375000003 0.9685859177777777 0.49124357750000003 1 0.60531306625 1
1 0 0.6561374711111111 0.01619631875 0.5797965022222222 0 0.5604424733333334 0 0.6561374711111111
1 0.10047073125 0.5996358133333334 0.04472284625 0.56843044 0.024358007499999997 0.6861579266666668 0.0863812775 0.7089397133333334 0.10047073125 0.5996358133333334
1 0.18662936375 0.6257339444444444 0.13428219625 0.6150632288888889 0.13047089874999998 0.7158170622222223 0.19365627124999998 0.7395639533333334 0.18662936375 0.6257339444444444
1 0.21989394125 0.7451267377777777 0.28315929875 0.7680065044444445 0.26993502625 0.6496987533333334 0.22962573625000002 0.6278478644444445 0.20559231125 0.6638508133333333 0.21989394125 0.7451267377777777
1 0.317491805 0.6664871133333333 0.2952894125 0.7232588888888889 0.32112648499999996 0.7840525222222223 0.3785732875 0.803528871111111 0.37620534624999996 0.7362062377777777 0.3572956525 0.6835794622222222 0.317491805 0.6664871133333333
1 0.51761417 0.7278984355555556 0.4882676075 0.7280128022222222 0.46174421625 0.7808066955555556 0.49671549374999996 0.8569857733333334 0.5632852537499999 0.8646808844444445 0.554023625 0.7898565044444444 0.51761417 0.7278984355555556
1 0.5414238725 0.7780878488888888 0.58027938375 0.8692535511111111 0.6318205975 0.8732201111111111 0.61619885875 0.8047475288888889 0.59169274625 0.7515342133333334 0.5604618662499999 0.7453895733333332 0.5414238725 0.7780878488888888
1 0.6605266562500001 0.7611787066666666 0.63496241875 0.7479285844444444 0.6229486037499999 0.7518595511111111 0.61151604125 0.785582208888889 0.62916408 0.8590621199999999 0.6382427825 0.8584157111111111 0.6449330987499999 0.8794683777777778 0.69479833 0.8940638266666667 0.7017936987500001 0.8538908355555556 0.6787531112499999 0.7826402222222223 0.6605266562500001 0.7611787066666666
1 0.8186226375 0.8563370355555556 0.78466168875 0.8258464311111111 0.7510431525 0.8273174266666666 0.745719655 0.85230106 0.75070357625 0.8771659155555556 0.7755512975000001 0.89692576 0.78838520375 0.9206165755555556 0.83261904875 0.9396112266666667 0.8409467087500001 0.9340973733333333 0.83988778 0.9086455 0.8186226375 0.8563370355555556
1 0.95989229125 0.9523858555555557 0.9672735400000001 0.8853253711111111 0.956374305 0.8791301 0.9404354975 0.8836480888888889 0.9232334475 0.8762612799999999 0.91473599625 0.90669938 0.92258598 0.90552534 0.9240880625 0.9152602288888888 0.95682029375 0.9452232044444444 0.95989229125 0.9523858555555557
1 0 0.5533887244444444 0.014940396250000001 0.5589460711111112 0.01968547875 0.5859808311111111 0.03255107375 0.5392387266666667 0.02169692625 0.5209429888888889 0 0.5116260133333334 0 0.5533887244444444
1 0.14627511 0.5698937288888889 0.13777766 0.6003318288888888 0.14590100875 0.6083650511111112 0.14494565375000001 0.6170446822222222 0.16952001249999998 0.6275972666666667 0.17856418999999998 0.6155736888888889 0.17893829125 0.5771023688888889 0.15999532 0.5621505755555556 0.14627511 0.5698937288888889
1 0.28143407875000004 0.6279329488888888 0.27641846999999997 0.6735010155555555 0.2870683025 0.7053438311111111 0.3018129175 0.7116753822222222 0.3076140925 0.6823519288888888 0.33136836000000003 0.6652827333333333 0.31897760625 0.6258749377777778 0.29686068375 0.6163776088888889 0.28143407875000004 0.6279329488888888
1 0.47789367875000005 0.7486550466666666 0.493763435 0.7213827222222222 0.48430779375 0.6786903666666666 0.45502287875 0.6524801888888889 0.44249686125 0.6493738044444445 0.43614895875000004 0.6602827333333333 0.42772055875 0.713475168888889 0.42799392249999996 0.7226824288888889 0.44226085875000004 0.7333537977777778 0.4452650225 0.7528235777777778 0.45017989375 0.7549340933333334 0.45898523249999995 0.7450804222222221 0.47789367875000005 0.7486550466666666
1 0.5053657874999999 0.66273582 0.48355675499999995 0.6738229222222223 0.48758532250000003 0.7073674088888889 0.49673307375 0.7294753333333333 0.5237648675 0.7410831755555556 0.5417524837500001 0.7647146022222222 0.5608307175 0.7433649800000001 0.562980265 0.7238358088888889 0.55185275375 0.6963328111111111 0.5053657874999999 0.66273582
1 0.62796421375 0.7062914866666666 0.62021780375 0.7415970333333333 0.6524033075 0.7531454844444444 0.6777632325 0.7799426844444444 0.7035663074999999 0.7910229 0.69243879625 0.7635198977777778 0.68991231 0.7397103044444445 0.65250404625 0.7054669066666667 0.62796421375 0.7062914866666666
1 0.8469493625 0.8094167577777778 0.8453465425000001 0.8473604511111111 0.914974835 0.904529471111111 0.92616856 0.8729767222222222 0.9182495249999999 0.8513964266666667 0.9079075799999999 0.8401380377777777 0.90343586 0.8223105355555556 0.8665743225 0.8064816577777778 0.8469493625 0.8094167577777778
1 0.7439758974999999 0.7629259933333333 0.6972500925 0.7314989111111111 0.6941106662500001 0.7483305444444444 0.7165700024999999 0.7897894688888889 0.7127485849999999 0.8245079933333334 0.7167081012500001 0.8352981422222222 0.7314181925 0.8302525266666666 0.747152685 0.8392816133333333 0.76083837125 0.8201612911111111 0.76128152375 0.8044443066666667 0.7439758974999999 0.7629259933333333
1 0.61789279375 0.6224302755555555 0.60116842125 0.6107036488888888 0.5800413775 0.60390386 0.5690174425 0.6105323644444444 0.5625688 0.6691198755555556 0.5918882425 0.7067072244444444 0.62062643125 0.71450288 0.6349595825000001 0.6661184977777779 0.6358804112499999 0.6460616977777778 0.62557299125 0.6461804777777778 0.61789279375 0.6224302755555555
1 0.39802134125 0.5507389711111111 0.3874750825 0.55302766 0.37566558125 0.5434115511111112 0.3634129275 0.549512428888889 0.35669092125 0.5988926777777778 0.3757029425 0.6365988066666667 0.41133576125 0.6519000555555556 0.41822755624999997 0.57759556 0.41252711750000004 0.5592404311111111 0.39802134125 0.5507389711111111
1 0.252523265 0.5632514511111111 0.2606811375 0.58266184 0.2963139575 0.5979630888888889 0.29859876750000003 0.5421325044444445 0.291191935 0.52758956 0.27276116625 0.51967512 0.25658352 0.5263630177777778 0.252523265 0.5632514511111111
1 0.13889996625 0.4849178666666667 0.1363417925 0.5315411911111111 0.174670885 0.5457277888888888 0.17729810875 0.5218588022222223 0.17204082375 0.4877866911111111 0.15555529 0.4738901555555556 0.1454867075 0.4718390288888889 0.13889996625 0.4849178666666667
1 0.084632065 0.4752492555555556 0.08033296999999999 0.5143075977777778 0.11743334750000001 0.5279665666666666 0.12200580374999999 0.49811548666666666 0.11971815749999999 0.4721359844444445 0.10200390375 0.4577118222222222 0.09439275875 0.4567159533333333 0.084632065 0.4752492555555556
1 0.05872825125 0.5118476222222222 0.0686242075 0.45701290666666666 0.0634359725 0.44569512888888885 0.037871736249999996 0.4324450066666667 0.02442488875 0.44939542 0.0196481175 0.4927935777777778 0.05872825125 0.5118476222222222
1 0.30109072875 0.5545649333333333 0.3349826275 0.5623011977777778 0.34296787500000003 0.5248257444444444 0.31931434625 0.49421635999999997 0.3004059 0.49064173777777775 0.29491261375 0.5405496177777778 0.30109072875 0.5545649333333333
1 0.44153583249999995 0.4944332622222222 0.42771488375 0.5498549977777778 0.425804175 0.56721426 0.43051473375 0.5828718533333332 0.45020874624999996 0.6026910888888889 0.48730912125000003 0.61635006 0.4911650625 0.5930087044444445 0.48508768625000004 0.5313148088888889 0.46365275625 0.5039305888888889 0.44153583249999995 0.4944332622222222
0 0.3506060875 1 0.3357356775 0.9330567955555555 0.22314174 0.8873025266666666 0.239521145 0.9939821155555555 0.25353530750000003 1 0.3506060875 1
0 0.43824642750000004 0.7564894288888889 0.3783231075 0.73984054 0.40140027375000004 0.8323528444444445 0.48425479625 0.8528027622222222 0.43824642750000004 0.7564894288888889
0 0.72470108125 0.8457604 0.698767065 0.8475996622222223 0.7186224525 0.9231232755555556 0.7889416212499999 0.9434150377777778 0.72470108125 0.8457604
0 0.05584388875 0.5716370844444445 0.11501166375 0.6036504244444445 0.119698035 0.5610735688888888 0.06086390625 0.5392079755555556 0.05584388875 0.5716370844444445
0 0.2530745875 0.6414677644444445 0.24350395500000002 0.6051546466666666 0.20095657875 0.6055634400000001 0.20703847625000002 0.6431680711111111 0.2530745875 0.6414677644444445
0 0.41630819125 0.7396372955555556 0.3953188425 0.6753005044444444 0.35932437624999997 0.6653053444444444 0.37566839125 0.7263146088888889 0.41630819125 0.7396372955555556
0 0.6211404675 0.75740848 0.59845379625 0.7212432688888888 0.570129165 0.7269056511111112 0.6010019475 0.7661010177777777 0.6211404675 0.75740848
0 0.74239537125 0.7269044333333333 0.78509812375 0.7724906155555555 0.82489281625 0.7722387888888889 0.79173006 0.7435608311111112 0.74239537125 0.7269044333333333
0 0.7105166375 0.7189953666666666 0.74686555 0.7585502022222222 0.7776772587499999 0.7676525622222222 0.7441083187499999 0.7325944088888889 0.7105166375 0.7189953666666666
0 0.6615624637499999 0.7004508777777778 0.69039096125 0.7318219888888888 0.7177895325 0.73367864 0.69836633125 0.7096667333333333 0.6615624637499999 0.7004508777777778
0 0.51954012625 0.6518503244444445 0.54480758875 0.6858209111111111 0.5880409575000001 0.7010830266666667 0.55697090375 0.6551471288888889 0.51954012625 0.6518503244444445
0 0.5283396312499999 0.6696663511111111 0.50976037875 0.6344391466666667 0.46273867125 0.6291436066666667 0.4870311625 0.6709195711111111 0.5283396312499999 0.6696663511111111
0 0.47385118125 0.6503968533333333 0.45999959875 0.61472264 0.41964067499999996 0.6168343422222222 0.43277745875 0.6410164688888889 0.47385118125 0.6503968533333333
0 0.36488640250000004 0.6273316288888889 0.34502818124999995 0.5824722999999999 0.3052938725 0.5766012133333334 0.32068557 0.6166084177777779 0.36488640250000004 0.6273316288888889
0 0.25505496875 0.5894716533333334 0.2416117075 0.5415868777777777 0.18866682 0.5259143422222222 0.1906771825 0.5750385111111112 0.25505496875 0.5894716533333334
0 0 0.4956848555555556 0.00716993875 0.4995407577777778 0.0192160225 0.47085874222222224 0 0.4608309622222222 0 0.4956848555555556
0 0 0.40082124888888887 0.0033845512500000003 0.4027737777777778 0.01438884125 0.3864649088888889 0 0.38007372666666667 0 0.40082124888888887
0 0.05370124625 0.40334622666666664 0.015006591250000001 0.3857740533333333 0.00653723625 0.40762717555555555 0.041253043749999996 0.4204693 0.05370124625 0.40334622666666664
0 0.096217765 0.4206473088888889 0.057573348749999996 0.40261870222222224 0.04869802625 0.4245355955555556 0.09014234 0.4438533333333334 0.096217765 0.4206473088888889
0 0.09626799999999999 0.4201909111111111 0.08849006125 0.4440998377777778 0.13153124 0.4640165888888889 0.13670138125 0.43720875333333337 0.09626799999999999 0.4201909111111111
0 0.13604001875 0.4353573 0.13363575 0.45966165555555555 0.173824555 0.47596318444444446 0.17408390499999998 0.45445738888888887 0.13604001875 0.4353573
0 0.17116405375 0.45091811555555555 0.17635321874999998 0.47513685111111115 0.2203564725 0.48877388222222223 0.21196925125 0.46713779333333333 0.17116405375 0.45091811555555555
0 0.21564175375000003 0.4676272244444445 0.2232088575 0.492389 0.265401675 0.5052486377777777 0.2550281425 0.4820397977777778 0.21564175375000003 0.4676272244444445
0 0.25592361 0.4806223955555556 0.26166545875 0.4998198555555556 0.29583320874999997 0.5068431177777778 0.291745805 0.49302275333333334 0.25592361 0.4806223955555556
0 0.3385285725 0.5135600888888888 0.34825770375 0.5374818644444445 0.3855216225 0.5434444444444445 0.37290453874999996 0.5227287911111111 0.3385285725 0.5135600888888888
0 0.37822795249999996 0.5235806088888889 0.39032038125 0.5416807422222223 0.4242517 0.5557732222222223 0.40798861125 0.5321747733333333 0.37822795249999996 0.5235806088888889
0 0 0.37408110222222224 0.01680220125 0.3817645911111111 0.025867558750000002 0.3732281088888889 0 0.35671742888888885 0 0.37408110222222224
0 0.032886105 0.3709833355555555 0.02310991375 0.38351712444444447 0.055963892499999994 0.4000153622222222 0.062277101249999994 0.38730934666666667 0.032886105 0.3709833355555555
0 0.066810025 0.38268244888888886 0.05767384 0.4017057244444444 0.09482410375 0.42100497555555555 0.10028814875 0.39884769777777773 0.066810025 0.38268244888888886
0 0.1018912225 0.40109324888888886 0.09765425374999999 0.41743976 0.13473945499999998 0.4324085577777778 0.1386944825 0.41294786 0.1018912225 0.40109324888888886
0 0.139910475 0.4174192666666667 0.1347970825 0.4343455933333333 0.17688942125 0.4481181022222222 0.17607700874999999 0.43019649555555556 0.139910475 0.4174192666666667
0 0.17568764625 0.4270458177777778 0.1765805275 0.4484635044444445 0.21339967625 0.4609279022222222 0.20801640375000002 0.44151966444444446 0.17568764625 0.4270458177777778
0 0.208282975 0.4434329866666667 0.21377364375 0.4649128488888889 0.251117455 0.47999269777777775 0.24451980750000002 0.4513447422222222 0.208282975 0.4434329866666667
0 0.2474800625 0.45644042444444444 0.25524079625 0.47698279777777775 0.28941592875 0.4863996 0.2791163625 0.46009065555555556 0.2474800625 0.45644042444444444
0 0.28449277125 0.4646853155555556 0.29251953125 0.4877323333333333 0.323799435 0.49638385333333335 0.31468451125 0.4753641333333333 0.28449277125 0.4646853155555556
0 0.3241288925 0.48600812 0.33021505500000004 0.4996167844444444 0.36522378000000005 0.5113036866666667 0.3559290275 0.4882909844444444 0.3241288925 0.48600812
0 0.360523845 0.49494390222222223 0.37081324000000004 0.5146599733333334 0.4018847675 0.5227440422222221 0.38774271875 0.5007562088888889 0.360523845 0.49494390222222223
0 0 0.34915332444444447 0.00394706 0.35090766 0.01970726875 0.3356848911111111 0 0.3254387088888889 0 0.34915332444444447
0 0.02316998875 0.33621574 0.013157397500000001 0.35581887333333334 0.03478220375 0.3660608977777778 0.04574932375 0.34672306888888893 0.02316998875 0.33621574
0 0.052043967499999996 0.3519609977777778 0.043877235 0.3670981311111111 0.06979089875 0.37774786222222223 0.076143925 0.35977495111111113 0.052043967499999996 0.3519609977777778
0 0.08151343750000001 0.3598350911111111 0.07878545125 0.3796979644444444 0.10423951875 0.39206248 0.10833472999999999 0.3688140066666667 0.08151343750000001 0.3598350911111111
0 0.114294915 0.36960949555555556 0.10755150249999999 0.3939628111111111 0.13826390875 0.4028486133333334 0.14221420875 0.3809702711111111 0.114294915 0.36960949555555556
0 0.13918146374999998 0.38220831777777775 0.137804315 0.40456354666666666 0.17334513000000001 0.42125938444444444 0.17002203375 0.39291135555555556 0.13918146374999998 0.38220831777777775
0 0.16844999625 0.39190834444444445 0.17210220625000003 0.42024757333333335 0.20259137500000002 0.4237790222222222 0.19420110625 0.4009021311111111 0.16844999625 0.39190834444444445
0 0.25966798125 0.4219956688888889 0.2760434975 0.45532042666666667 0.2982786325 0.46247825333333337 0.28964218375 0.43829780222222225 0.25966798125 0.4219956688888889
0 0.29656702625000003 0.4435773044444445 0.3049957075 0.46297240444444443 0.3326267525 0.47770592 0.31692902 0.4488191311111111 0.29656702625000003 0.4435773044444445
0 0.32868790625000005 0.4568924288888889 0.3375836425 0.47696613555555556 0.36266377125 0.48534564444444445 0.35043138375 0.46440156666666665 0.32868790625000005 0.4568924288888889
0 0.35775546875 0.46841833555555557 0.37042279875 0.48867748222222224 0.39528708875 0.4940960022222222 0.37538285625 0.4715279822222222 0.35775546875 0.46841833555555557
0 0.48541622125000006 0.5562234 0.50618112125 0.5890427599999999 0.5403990787499999 0.5956095 0.498992195 0.5545085244444444 0.48541622125000006 0.5562234
0 0.27004181125 0.5221513377777778 0.2650981275 0.5104674022222222 0.24155660375 0.5121360088888889 0.249985335 0.5345731044444444 0.27004181125 0.5221513377777778
0 0.37375251875 0.5494763466666667 0.36406770625 0.5414931511111111 0.33891959125 0.5443767955555555 0.34741056625 0.5673259088888889 0.37375251875 0.5494763466666667
0 0 0.4434987177777778 0.02366430625 0.45584146444444446 0.03271143125 0.42975259777777775 0 0.4128122777777778 0 0.4434987177777778
0 0.04462759125 0.4348068044444444 0.0797193425 0.45406785111111114 0.08094604 0.4357299577777778 0.04717282 0.41952577555555554 0.04462759125 0.4348068044444444