1 0.5524363987341773 0.8787452702702703 0.6540714962025317 0.816495259009009 0.577785682278481 0.7373184977477477 0.4870653101265823 0.8264801373873873 0.4979281139240506 0.8422244414414415 0.5355827683544304 0.8826044684684684 0.5524363987341773 0.8787452702702703
1 0.6716589835443038 0.5892982274774775 0.621473064556962 0.6228362545045044 0.603753629113924 0.7310379121621621 0.6742849189873417 0.8041148310810812 0.7907615734177215 0.7327745855855856 0.7728493860759493 0.6813050563063062 0.6716589835443038 0.5892982274774775
1 0.8471196506329114 0.6003525563063064 0.7942580215189874 0.5571371666666667 0.7164777607594937 0.6141088333333334 0.8220216126582278 0.7136282702702703 0.8670488670886076 0.6860497342342343 0.9021850278481013 0.6403516621621622 0.8471196506329114 0.6003525563063064
1 1 0.525933786036036 0.9504252518987342 0.48388470945945944 0.9075078594936709 0.4793741328828829 0.8459481696202531 0.5338768063063063 0.8440178037974683 0.5815447522522522 0.9546379164556962 0.6259566621621622 1 0.5847500292792792 1 0.525933786036036
1 1 0.39341454054054054 0.9929433392405064 0.3906499527027027 0.9205295303797469 0.4646364684684685 1 0.5030414459459459 1 0.39341454054054054
1 0.06115211265822785 0.8475031486486487 0.05149916582278481 0.8524942747747748 0.06843459113924051 0.9681996666666667 0.09831678481012658 0.9479280202702702 0.09348891645569621 0.8491617905405405 0.06115211265822785 0.8475031486486487
1 0.17370256202531645 0.7832338423423424 0.1162469835443038 0.8109586013513514 0.12663674683544304 0.9345401283783783 0.18765936962025315 0.8932069932432433 0.17370256202531645 0.7832338423423424
1 0.2571227721518987 0.7209412680180179 0.20769951898734176 0.763344427927928 0.22877354430379745 0.8556387747747748 0.29107031898734176 0.8140041216216216 0.2571227721518987 0.7209412680180179
1 0.3158945417721519 0.7929389752252253 0.37805215569620254 0.7504633288288288 0.33747228354430375 0.6595963018018017 0.29610138227848104 0.6802691756756757 0.2833497582278481 0.7356745472972973 0.3158945417721519 0.7929389752252253
1 0.3840966278481012 0.6273066013513514 0.378029982278481 0.6991487522522523 0.41591717974683545 0.7270068400900901 0.47204241772151895 0.6872962477477478 0.45356432784810125 0.6304873851351351 0.4238590075949367 0.6029527274774774 0.3840966278481012 0.6273066013513514
1 0.5780510265822785 0.48331486936936935 0.5518251341772151 0.5124432072072073 0.5409262417721519 0.5850643806306306 0.5907237101265823 0.6174054391891892 0.652147529113924 0.5583197184684685 0.6256793291139241 0.5017384887387387 0.5780510265822785 0.48331486936936935
1 0.6115476455696203 0.5038612162162163 0.6684618 0.5455277905405406 0.7155348987341772 0.49803142117117116 0.6849204088607596 0.45332205405405407 0.6500659518987342 0.4308076846846847 0.6206333658227848 0.4563005833333333 0.6115476455696203 0.5038612162162163
1 0.7139890050632912 0.37119517567567567 0.6878991822784809 0.3848399436936937 0.6781067632911393 0.4001771193693694 0.676073858227848 0.44111495945945944 0.7097179 0.4882195810810811 0.7176827025316456 0.47867152477477476 0.728783811392405 0.4905511824324324 0.7769404316455697 0.45405136036036037 0.7734363253164557 0.4118351261261261 0.7355097936708861 0.37202320045045045 0.7139890050632912 0.37119517567567567
1 0.8785469215189873 0.29842424549549545 0.8407558126582279 0.30522668693693694 0.8110378443037974 0.3397725675675675 0.812346535443038 0.36698940090090093 0.8228474683544303 0.3839063896396397 0.8498781835443038 0.37668993468468465 0.867116482278481 0.38481065315315316 0.9113042417721519 0.35774629729729734 0.9174143468354431 0.3446644864864865 0.9102820962025316 0.3233493626126126 0.8785469215189873 0.29842424549549545
1 1 0.19317084459459458 0.9941584506329114 0.20193035360360362 0.9769743227848101 0.21245538063063063 0.9767690303797468 0.2476041036036036 0.9835063949367089 0.2388078355855856 0.9872157936708861 0.24587534459459462 1 0.24375977927927928 1 0.19317084459459458
1 0.051987137974683545 0.8558281734234234 0.08729860506329114 0.8320844436936937 0.09811316962025317 0.8511442027027027 0.0982642911392405 0.797349731981982 0.08410813037974685 0.7920109819819819 0.0571045 0.8085503108108107 0.04948041139240507 0.8295640135135135 0.04919386455696202 0.8367441148648649 0.051987137974683545 0.8558281734234234
1 0.20745208481012659 0.7117948828828828 0.20724679240506327 0.7469436058558558 0.21646611898734175 0.7459666351351351 0.2177206417721519 0.7545377184684685 0.2422693974683544 0.7395019662162162 0.2474386101265823 0.7199918400900901 0.23842457594936708 0.6858200878378379 0.21784467974683544 0.6914203761261262 0.20745208481012659 0.7117948828828828
1 0.3424702430379747 0.6290982364864864 0.3490564835443038 0.6740964369369369 0.3663218658227848 0.6915400315315315 0.3810511189873418 0.6825185788288288 0.3791151670886076 0.6510162027027028 0.39621804303797464 0.6125225540540541 0.37555689240506335 0.5901542207207208 0.3534630139240506 0.6036863986486487 0.3424702430379747 0.6290982364864864
1 0.5475606898734178 0.540841186936937 0.5551306088607595 0.5011817387387387 0.5362970734177215 0.473024286036036 0.5037293455696202 0.47896234909909907 0.4917685974683544 0.48862299774774776 0.48874063037974685 0.5044867792792793 0.4941265189873418 0.5595596396396396 0.49660847848101264 0.5673789391891891 0.5119649936708861 0.5626430292792792 0.5193837898734177 0.5767780518018017 0.5242935405063291 0.5737709009009009 0.5297763835443038 0.5564035450450451 0.5475606898734178 0.540841186936937
1 0.5512587037974683 0.43817698423423423 0.5344423746835443 0.46949053153153153 0.546197829113924 0.49497860585585585 0.5597538139240507 0.5053546891891891 0.5867574443037975 0.4888153581081081 0.608591864556962 0.49178615765765765 0.620471358227848 0.4541568873873874 0.617648682278481 0.4348719436936937 0.6010105607594937 0.4217138941441442 0.5512587037974683 0.43817698423423423
1 0.6715205227848101 0.3551789166666667 0.6731699291139241 0.3938613963963964 0.7047696810126582 0.3721721441441441 0.7339687253164556 0.37063221621621617 0.7597449189873418 0.3548446756756757 0.7431067974683544 0.3416866238738739 0.735060741772152 0.32326606081081083 0.6932736873417721 0.33018109234234233 0.6715205227848101 0.3551789166666667
1 0.8924864075949367 0.22918000675675676 0.9002730025316457 0.2641035472972973 0.9764553987341772 0.2454613310810811 0.978801935443038 0.20666626351351353 0.9664733898734177 0.19553838963963965 0.9544855582278481 0.19587616666666668 0.9461529556962025 0.1846357027027027 0.9093298215189873 0.20718933558558558 0.8924864075949367 0.22918000675675676
1 0.7890680037974684 0.29018740315315317 0.7396297772151899 0.30879326576576577 0.7409113835443037 0.326687222972973 0.7710784050632911 0.34089848423423424 0.7760964936708861 0.3751828288288288 0.7822607683544304 0.3807467612612612 0.7941944303797468 0.361763240990991 0.8104647518987342 0.3541327725225225 0.8180617556962025 0.32379619594594594 0.8146389050632912 0.30954858333333335 0.7890680037974684 0.29018740315315317
1 0.6421318860759494 0.29145872972972975 0.6243204949367088 0.297698213963964 0.6037676835443038 0.31262137837837833 0.5955163341772152 0.329349536036036 0.6039843594936709 0.38720436486486487 0.6393476784810127 0.3912283738738739 0.6669514860759493 0.36965171396396396 0.6680164164556962 0.3129626846846847 0.6639663037974683 0.294429527027027 0.6547740632911393 0.3047293738738739 0.6421318860759494 0.29145872972972975
1 0.4280117037974684 0.44595286486486485 0.4191330936708861 0.458395481981982 0.4062314544303797 0.4616278153153153 0.3967526670886076 0.47910776126126126 0.4027387329113924 0.5291432950450451 0.4289098088607595 0.5434671463963964 0.4645055063291139 0.5216653018018018 0.4526146291139241 0.4495628581081081 0.44305458734177217 0.4390741846846847 0.4280117037974684 0.44595286486486485
1 0.30088848101265825 0.600864545045045 0.31290339620253166 0.6098496463963964 0.34849909240506327 0.5880478018018018 0.3369760151898734 0.5367338783783784 0.32681579746835443 0.531282536036036 0.30840423037974685 0.5425593490990991 0.29555676075949366 0.5644374301801802 0.30088848101265825 0.600864545045045
1 0.18020469367088607 0.6444283468468469 0.18924581139240504 0.6879229729729729 0.22698275189873418 0.6624747837837838 0.2235328164556962 0.6389042972972974 0.21054992405063291 0.614168009009009 0.19242490253164557 0.6182647229729731 0.18291903037974683 0.626421795045045 0.18020469367088607 0.6444283468468469
1 0.12930665316455695 0.6896118468468468 0.13495200379746836 0.7281817342342342 0.17146150632911392 0.7034853310810811 0.1682981164556962 0.6727347432432432 0.15993842911392406 0.6521714076576576 0.14058596962025316 0.6570199076576576 0.1335349734177215 0.6636734054054054 0.12930665316455695 0.6896118468468468
1 0.11502645189873417 0.7473904391891892 0.11055437088607595 0.689423018018018 0.10316265949367089 0.6846108693693693 0.07707283544303797 0.6982556396396397 0.06916220126582279 0.7264494436936937 0.07543481265822785 0.7693048738738739 0.11502645189873417 0.7473904391891892
1 0.34222648101265823 0.5451923738738739 0.37442640886075945 0.5184657905405405 0.3724633734177215 0.4776405405405405 0.34386450506329114 0.47414313963963967 0.32608019873417726 0.48970549549549547 0.3332937012658228 0.538989240990991 0.34222648101265823 0.5451923738738739
1 0.45325759113924047 0.35343956306306307 0.4543609898734177 0.4158051216216216 0.45687003417721517 0.43294729054054054 0.46488900632911395 0.4420449842342343 0.48732360126582275 0.4399784504504505 0.5238331050632912 0.41528204729729734 0.5216106063291139 0.3909597725225225 0.5011818329113924 0.34276559009009006 0.475351470886076 0.33990738513513513 0.45325759113924047 0.35343956306306307
0 0.35334942025316457 0.9146450900900901 0.3578771075949367 0.9232960675675675 0.4973043810126582 0.891369572072072 0.4651954088607595 0.8434746013513513 0.35334942025316457 0.9146450900900901
0 0.5139957139240506 0.5869413175675676 0.45634204683544305 0.6315857995495496 0.49946799113924056 0.6900425157657657 0.5785597721518988 0.6260555315315316 0.5139957139240506 0.5869413175675676
0 0.7919537316455697 0.38203294819819816 0.7691998911392405 0.40930133333333335 0.8053152734177216 0.45601821621621624 0.873154388607595 0.40429149324324326 0.7919537316455697 0.38203294819819816
0 0.1269751911392405 0.802775759009009 0.18768657341772152 0.7723781486486486 0.18153266962025316 0.7303337477477478 0.12358571898734177 0.7693173603603604 0.1269751911392405 0.802775759009009
0 0.32038862151898734 0.6690417139639641 0.3030024 0.6466029346846847 0.2650384949367089 0.6890474189189189 0.2796175088607595 0.716071795045045 0.32038862151898734 0.6690417139639641
0 0.49027443544303795 0.5938346644144145 0.4558630493670886 0.5580684076576576 0.42123322658227846 0.584890009009009 0.4506802518987342 0.622327518018018 0.49027443544303795 0.5938346644144145
0 0.6778376050632912 0.4068410247747748 0.6487536050632912 0.3975057995495495 0.624790135443038 0.43049791216216216 0.6619338417721519 0.4343982837837838 0.6778376050632912 0.4068410247747748
0 0.778900646835443 0.2601014617117117 0.8281805417721518 0.2579154481981982 0.8637200164556962 0.21833166891891892 0.8270834582278481 0.22593721396396396 0.778900646835443 0.2601014617117117
0 0.7484597227848101 0.2846849166666667 0.7905897734177215 0.2834844707207207 0.8203661050632911 0.2610049054054054 0.781815753164557 0.2634064481981982 0.7484597227848101 0.2846849166666667
0 0.7001585075949367 0.31681386486486485 0.7335720481012659 0.315861768018018 0.758534217721519 0.2903920405405405 0.7353230531645569 0.28850693693693696 0.7001585075949367 0.31681386486486485
0 0.5612939620253165 0.41459235585585585 0.5921534569620253 0.41944657207207203 0.6345391582278481 0.3900923378378378 0.5955809924050632 0.3804647207207207 0.5612939620253165 0.41459235585585585
0 0.5734954506329114 0.4215419481981982 0.5483139202531646 0.4089680653153153 0.5049610620253164 0.4508263378378379 0.536845082278481 0.4635029076576576 0.5734954506329114 0.4215419481981982
0 0.5200670443037975 0.4585080630630631 0.49900630253164563 0.4408650990990991 0.46341402278481014 0.48264110585585585 0.4810426670886076 0.4908939144144144 0.5200670443037975 0.4585080630630631
0 0.4169812734177215 0.5460238806306307 0.3883149189873417 0.5262520878378378 0.3513415670886076 0.5603964144144145 0.3748330443037975 0.5803230495495495 0.4169812734177215 0.5460238806306307
0 0.3095249949367089 0.6213979594594594 0.285862317721519 0.5926226531531532 0.2346888746835443 0.6312223310810812 0.24842476202531646 0.6723953355855855 0.3095249949367089 0.6213979594594594
0 0.043639815189873414 0.7987980045045046 0.06591132405063291 0.7875757545045045 0.0697179911392405 0.7504598693693694 0.03890751012658228 0.7664661801801802 0.043639815189873414 0.7987980045045046
0 0.030669884810126582 0.710185472972973 0.03901006329113924 0.7062985202702703 0.04489146455696203 0.6810844234234233 0.027896391139240508 0.6912365472972972 0.030669884810126582 0.710185472972973
0 0.08416291265822785 0.6570312364864865 0.045276227848101265 0.6798663806306307 0.04300987974683544 0.7074443738738738 0.07718763037974684 0.684388945945946 0.08416291265822785 0.6570312364864865
0 0.12640279367088605 0.6301775472972974 0.08745013797468355 0.6525619662162162 0.08483610379746835 0.6805975495495495 0.12660683924050634 0.6565762950450451 0.12640279367088605 0.6301775472972974
0 0.1263368265822785 0.6297268558558559 0.12518859746835445 0.658427213963964 0.16853346202531647 0.6333527454954955 0.1666442860759494 0.604684822072072 0.1263368265822785 0.6297268558558559
0 0.1656027151898734 0.6037122747747747 0.16935790506329113 0.6274447545045044 0.20927249746835444 0.6020152702702702 0.2042785075949367 0.5828632905405405 0.1656027151898734 0.6037122747747747
0 0.2008063253164557 0.5826417522522523 0.21133385949367087 0.5987880315315316 0.2540134050632911 0.5672444414414414 0.24125245569620252 0.5565306576576576 0.2008063253164557 0.5826417522522523
0 0.2446568417721519 0.5533280585585586 0.2574436632911392 0.5675993513513514 0.29831466455696204 0.5371635045045046 0.28339456075949365 0.5270326036036036 0.2446568417721519 0.5533280585585586
0 0.283851217721519 0.5249015 0.29365299620253166 0.5360893018018018 0.32592644050632913 0.5084634031531532 0.3189114012658228 0.5003635518018018 0.283851217721519 0.5249015
0 0.365754329113924 0.4721333851351351 0.3802711936708861 0.48352809234234234 0.4150567455696203 0.45190770945945946 0.3987353962025317 0.44618656306306304 0.365754329113924 0.4721333851351351
0 0.40370476329113925 0.4416693851351351 0.4189211670886076 0.44561144144144144 0.45270095063291144 0.4244305720720721 0.4324173215189874 0.4197829459459459 0.40370476329113925 0.4416693851351351
0 0.027067120253164555 0.6855708445945946 0.04590827721518987 0.6745674774774776 0.051943818987341774 0.6581002364864865 0.02467496835443038 0.6692273040540541 0.027067120253164555 0.6855708445945946
0 0.057677178481012656 0.6491856058558558 0.051977084810126584 0.6698680765765765 0.08537767974683545 0.6518665945945946 0.08793791012658228 0.6344581756756756 0.057677178481012656 0.6491856058558558
0 0.09086874556962025 0.6259091914414414 0.08731817848101267 0.6516604099099099 0.12524292784810126 0.6318703288288289 0.12474678734177215 0.6069977702702702 0.09086874556962025 0.6259091914414414
0 0.1267265911392405 0.6073850968468469 0.12690843924050632 0.6259384414414415 0.16372266202531646 0.6024078896396396 0.1625318240506329 0.5813972364864866 0.1267265911392405 0.6073850968468469
0 0.1647062341772152 0.5841231193693693 0.1642449240506329 0.6040528063063063 0.20524786962025315 0.5745184121621622 0.20016604556962025 0.5595757027027027 0.1647062341772152 0.5841231193693693
0 0.19905208987341771 0.5571925833333333 0.20505546708860758 0.5751274301801802 0.24102309493670884 0.5496596216216216 0.231490882278481 0.537931945945946 0.19905208987341771 0.5571925833333333
0 0.23219430379746836 0.5393493536036036 0.2423260088607595 0.5527909774774774 0.2793985734177215 0.5291021914414414 0.2665346746835443 0.510457490990991 0.23219430379746836 0.5393493536036036
0 0.2704212189873418 0.5120065585585586 0.28235592911392404 0.5223790698198199 0.31521761772151896 0.49684888513513514 0.2996103430379747 0.48392100450450454 0.2704212189873418 0.5120065585585586
0 0.30553664810126585 0.48263994819819817 0.3183179873417722 0.494949954954955 0.34840361265822783 0.47161116216216215 0.33514143670886076 0.4621587297297297 0.30553664810126585 0.48263994819819817
0 0.34617699746835445 0.46216894594594593 0.3549286987341772 0.46810573873873873 0.389087770886076 0.44374557207207205 0.3751804139240506 0.43271993468468467 0.34617699746835445 0.46216894594594593
0 0.38090766835443035 0.43402041216216214 0.39490374303797465 0.4411657162162162 0.4246650607594936 0.41753446396396393 0.40667031898734174 0.41220395045045044 0.38090766835443035 0.43402041216216214
0 0.023635606329113927 0.6621262207207207 0.026909583544303797 0.6601714572072073 0.037309596202531645 0.6312073603603604 0.020400546835443036 0.6400238108108108 0.023635606329113927 0.6621262207207207
0 0.040536375949367084 0.6282486621621621 0.03634267721518988 0.655376240990991 0.05817727088607595 0.6429851418918919 0.06328936835443039 0.6151465022522522 0.040536375949367084 0.6282486621621621
0 0.0701934506329114 0.6135223716216216 0.06656581518987341 0.6349002162162162 0.0923363329113924 0.6186250563063064 0.09365230253164558 0.5965496486486487 0.0701934506329114 0.6135223716216216
0 0.09847052911392405 0.5912912905405406 0.10085681898734176 0.6114415878378379 0.12663287848101265 0.5971276779279279 0.12464700253164557 0.5726503423423424 0.09847052911392405 0.5912912905405406
0 0.1301723417721519 0.5674538175675676 0.13005759620253166 0.5955213355855856 0.15969246582278482 0.5729497184684685 0.1579098987341772 0.5498195495495496 0.1301723417721519 0.5674538175675676
0 0.15549763037974682 0.5539071306306306 0.15969804556962025 0.5749110990990991 0.19555032658227847 0.5544255765765765 0.18568875443037977 0.5328054076576576 0.15549763037974682 0.5539071306306306
0 0.18403866075949368 0.5334791058558559 0.19419252025316455 0.5547660022522523 0.22232654683544303 0.5277107567567567 0.209261353164557 0.5159097837837837 0.18403866075949368 0.5334791058558559
0 0.2729544 0.46968711486486486 0.29570214556962027 0.48276927477477477 0.31733326962025316 0.4670646328828829 0.30373106835443037 0.4543618333333333 0.2729544 0.46968711486486486
0 0.31120903544303796 0.4521508761261261 0.3234625025316456 0.4608546756756757 0.3517617835443038 0.44646888288288283 0.33069883544303796 0.4366155945945946 0.31120903544303796 0.4521508761261261
0 0.3431802848101265 0.43207778153153154 0.3560164886075949 0.44091583558558556 0.3804896417721519 0.4234704932432432 0.36445693797468354 0.4171681261261261 0.3431802848101265 0.43207778153153154
0 0.3719852189873417 0.41345280180180183 0.38824058734177214 0.41872315315315317 0.4118011151898734 0.39888971846846843 0.3885104873417722 0.39874904954954954 0.3719852189873417 0.41345280180180183
0 0.5075286455696203 0.36432583783783784 0.5340803556962025 0.3726222274774775 0.5662877797468354 0.34454555855855856 0.5192571037974684 0.3493905788288288 0.5075286455696203 0.36432583783783784
0 0.3065732037974684 0.5474248288288288 0.29931129367088605 0.5420490698198198 0.2786563253164557 0.5668010045045045 0.2916490569620253 0.5781775135135135 0.3065732037974684 0.5474248288288288
0 0.4059937860759494 0.46884875675675675 0.39538971645569615 0.47141418918918915 0.37359273797468356 0.4988228265765766 0.3867655772151899 0.5105876373873873 0.4059937860759494 0.46884875675675675
0 0.03653878101265823 0.7502826689189188 0.07004819620253165 0.7328653963963965 0.0718021164556962 0.7009942972972973 0.03234729240506329 0.7216457837837837 0.03653878101265823 0.7502826689189188
0 0.08369061012658228 0.6936482792792792 0.11976451139240506 0.6758607905405406 0.11640573164556961 0.6585353536036036 0.08225423291139242 0.6777044572072072 0.08369061012658228 0.6936482792792792