1 0.30083628482587066 0.760549028761062 0.21554699378109451 0.7748946769911504 0.2959332810945274 0.9148547345132744 0.34050810945273635 0.90631228539823 0.3546745248756219 0.9003011570796461 0.30083628482587066 0.760549028761062
1 0.2958149328358209 0.6316574911504425 0.26141953606965174 0.5679371061946903 0.14542511069651742 0.5768799004424778 0.11806880597014925 0.605176017699115 0.20136728358208955 0.7502064734513274 0.27980341542288556 0.7371105884955752 0.2958149328358209 0.6316574911504425
1 0.16285303606965174 0.4551200221238938 0.1036745907960199 0.45561749557522124 0.043495245024875624 0.45181588053097343 0.05598857835820895 0.4970885265486725 0.0978847947761194 0.5700337654867257 0.21470155845771147 0.5581749734513274 0.16285303606965174 0.4551200221238938
1 0 0.3993773539823009 0.0003488457711442786 0.40021453982300886 0.0020597611940298506 0.40319340265486725 0.11190164925373133 0.44158000884955756 0.12412992537313433 0.39920301769911504 0.08584421517412935 0.30953679867256634 0.04673215422885572 0.2836189668141593 0 0.285102342920354 0 0.3993773539823009
1 0 0.26637406637168143 0.07868324502487563 0.28780740707964597 0.03653216169154229 0.17383098672566372 0 0.16072071460176993 0 0.26637406637168143
1 0.6015836641791045 1 0.5880051878109452 0.969111557522124 0.5568199092039801 1 0.6015836641791045 1
1 0.5655637388059702 0.9070316836283185 0.5351719676616915 0.8605076681415929 0.47288569651741297 0.9105558694690266 0.5152121567164178 0.9902833960176991 0.5606041131840797 0.9635837477876106 0.5655637388059702 0.9070316836283185
1 0.4878989440298508 0.8663953561946903 0.5035482288557214 0.8003350309734514 0.4756485186567164 0.7517590221238938 0.44144387189054723 0.7548364424778762 0.4085725049751244 0.7909115088495575 0.4463946355721393 0.8640698915929204 0.4878989440298508 0.8663953561946903
1 0.38940459701492536 0.5849838761061947 0.37482050995024874 0.5416970508849558 0.32749462313432837 0.5244855884955753 0.2876534813432836 0.5548165309734513 0.324480407960199 0.6483338738938054 0.3777830845771144 0.6550702588495575 0.38940459701492536 0.5849838761061947
1 0.27702443781094527 0.5324758805309735 0.3393190833333333 0.53612575 0.3452148258706468 0.48887261725663717 0.32674459701492536 0.44648882743362833 0.2894723855721393 0.4416689092920354 0.24944878482587066 0.45890045575221233 0.27702443781094527 0.5324758805309735
1 0.30082969402985077 0.4373028694690266 0.31100118532338306 0.400648517699115 0.30685914676616916 0.3806453407079646 0.2878707052238806 0.35078256194690266 0.26867702985074626 0.3365518252212389 0.22364526243781094 0.3444899181415929 0.2082242052238806 0.3784000331858407 0.2399671368159204 0.4432610774336283 0.25321418905472637 0.4407424380530974 0.2574383221393035 0.45449279867256637 0.30082969402985077 0.4373028694690266
1 0.20248355223880596 0.27886452433628317 0.21158856716417912 0.2563427079646018 0.19551223507462687 0.20596718584070794 0.16422008084577117 0.17386973672566372 0.12899038432835822 0.173291157079646 0.11648143656716418 0.18668852876106196 0.11803974004975125 0.2021931814159292 0.1490445671641791 0.25617549115044247 0.16659784577114428 0.26115439380530975 0.18829316169154228 0.2861364734513274 0.20248355223880596 0.27886452433628317
1 0.09060450746268657 0.010521504424778762 0.08866853358208955 0.0018352389380530975 0.08028228482587066 0.001661663716814159 0.06322845024875622 0.03241100221238938 0.08387799626865672 0.05317388938053097 0.08920965422885573 0.04966530752212389 0.09257254228855721 0.06191615707964602 0.10266194154228855 0.03151462610619469 0.09060450746268657 0.010521504424778762
1 0.6330011019900498 1 0.6344189129353234 0.9957278318584071 0.6312202126865671 0.9709713451327434 0.6147334129353234 0.9518599070796461 0.5968107139303483 0.9750186814159292 0.5956621417910447 0.9954040331858407 0.598301843283582 1 0.6330011019900498 1
1 0.53742657960199 0.8012720951327433 0.5219241666666666 0.7742809402654868 0.49719359825870646 0.7791908274336283 0.5010072636815921 0.8242052721238937 0.4900976654228856 0.8499808893805311 0.5004326082089553 0.8679749911504425 0.5207338084577114 0.86494678539823 0.5396819402985075 0.8307818871681416 0.53742657960199 0.8012720951327433
1 0.42197793905472636 0.6706184380530973 0.42644835199004977 0.6656103495575222 0.4472831604477612 0.6219388318584071 0.4492519328358209 0.6061793982300885 0.44154177238805975 0.5895574137168142 0.4145968905472637 0.5618310973451327 0.3897842288557214 0.5729938030973452 0.38486230223880596 0.6123923871681416 0.39597639552238806 0.6381388163716813 0.3957301144278607 0.6568972699115044 0.3991750957711443 0.6628953030973451 0.4098384116915423 0.6558781371681416 0.42197793905472636 0.6706184380530973
1 0.4172627201492537 0.5600768053097346 0.4116034241293532 0.5214425685840708 0.37260110945273633 0.4727231327433628 0.35410449253731346 0.4724975398230088 0.34598386442786067 0.48713963938053095 0.34545025621890546 0.5277829491150443 0.365546223880597 0.5403867876106194 0.384493618159204 0.5733759756637168 0.3994631604477612 0.573856353982301 0.4172627201492537 0.5600768053097346
1 0.31809711815920394 0.3298584557522124 0.28331893656716417 0.2948893805309734 0.27085103482587064 0.30516034734513275 0.25235441791044777 0.3049347522123894 0.2704405684079602 0.3364244336283186 0.29570400621890547 0.3580253207964602 0.3171940895522388 0.39863944469026547 0.3299493171641791 0.3664836194690266 0.31809711815920394 0.3298584557522124
1 0.16377003980099503 0.07395205309734512 0.137932684079602 0.028966796460176993 0.1273104141791045 0.03285755309734513 0.11685233208955224 0.02424267699115044 0.10274403358208954 0.025261807522123893 0.09347483457711443 0.06028925884955752 0.15511580472636816 0.1292374646017699 0.1721772587064677 0.10457918362831858 0.16377003980099503 0.07395205309734512
1 0.246448842039801 0.2850589668141593 0.27716707960199005 0.293772046460177 0.2835241703980099 0.2792573384955752 0.24542414676616914 0.22891100442477877 0.21724859825870646 0.22782285840707964 0.21007130970149254 0.2377116482300885 0.20789730472636814 0.2691031261061947 0.21999578358208954 0.2869698384955752 0.22495802114427862 0.3115989314159292 0.23201217039800998 0.3110893650442478 0.246448842039801 0.2850589668141593
1 0.40442760945273637 0.39702318362831857 0.40204910820895523 0.37689261504424776 0.38831023134328363 0.34977407079646017 0.3744482139303482 0.33203475000000005 0.35943762437810944 0.33468078097345133 0.3543522475124378 0.31943091150442476 0.3453703743781094 0.3325735022123894 0.3297440833333333 0.3821156615044248 0.3477481393034826 0.4198581615044248 0.38006572636815916 0.440949482300885 0.40442760945273637 0.39702318362831857
1 0.5220487798507463 0.6305935376106194 0.5178656940298507 0.6137167699115045 0.506628460199005 0.5973495641592921 0.495144946517413 0.5997408119469027 0.46360577238805967 0.6535559048672566 0.4885818830845771 0.6970416526548673 0.5158140932835821 0.7028831084070797 0.5357055634328358 0.6639649004424779 0.5324658171641791 0.6423348207964601 0.5220487798507463 0.6305935376106194
1 0.5820486169154229 0.7574439955752212 0.5715084415422886 0.7550819358407079 0.5463674054726368 0.7912559115044248 0.5713435161691542 0.8347416592920354 0.5845495223880597 0.8353494292035398 0.5998884850746269 0.8076921305309734 0.5949672947761194 0.7799366283185841 0.5820486169154229 0.7574439955752212
1 0.6602166965174129 0.9095313207964602 0.6415558917910448 0.921811360619469 0.6316306803482588 0.9397072610619469 0.6574269900497511 0.9878189269911504 0.6780976106965174 0.9566530442477876 0.6809686741293532 0.9392667101769913 0.6749810049751244 0.9256437411504425 0.6602166965174129 0.9095313207964602
1 0.7113136853233831 1 0.7093076728855722 0.9950033097345132 0.6936821194029851 0.9773913827433629 0.6803119266169154 0.9892892455752212 0.6751185659203981 1 0.7113136853233831 1
1 0.5438665012437811 0.7133504800884956 0.5644132450248757 0.7587179115044248 0.5740921766169155 0.7595804623893806 0.5948448917910447 0.7221617632743363 0.5837307985074627 0.6964153340707965 0.5575240211442786 0.6795677544247788 0.5438665012437811 0.7133504800884956
1 0.5034708072139303 0.5694666725663716 0.5226652189054726 0.5165433207964601 0.5071628059701493 0.48955216592920353 0.4835808109452736 0.474076703539823 0.45150876741293533 0.5013810154867256 0.44244480099502487 0.5207764247787611 0.4673798644278607 0.567388581858407 0.48653249253731345 0.5847457278761062 0.4962524713930348 0.5824818694690266 0.5034708072139303 0.5694666725663716
0 0.4080501641791045 1 0.3689680435323383 0.9301174137168141 0.3178515435323383 0.9530164845132743 0.34483660199004973 1 0.4080501641791045 1
0 0.3326647798507463 0.6642269800884956 0.3836184353233831 0.7742319999999999 0.4386767972636816 0.7538532610619468 0.40095033955223885 0.675386064159292 0.3326647798507463 0.6642269800884956
0 0.13803528731343284 0.26875364380530975 0.18266192412935323 0.360390389380531 0.22811632587064679 0.3452503053097345 0.2160463470149254 0.3059756039823009 0.13803528731343284 0.26875364380530975
0 0.5696185945273632 0.949299639380531 0.5903535435323383 0.9361581371681417 0.5693235497512438 0.8732570287610619 0.5474563805970148 0.8805016017699114 0.5696185945273632 0.949299639380531
0 0.4463679104477612 0.7498143805309734 0.48323863059701494 0.7380324004424779 0.4605798258706467 0.6908958982300885 0.41982569527363184 0.6977919800884955 0.4463679104477612 0.7498143805309734
0 0.31524429850746266 0.4413391128318584 0.3490936131840796 0.4637731305309734 0.33763083457711446 0.4187310243362832 0.30929107213930346 0.4065722676991151 0.31524429850746266 0.4413391128318584
0 0.23072021517412936 0.14720191592920354 0.20067944651741293 0.11521478097345132 0.22041030348258706 0.17396968141592922 0.26316864800995027 0.2100704867256637 0.23072021517412936 0.14720191592920354
0 0.259635842039801 0.2108915110619469 0.22638917288557214 0.1820555221238938 0.24604258457711445 0.22208387168141594 0.28279257711442785 0.25237151769911503 0.259635842039801 0.2108915110619469
0 0.29324428358208954 0.26478365265486725 0.27225315174129355 0.25028917699115044 0.2867933917910448 0.2895488584070796 0.3159399788557214 0.3135701482300885 0.29324428358208954 0.26478365265486725
0 0.38943521019900496 0.4409825442477876 0.35231457835820895 0.4222190995575221 0.38106338557213926 0.4769214159292035 0.40965737562189053 0.4941706659292035 0.38943521019900496 0.4409825442477876
0 0.41689637313432837 0.553253767699115 0.4486782176616915 0.5644802853982301 0.42273129104477614 0.4983418628318584 0.39688182835820895 0.4916810088495575 0.41689637313432837 0.553253767699115
0 0.4580339042288557 0.6155822522123894 0.4759695273631841 0.620718488938053 0.4568327201492537 0.5600396659292036 0.4331309788557214 0.5606040907079646 0.4580339042288557 0.6155822522123894
0 0.525434197761194 0.7663200619469026 0.5519437736318408 0.7654775132743363 0.5293608445273632 0.7104096991150443 0.4983393855721393 0.7075256238938054 0.525434197761194 0.7663200619469026
0 0.6098496131840796 0.9333588362831858 0.6339762039800995 0.9074515508849557 0.6001901455223881 0.8386879557522123 0.5709442922885573 0.8470293119469027 0.6098496131840796 0.9333588362831858
0 0.7405832972636817 1 0.729640854477612 0.9817436349557522 0.7232603470149254 1 0.7405832972636817 1
0 0.7244527947761195 1 0.7298306343283582 0.9814014491150442 0.701651987562189 0.9318545243362831 0.691611788557214 0.9552224845132743 0.7183341405472637 1 0.7244527947761195 1
0 0.6748864552238806 0.8869363163716815 0.664892565920398 0.8999562367256637 0.6926120323383085 0.9495639137168143 0.7028533917910447 0.931740517699115 0.6748864552238806 0.8869363163716815
0 0.6500204838308459 0.8385930530973451 0.6356523955223881 0.838955453539823 0.6640202537313433 0.895746592920354 0.6780088768656717 0.8891566061946902 0.6500204838308459 0.8385930530973451
0 0.6215282176616915 0.7839360707964602 0.605429038557214 0.7822974048672566 0.6325279228855721 0.8368790929203539 0.6479582723880597 0.8334720530973452 0.6215282176616915 0.7839360707964602
0 0.5980437089552239 0.7363149756637168 0.5894993805970149 0.7384169159292036 0.6098480907960199 0.784609603982301 0.6217487661691542 0.7817843451327434 0.5980437089552239 0.7363149756637168
0 0.5435788432835821 0.6342467920353982 0.5275341878109453 0.6278388451327434 0.5489279651741293 0.6792146725663717 0.5650413171641792 0.6794853473451328 0.5435788432835821 0.6342467920353982
0 0.5216326467661692 0.5881283296460177 0.5024123880597015 0.5780448805309735 0.5259708047263681 0.6197351128318584 0.5405225808457711 0.6269074026548672 0.5216326467661692 0.5881283296460177
0 0.7605049888059702 1 0.7378721256218905 0.9629384269911505 0.730167643034826 0.9840063119469026 0.7403510360696518 1 0.7605049888059702 1
0 0.7120779763681592 0.9146622101769912 0.704890144278607 0.9319230597345133 0.7304342039800995 0.9777431460176992 0.7360154888059701 0.9618971349557522 0.7120779763681592 0.9146622101769912
0 0.6853124427860697 0.8697440022123893 0.676471118159204 0.8790792367256637 0.7039495957711442 0.9329764977876106 0.7093666554726368 0.9154990199115045 0.6853124427860697 0.8697440022123893
0 0.6640511629353234 0.8293599402654868 0.6522301268656716 0.8328371504424779 0.676462604477612 0.8797371327433628 0.6869897487562189 0.8684659203539824 0.6640511629353234 0.8293599402654868
0 0.6412185634328358 0.7813739601769912 0.6244424639303483 0.7884924756637168 0.6501677922885573 0.8346281681415929 0.6630175559701492 0.8300917234513274 0.6412185634328358 0.7813739601769912
0 0.6198450783582089 0.7355620840707965 0.6023235037313432 0.7358541371681415 0.6238025883084577 0.7806511216814159 0.6373433532338307 0.7800087942477877 0.6198450783582089 0.7355620840707965
0 0.5949142960199005 0.6921552566371681 0.5804733706467662 0.6910837367256637 0.6001480945273632 0.732066546460177 0.6150005435323384 0.7303441438053097 0.5949142960199005 0.6921552566371681
0 0.5682567798507463 0.639009657079646 0.5527880149253732 0.6388444845132742 0.5757514776119402 0.683535092920354 0.5851931268656716 0.6845011946902655 0.5682567798507463 0.639009657079646
0 0.5465206106965175 0.5994818561946903 0.5291164676616916 0.5915756482300886 0.5484201430348259 0.6325850420353983 0.5628332313432836 0.6361523340707965 0.5465206106965175 0.5994818561946903
0 0.7807368830845771 1 0.7683075497512438 0.9755351415929204 0.7630161616915423 0.995453296460177 0.7655725161691542 1 0.7807368830845771 1
0 0.7479960497512438 0.9334385530973451 0.7390951529850746 0.9531317566371682 0.7576117661691543 0.9833527168141594 0.7656009527363185 0.9676626327433628 0.7479960497512438 0.9334385530973451
0 0.7253749104477611 0.8906868451327434 0.7170466815920398 0.9093614690265487 0.7365486231343285 0.9493708318584071 0.7446486853233831 0.9251282721238938 0.7253749104477611 0.8906868451327434
0 0.7058835708955224 0.8567505973451327 0.6908819850746268 0.8685153982300885 0.7164686691542288 0.9110461128318584 0.7263048532338309 0.895880807522124 0.7058835708955224 0.8567505973451327
0 0.6900617350746268 0.8258371150442477 0.6751080534825871 0.826924196902655 0.6919782313432836 0.869751296460177 0.7071398358208956 0.8584763628318585 0.6900617350746268 0.8258371150442477
0 0.6248532263681592 0.7072537146017699 0.6091631355721393 0.7087442809734513 0.6236232587064676 0.7372843451327433 0.647477985074627 0.7418176659292035 0.6248532263681592 0.7072537146017699
0 0.606290064676617 0.6732504203539823 0.5848624651741293 0.6671073053097346 0.6055800845771144 0.6991422168141593 0.6189139713930348 0.700157796460177 0.606290064676617 0.6732504203539823
0 0.5822442537313433 0.6330675 0.5662839589552239 0.6273603429203539 0.582738223880597 0.659372396017699 0.5966245099502487 0.6606770398230088 0.5822442537313433 0.6330675
0 0.5664440211442786 0.6005085398230089 0.5458926218905473 0.5844571261061947 0.5608454253731343 0.6178913451327434 0.5767002537313433 0.6246415597345133 0.5664440211442786 0.6005085398230089
0 0.46572751616915425 0.4672289712389381 0.4257268296019901 0.4304008805309735 0.4458856902985075 0.47693578539823006 0.4716919154228856 0.4882304889380531 0.46572751616915425 0.4672289712389381
0 0.5993149589552239 0.8222341747787612 0.6140808047263682 0.8214621902654867 0.6031238582089552 0.7858112743362832 0.5951580870646765 0.7853966659292035 0.5993149589552239 0.8222341747787612
0 0.535302262437811 0.69800025 0.5503401741293532 0.6970190420353983 0.5391538134328359 0.658288028761062 0.5305652089552239 0.6487162477876106 0.535302262437811 0.69800025