1 0.4068520129533679 1 0.4526769417098445 0.9599801105990784 0.46592775647668394 0.9447551774193549 0.3853400440414507 0.8488345714285714 0.28339151554404146 0.935174099078341 0.3725049702072539 1 0.4068520129533679 1
1 0.35628429404145073 0.7303123179723503 0.3095520090673575 0.6932085092165898 0.193566560880829 0.7797774331797235 0.16066329792746115 0.8458950161290322 0.2644037733160622 0.9213613986175115 0.35964978238341966 0.8408304447004609 0.35628429404145073 0.7303123179723503
1 0.18860600518134715 0.6528827903225807 0.12867639896373056 0.6932042188940093 0.06693236139896373 0.7301336497695852 0.11955959067357513 0.8159939792626728 0.12507320725388602 0.8200048801843318 0.26035309715025906 0.7154356474654379 0.18860600518134715 0.6528827903225807
1 0 0.6955436013824885 0.015273286269430052 0.712238504608295 0.13441096891191712 0.6743876543778802 0.1389350725388601 0.6260735921658986 0.08343330440414508 0.5670503571428571 0.03894516062176166 0.5688758387096774 0 0.5960438156682027 0 0.6955436013824885
1 0 0.5794832788018434 0.07213043782383419 0.5513212488479263 0.008188571243523315 0.47190875115207376 0 0.4744387811059908 0 0.5794832788018434
1 0.8366655051813471 1 0.8471212797927461 0.9526909562211981 0.7921650246113989 0.9210010069124424 0.7712082836787565 1 0.8366655051813471 1
1 0.6679888523316063 0.9446305760368664 0.7259981204663213 0.9906915391705069 0.7601218911917099 0.8987271175115208 0.715377639896373 0.8527094861751152 0.6679888523316063 0.9446305760368664
1 0.6810747137305699 0.8091074239631336 0.6416001852331606 0.7855716267281107 0.5877306502590673 0.874850198156682 0.645483024611399 0.9217525161290323 0.6865582344559585 0.8659333271889401 0.6810747137305699 0.8091074239631336
1 0.5947478445595855 0.8229738963133642 0.5983386476683938 0.7499567811059908 0.5610102124352331 0.7228020760368663 0.5268900803108808 0.7487461566820276 0.5002569792746114 0.8050010714285715 0.5522195103626943 0.8487236244239631 0.5947478445595855 0.8229738963133642
1 0.44253086917098444 0.6231455898617511 0.4196912189119171 0.592026539170507 0.3684907940414508 0.6076175806451612 0.3337206398963731 0.6631332580645161 0.38845880829015544 0.7267811774193548 0.4437737577720207 0.6972581751152074 0.44253086917098444 0.6231455898617511
1 0.3187866152849741 0.6491614400921659 0.3826478989637306 0.6106640437788018 0.3798426450777202 0.5620025483870968 0.3532293432642487 0.5343545092165898 0.3145296852331606 0.5548951152073732 0.2771391023316062 0.5981444516129032 0.3187866152849741 0.6491614400921659
1 0.32523719170984455 0.5431177396313364 0.3287391126943005 0.5016011036866359 0.3208191424870466 0.4854716658986175 0.2960080764248705 0.47001477419354837 0.2738950738341969 0.469480633640553 0.22969713860103627 0.5073128778801843 0.22036062305699483 0.549769129032258 0.26461469430051815 0.5897379331797235 0.27758234585492225 0.5784352419354839 0.28442308937823835 0.5885955783410138 0.32523719170984455 0.5431177396313364
1 0.19603303238341968 0.45949573963133644 0.20108071502590671 0.43206360829493085 0.1754096554404145 0.3952450552995391 0.13770401683937825 0.38596000460829494 0.10186451813471503 0.409136564516129 0.0916680103626943 0.43023115668202766 0.09613106865284973 0.4438458525345622 0.1376139987046632 0.4740227580645161 0.1563431670984456 0.466911301843318 0.18299230440414507 0.4759292857142857 0.19603303238341968 0.45949573963133644
1 0 0.3181049470046083 0.033777459844559585 0.3259102995391705 0.038532829015544036 0.31900158294930875 0.0442212707253886 0.3283236705069124 0.04880241580310881 0.2927761382488479 0.0326701658031088 0.28104067511520736 0.021905975388601034 0.26025019124423965 0.0015452784974093264 0.24870273732718895 0 0.2541159677419355 0 0.3181049470046083
1 0.7595545 0.8253673317972351 0.7392795712435234 0.8183942811059908 0.7254069183937824 0.8523666889400922 0.7280319054404144 0.8724202949308756 0.7510779779792746 0.8891852442396313 0.7535287396373057 0.8806000299539171 0.7628202461139897 0.8821751566820276 0.7674013924870465 0.8466276221198157 0.7595545 0.8253673317972351
1 0.6328741839378238 0.7280292649769585 0.6121327176165803 0.7129408110599078 0.5879624106217616 0.7342381405529954 0.6001992836787564 0.7742439815668203 0.5939262215025907 0.8059687188940091 0.6077538652849741 0.8160276889400923 0.6277814922279793 0.7994927718894009 0.6406479974093264 0.7544204101382488 0.6328741839378238 0.7280292649769585
1 0.4914892888601036 0.6822024723502305 0.49509235492227976 0.6744555069124424 0.5081050155440414 0.6191214377880185 0.5071719455958549 0.6028906313364055 0.4962615997409326 0.5923618548387096 0.4637778652849741 0.5842834861751153 0.44068678497409325 0.6115499170506913 0.4430194598445596 0.652126935483871 0.45907863341968913 0.6689932511520738 0.462316310880829 0.6869005552995392 0.46692552461139897 0.6902535437788019 0.4764362642487046 0.6764361105990783 0.4914892888601036 0.6822024723502305
1 0.46615555051813473 0.5808291290322581 0.45323290932642485 0.5481004447004608 0.4046169248704663 0.5282866129032258 0.3858146774611399 0.5405289216589861 0.38030046243523313 0.5598456497695853 0.3873154300518135 0.5986448041474655 0.4100411230569948 0.5970326428571429 0.43539180181347154 0.6154740852534561 0.45066405829015543 0.6058478870967742 0.46615555051813473 0.5808291290322581
1 0.32277530051813474 0.4298705276497696 0.281000060880829 0.420217034562212 0.2702639404145078 0.4383270737327189 0.2514616943005182 0.4505693824884793 0.27566006865284975 0.46817257834101383 0.3052995829015544 0.47158989861751155 0.33464678626943006 0.495530633640553 0.3416056165803109 0.4565287419354839 0.32277530051813474 0.4298705276497696
1 0.11867140932642486 0.2917624470046083 0.08410230181347149 0.2666150253456221 0.0740519481865285 0.2774479101382488 0.06184314507772021 0.2763425921658986 0.047723190414507774 0.28680703686635944 0.04483396113989637 0.3261773686635945 0.12017216062176166 0.34987832949308756 0.13289250906735753 0.3150676728110599 0.11867140932642486 0.2917624470046083
1 0.24177672927461138 0.435748 0.2745527733160622 0.4233029539170507 0.27830199740932643 0.40529428341013823 0.23029870207253886 0.38333414976958524 0.20151918134715027 0.4012784884792627 0.196078042746114 0.4154643617511521 0.19970917746113992 0.44661792165898617 0.21530181606217616 0.4553688341013825 0.22491370077720207 0.47532107142857144 0.23197367875647668 0.4700888479262673 0.24177672927461138 0.435748
1 0.42282342227979275 0.4352587073732719 0.4166684455958549 0.4178212119815668 0.39769197538860107 0.4014247050691244 0.3803343445595855 0.39398184562211985 0.36560169948186527 0.4065925944700461 0.3576086528497409 0.3955940092165899 0.3509421321243523 0.41407248847926265 0.3443036813471502 0.4714514930875576 0.3695812823834197 0.4950237880184332 0.4062807720207254 0.49320888709677424 0.42282342227979275 0.4352587073732719
1 0.5855455310880829 0.5769595483870967 0.5781651735751295 0.5638146612903225 0.5637248393782384 0.5559019976958526 0.5525221839378238 0.565896633640553 0.530538396373057 0.6380326866359447 0.5639552007772021 0.6623418617511521 0.5926616450777202 0.6495283755760368 0.6056012266839379 0.5993251612903226 0.5982939481865285 0.5810494170506912 0.5855455310880829 0.5769595483870967
1 0.6699840725388602 0.6565287188940092 0.658854493523316 0.6613925023041475 0.6400803147668394 0.71253533640553 0.6734971204663213 0.73684450921659 0.6870043834196892 0.7285263686635945 0.6974201256476683 0.6920392165898617 0.6872686256476683 0.669102430875576 0.6699840725388602 0.6565287188940092
1 0.7775417642487047 0.7477319838709677 0.7608979689119171 0.7719124930875576 0.7541583704663212 0.7955218271889402 0.7892670932642487 0.8236537995391705 0.8044382046632125 0.780257930875576 0.8041178238341968 0.7618808202764977 0.7955120867875647 0.7530285368663595 0.7775417642487047 0.7477319838709677
1 0.8241004430051814 0.7893772811059908 0.8127516308290156 0.8096336244239631 0.8053262642487046 0.8405201152073732 0.8392826813471503 0.8678138387096774 0.8503111139896373 0.8291803847926267 0.8495241994818653 0.802687870967742 0.8432230686528498 0.7955120829493088 0.8241004430051814 0.7893772811059908
1 0.8777190997409327 0.8257903571428571 0.8695068186528497 0.830184331797235 0.8570337707253887 0.8885029539170507 0.8874914766839378 0.9085535138248848 0.9039447733160622 0.8509163341013825 0.9025301658031089 0.8412472511520738 0.8777190997409327 0.8257903571428571
1 0.6230600051813472 0.6405376866359447 0.6523341295336788 0.6696092741935484 0.6623114054404144 0.6639072442396313 0.6764032901554404 0.6145422764976958 0.6603441178756477 0.5976759585253456 0.6306315259067358 0.5993894907834102 0.6230600051813472 0.6405376866359447
1 0.555338335492228 0.5316571543778802 0.5649671619170985 0.46867748847926266 0.5442256968911917 0.45358903686635943 0.5174304041450777 0.45483276036866355 0.48997740932642486 0.5022541658986175 0.48439011658031084 0.5267017442396313 0.5183465336787565 0.5539954677419355 0.5409991476683937 0.5575141589861751 0.550436810880829 0.5488275783410138 0.555338335492228 0.5316571543778802
0 0.3997146139896373 0.7363012557603688 0.4718462007772021 0.8060299861751151 0.5239007720207254 0.7496796359447004 0.47104829015544036 0.7008716612903225 0.3997146139896373 0.7363012557603688
0 0.12878623316062177 0.4933326635944701 0.19108567227979273 0.5499495921658987 0.23437331088082902 0.5050212119815668 0.2148295220207254 0.47600375806451617 0.12878623316062177 0.4933326635944701
0 0.8452950686528498 0.9101251290322581 0.7913711554404145 0.867021460829493 0.7793492422279792 0.9091351543778802 0.8372694909326425 0.9437347396313364 0.8452950686528498 0.9101251290322581
0 0.693045603626943 0.8463532626728111 0.7116329546632124 0.8199612557603686 0.6786089235751295 0.7746320069124424 0.6577768886010363 0.7962092235023042 0.693045603626943 0.8463532626728111
0 0.5309506424870466 0.7406805046082949 0.5661565505181347 0.7047084447004608 0.5344113601036269 0.675385965437788 0.4943583186528498 0.7093521175115207 0.5309506424870466 0.7406805046082949
0 0.34060768652849743 0.5372283202764977 0.37911036917098445 0.5356518525345622 0.35911019430051816 0.5007707811059908 0.3281059300518135 0.5083552903225806 0.34060768652849743 0.5372283202764977
0 0.20019424093264251 0.3159566129032258 0.16377833808290154 0.3059332073732719 0.19471386917098446 0.3482158778801843 0.24479344300518135 0.3535658778801843 0.20019424093264251 0.3159566129032258
0 0.24136291321243522 0.3567213917050691 0.20228125 0.3518371543778802 0.22965669300518138 0.37646069354838707 0.2725615064766839 0.38035873963133643 0.24136291321243522 0.3567213917050691
0 0.285469810880829 0.3850597396313364 0.2614846968911917 0.38548657142857146 0.2835311683937824 0.4128263387096774 0.3175591761658031 0.41591791705069125 0.285469810880829 0.3850597396313364
0 0.4157899753886011 0.48693071889400924 0.37465175388601035 0.4941816751152074 0.41398036010362693 0.5265587649769585 0.4461888756476684 0.5236175691244239 0.4157899753886011 0.48693071889400924
0 0.4645154792746114 0.5746227004608295 0.4988375790155441 0.5638385875576037 0.46022465932642487 0.5187586129032258 0.43276833678756477 0.5298659792626729 0.4645154792746114 0.5746227004608295
0 0.5178272409326425 0.605869900921659 0.5369734546632124 0.5986497788018433 0.5062827577720207 0.5541474539170507 0.48234805699481864 0.5706420967741935 0.5178272409326425 0.605869900921659
0 0.6142127448186528 0.7030478709677419 0.6409436023316063 0.6843993801843318 0.6078008212435233 0.6475244884792626 0.5758009287564767 0.6656867119815668 0.6142127448186528 0.7030478709677419
0 0.7308865297927462 0.8041850138248848 0.7505405272020725 0.7634353870967742 0.7034886619170985 0.7211514562211981 0.6753766567357512 0.7487348202764977 0.7308865297927462 0.8041850138248848
0 0.9157698238341968 0.8094922649769585 0.9009013329015544 0.7991186774193548 0.9043029391191709 0.827221064516129 0.9095160803108809 0.8313996175115207 0.9157698238341968 0.8094922649769585
0 0.8575740349740932 0.7959543202764976 0.8970008976683937 0.8229007188940092 0.8981500816062176 0.7943909055299538 0.8613809546632124 0.769278866359447 0.8575740349740932 0.7959543202764976
0 0.8237179663212435 0.7409422857142858 0.8178790777202073 0.7698044447004608 0.858771573834197 0.7979159170506912 0.8615098225388601 0.768827430875576 0.8237179663212435 0.7409422857142858
0 0.788219914507772 0.7164833156682028 0.7805041450777203 0.7355272695852535 0.8178415699481866 0.7637790852534562 0.8249153031088082 0.740025430875576 0.788219914507772 0.7164833156682028
0 0.7540117370466322 0.6875058110599078 0.7395061917098446 0.6975240737327189 0.7788367629533679 0.7321332695852534 0.7917996334196892 0.7164805829493087 0.7540117370466322 0.6875058110599078
0 0.714951756476684 0.6549988456221199 0.698318414507772 0.6642902511520737 0.7359511541450776 0.6976643110599079 0.7509680582901554 0.6840511474654378 0.714951756476684 0.6549988456221199
0 0.6822789974093264 0.6257740737327189 0.6740036424870467 0.6335158341013825 0.7032303367875647 0.6635012926267281 0.7147754119170984 0.6528152580645161 0.6822789974093264 0.6257740737327189
0 0.6080617202072539 0.5659163387096774 0.5905970012953368 0.5706603156682027 0.621847281088083 0.6048441589861752 0.6382406683937824 0.5942493847926267 0.6080617202072539 0.5659163387096774
0 0.5772285660621762 0.537076831797235 0.5558596411917098 0.5404830368663595 0.5875047279792747 0.5640487165898618 0.6035973873056996 0.5610329539170507 0.5772285660621762 0.537076831797235
0 0.921728097150259 0.7886199723502305 0.900119116580311 0.7760573640552996 0.9003634844559585 0.7938199539170506 0.9171669339378238 0.8045980829493087 0.921728097150259 0.7886199723502305
0 0.8662334080310881 0.7459502258064515 0.8623359170984456 0.7710641290322581 0.8984078678756476 0.7934878617511522 0.8982882849740933 0.7672278133640553 0.8662334080310881 0.7459502258064515
0 0.83109628626943 0.7176611728110599 0.8270150272020725 0.7388265253456221 0.8614418652849741 0.7649610184331798 0.8641567124352331 0.7462156543778802 0.83109628626943 0.7176611728110599
0 0.7955982344559585 0.693202202764977 0.7883664248704663 0.7079850967741935 0.8262569183937825 0.7404562165898618 0.8285018860103628 0.7202784239631337 0.7955982344559585 0.693202202764977
0 0.7665258691709844 0.6693249769585253 0.7551827759067357 0.6805739861751151 0.7884801010362694 0.7086130552995392 0.7970618380829015 0.6908639078341015 0.7665258691709844 0.6693249769585253
0 0.734446475388601 0.6393161082949309 0.7187546502590674 0.6573457626728111 0.7534240155440414 0.6836566866359447 0.7656135764248705 0.6707131198156682 0.734446475388601 0.6393161082949309
0 0.7042511930051814 0.6103808986175114 0.6865341295336789 0.6224561958525345 0.7166478316062176 0.6503604216589861 0.7302622150259067 0.640634534562212 0.7042511930051814 0.6103808986175114
0 0.6708950375647669 0.5861158433179724 0.6560490323834197 0.5948269746543778 0.6836235388601036 0.620338875576037 0.6983675038860104 0.6087081751152074 0.6708950375647669 0.5861158433179724
0 0.6339769507772021 0.5538027926267282 0.6182569559585492 0.5640632834101382 0.649856420984456 0.5908673202764977 0.6596122810880829 0.5854230115207373 0.6339769507772021 0.5538027926267282
0 0.6045821178756476 0.5310552004608295 0.5854599805699482 0.5352976290322581 0.6126630919689119 0.5610845368663595 0.6279448678756476 0.5547526152073733 0.6045821178756476 0.5310552004608295
0 0.8994446334196892 0.7373687096774193 0.8977808847150259 0.759770228110599 0.9219069935233162 0.7778660299539171 0.9211125038860103 0.756022435483871 0.8994446334196892 0.7373687096774193
0 0.8710172046632125 0.7112322188940092 0.8656506683937825 0.7358516382488479 0.8900497720207254 0.7519650207373272 0.895235835492228 0.731745638248848 0.8710172046632125 0.7112322188940092
0 0.8401254119170984 0.6860314423963133 0.835150341968912 0.7093018686635945 0.8623686243523315 0.7340094516129032 0.8660771165803108 0.7056266036866359 0.8401254119170984 0.6860314423963133
0 0.8140469624352331 0.6670605829493088 0.8010187590673575 0.6882896612903225 0.8348772875647669 0.7112844170506912 0.8420342461139896 0.6903175875576036 0.8140469624352331 0.6670605829493088
0 0.7922523031088083 0.6484775529953917 0.7772875453367875 0.6595755483870968 0.8023604067357513 0.6887203410138248 0.8156419805699482 0.6678468133640553 0.7922523031088083 0.6484775529953917
0 0.7040678005181348 0.5802347764976958 0.6884311502590673 0.5922102788018433 0.7084034300518134 0.6094655506912443 0.7334410401554404 0.5976892557603687 0.7040678005181348 0.5802347764976958
0 0.6789182953367875 0.5605754631336406 0.656043128238342 0.5691948041474654 0.6830118562176166 0.585541633640553 0.69672464119171 0.5775230783410138 0.6789182953367875 0.5605754631336406
0 0.6470590971502591 0.5387635898617511 0.6298102292746114 0.5441135552995392 0.6524505712435233 0.5633097165898617 0.6667773743523315 0.5551925645161291 0.6470590971502591 0.5387635898617511
0 0.6249804300518135 0.5186097442396314 0.601151860103627 0.5172679331797235 0.6225337383419689 0.5388202442396313 0.6398695569948186 0.5345278087557603 0.6249804300518135 0.5186097442396314
0 0.4980494987046632 0.4603787373271889 0.45063168264248704 0.45248386866359447 0.47972944430051817 0.48292083640552996 0.508003414507772 0.4762252096774193 0.4980494987046632 0.4603787373271889
0 0.6995420012953368 0.7061790760368664 0.7143748251295337 0.6955055829493088 0.6966336515544042 0.6691659308755761 0.6884772396373057 0.6741379723502304 0.6995420012953368 0.7061790760368664
0 0.6115198432642487 0.6317868548387097 0.6265897150259068 0.6207322741935484 0.6080432215025906 0.591634 0.5975526450777202 0.5883647488479262 0.6115198432642487 0.6317868548387097
0 0.9000346256476683 0.8201403894009216 0.8677353251295337 0.7985848663594469 0.8619401580310881 0.8158864216589863 0.8963930025906736 0.8361676566820277 0.9000346256476683 0.8201403894009216