1 0.3588670549132948 0.7155803530927834 0.24670161560693643 0.7986565309278351 0.3672334465317919 0.9019862938144331 0.4348057413294798 0.8500967242268042 0.44934038583815034 0.8347909716494845 0.3588670549132948 0.7155803530927834
1 0.3253219291907514 0.5780719175257731 0.2730611589595376 0.5297987139175258 0.14532357658959535 0.6111842371134021 0.10954446531791909 0.6810741804123711 0.22548152023121387 0.7804649252577319 0.3302741950867052 0.7029994613402063 0.3253219291907514 0.5780719175257731
1 0.005257700867052024 0.5372158015463917 0.005279719653179191 0.5394656701030928 0.06360827167630058 0.6416939072164949 0.06977011560693643 0.6469763427835051 0.21871745953757227 0.5479987190721649 0.13842100867052023 0.46759276546391754 0.07237049277456648 0.5046797680412372 0.005257700867052024 0.5372158015463917
1 0.07852589884393064 0.4842856804123711 0.08301312283236995 0.43050484278350515 0.020780579479768784 0.35632940721649486 0.003473228323699422 0.35488380154639176 0.004882345375722543 0.4988631855670103 0.07852589884393064 0.4842856804123711
1 0.8110552919075145 0.8533373659793815 0.7897614956647399 0.9352090051546391 0.8654837182080924 0.9289189046391751 0.8723813063583815 0.8966556134020619 0.8110552919075145 0.8533373659793815
1 0.6735359971098266 0.8627063195876289 0.73840787283237 0.9226324201030928 0.7752563265895954 0.8238044639175257 0.7251031329479769 0.7657689742268041 0.6735359971098266 0.8627063195876289
1 0.6865617413294798 0.7119035360824743 0.6425033569364161 0.6799177010309279 0.5837163800578035 0.7729793324742268 0.6483124927745665 0.8338172603092784 0.6932722962427746 0.7766595335051547 0.6865617413294798 0.7119035360824743
1 0.5909305534682081 0.7155330283505155 0.5941099667630058 0.6338032010309278 0.5523928945086705 0.5980399072164948 0.5148208309248555 0.6225194072164949 0.48589008092485547 0.6821730747422681 0.5440270231213873 0.7386261984536083 0.5909305534682081 0.7155330283505155
1 0.419835710982659 0.4693609639175258 0.3941509855491329 0.43114494072164944 0.3375133656069364 0.44159378608247424 0.2995459956647399 0.49928515206185564 0.36098225867052025 0.5785626623711341 0.4220315982658959 0.5529956030927835 0.419835710982659 0.4693609639175258
1 0.28282195231213875 0.4814772036082474 0.3532549667630058 0.4469902422680412 0.34960606936416183 0.3918004819587629 0.31977254046242776 0.35696938659793814 0.2770597066473988 0.37472788917525773 0.23604964595375721 0.4182416469072165 0.28282195231213875 0.4814772036082474
1 0.2888104205202312 0.3629514793814433 0.29223839884393066 0.31668365206185567 0.28327302023121387 0.29741978092783505 0.25557353034682084 0.27656801288659794 0.23103215173410405 0.27289615463917527 0.18240928468208092 0.30936425773195875 0.17251788439306356 0.3558801159793814 0.2220605303468208 0.4070356443298969 0.2363242196531792 0.396107618556701 0.24402635260115604 0.40849952577319587 0.2888104205202312 0.3629514793814433
1 0.14453023843930637 0.25084069587628866 0.14982855057803468 0.220648793814433 0.1209394161849711 0.17562113144329894 0.07900077023121387 0.1599294149484536 0.03949047976878613 0.18105353608247424 0.028409434971098265 0.2033935 0.03351147976878613 0.21934540721649487 0.07987148121387283 0.259089 0.10057405924855492 0.25368091494845363 0.13024201589595377 0.26753670360824744 0.14453023843930637 0.25084069587628866
1 0.9334045505780346 0.9010778865979382 0.9115123280346821 0.8823100798969072 0.8946976170520232 0.8852621546391752 0.8896068294797688 0.926915043814433 0.9270089205202312 0.9238081237113401 0.9334045505780346 0.9010778865979382
1 0.773818235549133 0.741111381443299 0.751245323699422 0.730443543814433 0.7362273468208093 0.7667754742268041 0.7393609234104046 0.7897233608247423 0.7651164797687862 0.8118031340206187 0.767741102601156 0.8024751597938145 0.7780678583815028 0.8055390927835052 0.7827590809248555 0.7661432319587629 0.773818235549133 0.741111381443299
1 0.6321872080924855 0.6139046494845362 0.6090072095375723 0.5940328530927835 0.5824237644508671 0.6146609046391752 0.5964421199421965 0.6614126391752577 0.5898314971098265 0.6962685283505156 0.6052848309248555 0.7095163917525773 0.6273242543352601 0.6936763427835051 0.6411035202312139 0.6447044742268041 0.6321872080924855 0.6139046494845362
1 0.47480844797687866 0.542665762886598 0.478720848265896 0.5344417757731958 0.4925491820809249 0.47393395876288663 0.4913350043352601 0.4555260386597938 0.4791133829479769 0.44215415721649487 0.4429820028901734 0.42854640463917526 0.4176618020231214 0.45604642268041234 0.4206972471098266 0.5020662139175258 0.43870160404624275 0.5232900335051546 0.4424913367052023 0.5439059278350515 0.44764244797687863 0.548321881443299 0.4580428034682081 0.5340818891752577 0.47480844797687866 0.542665762886598
1 0.44558209248554914 0.42498640463917525 0.43088304768786123 0.3863346417525773 0.3767227789017341 0.35727104639175256 0.3559956676300578 0.36844710567010314 0.35009026734104043 0.38943505154639174 0.35830135549132947 0.43410282216494844 0.38349889017341043 0.4354426855670103 0.4118300028901734 0.45973043814432984 0.4286692485549133 0.45101038402061855 0.44558209248554914 0.42498640463917525
1 0.2848306647398844 0.23507602835051544 0.2383725303468208 0.21840434278350518 0.226659862716763 0.23730832474226804 0.2059327514450867 0.24848438659793814 0.23297608670520228 0.27166814948453605 0.2659002875722543 0.27963194329896907 0.29872635404624276 0.3106676443298969 0.3060176647398844 0.2677117835051547 0.2848306647398844 0.23507602835051544
1 0.1950234407514451 0.2304485180412371 0.23125295231213872 0.22098436855670103 0.23521441907514454 0.20122442783505157 0.1817103063583815 0.169828837628866 0.14997575 0.18604093814432993 0.1440948829479769 0.20126090463917526 0.14846717196531792 0.2368487345360825 0.1658644407514451 0.24886859278350515 0.17674921676300578 0.2726724407216495 0.18452495086705203 0.26776042010309276 0.1950234407514451 0.2304485180412371
1 0.39589849132947974 0.255035368556701 0.3888770462427746 0.23454348711340203 0.3676409783236994 0.2134436855670103 0.34829977890173414 0.20265183505154638 0.33209215462427744 0.21480786597938142 0.32310224277456645 0.20131197164948453 0.3159090664739884 0.221195925257732 0.3091757760115607 0.2848916984536083 0.3374823554913295 0.31494742525773195 0.3781822904624277 0.31799919845360824 0.39589849132947974 0.255035368556701
1 0.5780086517341041 0.437205662371134 0.5696748959537572 0.4213777706185567 0.5535654060693641 0.4104619020618557 0.5412456502890174 0.420161925257732 0.517648583815029 0.4983457242268041 0.5549941401734104 0.5303613969072165 0.5867041632947977 0.5199172731958763 0.6005079638728323 0.46517743041237114 0.5921987413294798 0.4435815618556701 0.5780086517341041 0.437205662371134
1 0.6725744552023121 0.53853675 0.6602792326589595 0.5424687963917526 0.6400120086705202 0.5974566752577319 0.6773575650289017 0.6294723479381443 0.6922528771676301 0.6219803015463918 0.7034075231213873 0.5823364072164948 0.69189112283237 0.5550965798969072 0.6725744552023121 0.53853675
1 0.7929203468208093 0.6561796340206186 0.7747197239884392 0.6810996237113403 0.7675020130057804 0.706751556701031 0.8067669710982659 0.7433072010309278 0.8231217933526012 0.6965433092783505 0.8225637702312139 0.6758033969072166 0.8129177037572254 0.6646394948453609 0.7929203468208093 0.6561796340206186
1 0.845038549132948 0.7095431391752577 0.8326697268786127 0.7307791185567011 0.8247713251445087 0.7645310180412371 0.8627485057803469 0.7999826726804125 0.8745593063583814 0.7580067860824742 0.8733941950867052 0.7280629149484535 0.8663236835260115 0.7191069896907216 0.845038549132948 0.7095431391752577
1 0.8958689725433526 0.7618026572164949 0.8826722615606937 0.8257464613402062 0.9245373078034682 0.8587421082474227 0.9376604190751444 0.8121022319587629 0.9326319739884392 0.7788463969072166 0.9049324841040464 0.7579946288659795 0.8958689725433526 0.7618026572164949
1 0.6203335867052023 0.5140131237113402 0.6531351199421965 0.5508167989690721 0.6641425664739884 0.5457807628865979 0.6792341445086706 0.49214490721649484 0.6612297875722544 0.4709210876288659 0.6282810534682081 0.46872527061855673 0.6203335867052023 0.5140131237113402
1 0.5439929393063584 0.3819940695876288 0.5539824739884393 0.31240630412371134 0.5308024725433527 0.29253450773195877 0.5010854494219653 0.29021467268041234 0.47114762716763003 0.3398066237113402 0.46521769364161847 0.366562543814433 0.5031948713872832 0.4020142010309278 0.52836787283237 0.4091220386597938 0.5387436950867052 0.40065001804123707 0.5439929393063584 0.3819940695876288
0 0.4031934710982659 0.9328141752577319 0.4398886315028902 0.964272275773196 0.5782551488439306 0.9527784329896907 0.4717811242774566 0.8584912293814434 0.4031934710982659 0.9328141752577319
0 0.37357607080924854 0.5908465618556701 0.4543782297687861 0.6793870257731959 0.5115143309248555 0.6231555850515464 0.45233389306358385 0.5608519381443299 0.37357607080924854 0.5908465618556701
0 0.07028945664739884 0.27960918298969073 0.1400378367052023 0.35201859278350517 0.1875724739884393 0.3074327680412371 0.16556783815028903 0.2720410850515464 0.07028945664739884 0.27960918298969073
0 0.8698858887283237 0.8484664407216495 0.8095795158959537 0.792437943298969 0.7967047557803468 0.8381951675257732 0.8613515375722542 0.8852016520618556 0.8698858887283237 0.8484664407216495
0 0.7002545549132948 0.7555101494845361 0.7205872774566474 0.7283695335051545 0.6834458497109827 0.6727365902061856 0.6605694682080925 0.6941433505154639 0.7002545549132948 0.7555101494845361
0 0.5192373338150289 0.6140000489690722 0.5579035953757225 0.5783782783505155 0.522357524566474 0.5409489587628866 0.478291014450867 0.5736387603092784 0.5192373338150289 0.6140000489690722
0 0.3057998497109827 0.35845325 0.34850314450867054 0.3620239046391752 0.3259274971098266 0.31996553092783503 0.29161029335260114 0.3242019793814433 0.3057998497109827 0.35845325
0 0.14756528034682082 0.08977153350515464 0.10704952312138728 0.07342739948453608 0.1418400794797688 0.12533945103092783 0.1974648598265896 0.13831778608247422 0.14756528034682082 0.08977153350515464
0 0.19369329190751444 0.14139505412371134 0.1502763815028902 0.1304682706185567 0.18092220809248555 0.16199913917525774 0.22857022832369944 0.17234615721649485 0.19369329190751444 0.14139505412371134
0 0.24294445520231212 0.1794324845360825 0.21633646242774568 0.17658289175257733 0.24109946387283238 0.21043273195876291 0.2788893309248555 0.2186390206185567 0.24294445520231212 0.1794324845360825
0 0.38866403468208094 0.3122493556701031 0.34309901878612714 0.3147031005154639 0.38709294075144507 0.3566253118556701 0.4227974956647399 0.3577851469072165 0.38866403468208094 0.3122493556701031
0 0.4436939465317919 0.4177693015463918 0.4816571907514451 0.410390280927835 0.43831735260115606 0.3542620541237113 0.40797559826589597 0.36295840206185565 0.4436939465317919 0.4177693015463918
0 0.5031904306358381 0.4603606108247422 0.5243545433526011 0.45488805412371136 0.48981117919075146 0.4005103324742268 0.46343621965317916 0.415762543814433 0.5031904306358381 0.4603606108247422
0 0.6112060679190751 0.5831806984536083 0.6406597658959537 0.5658911675257732 0.6034797586705203 0.5197626288659793 0.5681744393063584 0.535772956185567 0.6112060679190751 0.5831806984536083
0 0.7417762124277456 0.7132763917525773 0.7631341878612716 0.6701150103092783 0.7104617326589595 0.6159638247422681 0.6795740578034681 0.6431236211340207 0.7417762124277456 0.7132763917525773
0 0.9344443641618497 0.7632969175257731 0.9643388843930636 0.7911364742268042 0.9712308930635838 0.7666420953608247 0.9712963352601156 0.7650528556701031 0.9303603786127168 0.7311770438144329 0.9344443641618497 0.7632969175257731
0 0.8822516777456647 0.7215976082474227 0.9262947658959538 0.7574176804123711 0.9272556199421965 0.7254708479381443 0.8861816416184971 0.6920855644329897 0.8822516777456647 0.7215976082474227
0 0.8440803410404625 0.6549448479381443 0.8379199060693641 0.6866373221649484 0.883602028901734 0.7239729432989691 0.8863196517341041 0.691595074742268 0.8440803410404625 0.6549448479381443
0 0.8044238843930637 0.6224715051546392 0.7960727427745665 0.6428465876288659 0.8378118815028901 0.6798466443298969 0.8453987413294798 0.6540785773195876 0.8044238843930637 0.6224715051546392
0 0.7661488063583816 0.5850887010309279 0.7501645910404624 0.5943567371134021 0.7941852919075145 0.638792912371134 0.8083957326589596 0.6229654664948453 0.7661488063583816 0.5850887010309279
0 0.7224515072254335 0.5430575257731959 0.7040983829479769 0.5512115695876288 0.7462216401734103 0.5940210567010309 0.7627336156069363 0.580775618556701 0.7224515072254335 0.5430575257731959
0 0.6858773309248555 0.5056094510309278 0.6767807326589595 0.513178837628866 0.7095397138728324 0.5510050902061856 0.7222317789017342 0.5405739871134021 0.6858773309248555 0.5056094510309278
0 0.6028697861271677 0.4278956391752577 0.5835440852601156 0.43081314690721645 0.6185946112716764 0.47364838917525776 0.6366671286127167 0.4639932371134021 0.6028697861271677 0.4278956391752577
0 0.5683409884393064 0.3911368530927835 0.5446686300578034 0.3920057371134021 0.5800401835260116 0.42293812628865984 0.5978625621387283 0.4217763427835052 0.5683409884393064 0.3911368530927835
0 0.9292382962427747 0.7050978814432989 0.9297052080924856 0.7251351958762887 0.9650918164739883 0.7524269587628867 0.9615199479768786 0.7280530824742268 0.9292382962427747 0.7050978814432989
0 0.8913085650289018 0.6664877113402062 0.8872608988439307 0.6942286365979381 0.9275316921965319 0.7244896752577319 0.9271095823699422 0.6949002551546393 0.8913085650289018 0.6664877113402062
0 0.8520103656069364 0.6297512242268042 0.8477152774566474 0.6530199639175258 0.8862016358381503 0.6872314664948453 0.8890072919075144 0.666498280927835 0.8520103656069364 0.6297512242268042
0 0.8123539075144509 0.597277881443299 0.8044927803468209 0.612921556701031 0.8468920794797687 0.654749987113402 0.8491605953757226 0.6323384226804124 0.8123539075144509 0.597277881443299
0 0.7798334869942196 0.5663518659793815 0.7673717341040462 0.5774450077319587 0.8046258309248554 0.6136445206185567 0.8139520780346821 0.5948478273195876 0.7798334869942196 0.5663518659793815
0 0.7439090346820808 0.5281031649484537 0.7266968786127167 0.5462285335051547 0.7654542774566473 0.5806723969072165 0.7788365505780347 0.5677884587628865 0.7439090346820808 0.5281031649484537
0 0.7100869335260116 0.49132517268041237 0.6905620447976879 0.5024638273195876 0.7242822658959538 0.5380694510309278 0.7392809176300579 0.5290069381443299 0.7100869335260116 0.49132517268041237
0 0.6728091546242775 0.4593676056701031 0.6564327731213873 0.467116337628866 0.6873092630057804 0.49967527577319587 0.7035402471098265 0.48862449484536086 0.6728091546242775 0.4593676056701031
0 0.6314905317919075 0.41785220360824743 0.6141614927745664 0.4272243994845361 0.6495181170520231 0.46179733247422683 0.6602827312138728 0.4570207886597938 0.6314905317919075 0.41785220360824743
0 0.5986247673410404 0.38815355154639175 0.5774545505780346 0.3902761108247423 0.6079219884393063 0.42309318041237115 0.6248081011560693 0.41808430412371134 0.5986247673410404 0.38815355154639175
0 0.9618210260115607 0.7210042680412372 0.9799651820809249 0.735600206185567 0.9842756791907515 0.7202805927835051 0.9839073858381503 0.7082753092783505 0.9599190708092485 0.6887441030927834 0.9618210260115607 0.7210042680412372
0 0.9280635144508671 0.6614349097938145 0.9264644017341042 0.6864314252577319 0.9534329812138729 0.7101599072164948 0.9523107023121388 0.6854503788659794 0.9280635144508671 0.6614349097938145
0 0.8962337817919075 0.6280541597938144 0.8905506835260115 0.6550342525773196 0.9178003164739885 0.6765681288659794 0.9233316661849711 0.6545180927835051 0.8962337817919075 0.6280541597938144
0 0.8616800260115606 0.5953850025773195 0.8564164104046244 0.6209002706185567 0.8868887861271676 0.6525039664948453 0.8906907210982659 0.6210554664948453 0.8616800260115606 0.5953850025773195
0 0.8325355809248556 0.5703999948453609 0.8183141112716763 0.5924982396907217 0.8561352933526011 0.6230950103092784 0.8638452138728324 0.6004768891752577 0.8325355809248556 0.5703999948453609
0 0.8081484927745665 0.5464465360824742 0.7916666560693643 0.5568667551546391 0.8198074812138728 0.5931695360824742 0.834314 0.5715068762886598 0.8081484927745665 0.5464465360824742
0 0.7095511907514451 0.4573505798969072 0.6923335260115607 0.46866571391752576 0.714683960982659 0.49087087886597935 0.7423346589595377 0.4810853840206185 0.7095511907514451 0.4573505798969072
0 0.6814298684971098 0.43171925515463916 0.6561437138728323 0.4382497860824742 0.6862470476878613 0.46040334278350514 0.7013736979768785 0.45327721391752573 0.6814298684971098 0.43171925515463916
0 0.6458400794797687 0.40273219072164945 0.626760553468208 0.4063621056701031 0.6520927297687862 0.4311234613402062 0.6678995751445087 0.42397155412371135 0.6458400794797687 0.40273219072164945
0 0.6211205578034682 0.37697032216494847 0.5946667673410405 0.37215070103092784 0.6186285780346821 0.39939070876288657 0.6378162355491329 0.3969638067010309 0.6211205578034682 0.37697032216494847
0 0.47964248265895953 0.29376930154639175 0.426943010115607 0.27829463144329897 0.4595639075144508 0.31661144587628864 0.49086150867052025 0.3129969201030928 0.47964248265895953 0.29376930154639175
0 0.7059176950867052 0.598554662371134 0.7222578222543352 0.5885941804123711 0.7022827904624277 0.5564684020618557 0.6932876387283237 0.5609351804123711 0.7059176950867052 0.598554662371134
0 0.6074327471098265 0.5025560309278351 0.6240316921965318 0.49219930154639174 0.6031327124277457 0.45685507474226805 0.5914568554913294 0.4517168092783505 0.6074327471098265 0.5025560309278351
0 0.9616528815028902 0.8006825953608248 0.938230387283237 0.7830388865979382 0.9357559884393063 0.8190961030927835 0.9528656878612717 0.8319125051546392 0.9616528815028902 0.8006825953608248
0 0.9296304161849711 0.754730355670103 0.8935551358381503 0.7259708762886597 0.8873157962427745 0.7446504226804125 0.9257664985549132 0.7722738737113403 0.9296304161849711 0.754730355670103