1 0.9674370555555555 0.44565447101449274 0.8969833401084011 0.5407722584541063 0.9372822113821139 0.6234170555555555 0.9978174566395663 0.5322108115942029 0.9981352899728997 0.48351969806763284 0.9674370555555555 0.44565447101449274
1 0.8977463265582656 0.6829843309178744 0.8824290460704607 0.6468798309178744 0.8190110853658535 0.7233683309178744 0.8329626924119241 0.7805914661835749 0.8977463265582656 0.6829843309178744
1 0.6873372547425474 1 0.6960470054200542 0.9868773357487923 0.6950857520325203 0.9419764057971014 0.6924724227642276 0.9140195144927536 0.6042180243902439 1 0.6873372547425474 1
1 0.9456042073170732 0.366518 0.9858612140921409 0.3103810652173913 0.9344590054200542 0.20404408212560385 0.9130974932249323 0.2400748695652174 0.8979942696476966 0.2933958309178744 0.9456042073170732 0.366518
1 0.8763847723577236 0.46871005555555556 0.9273908550135501 0.3974967922705314 0.8699628753387534 0.2989790314009662 0.8276032520325204 0.37343226328502416 0.8763847723577236 0.46871005555555556
1 0.7827874674796748 0.5892359541062802 0.8345743482384824 0.5161643647342995 0.7982498360433604 0.4210852463768116 0.7524209024390244 0.47285780676328504 0.7827874674796748 0.5892359541062802
1 0.7126175731707318 0.508907229468599 0.6817573292682927 0.5620479154589372 0.7077426070460704 0.6876849202898551 0.7598865433604337 0.6153943188405797 0.7469476300813008 0.5249591376811594 0.7126175731707318 0.508907229468599
0 0.6907112791327914 0.6408235193236714 0.661816406504065 0.6722080579710145 0.6298860718157182 0.7203163260869565 0.6291772845528455 0.7865021521739131 0.6352665623306233 0.8059946473429952 0.6890390243902439 0.7420639951690822 0.6907112791327914 0.6408235193236714
1 0.4786213604336043 1 0.5355441842818428 0.9431432512077295 0.5437260921409214 0.84132961352657 0.5015957520325203 0.8108988067632851 0.4739226165311653 0.8339877705314009 0.45976589295392956 0.9230930458937199 0.47472046612466123 1 0.4786213604336043 1
1 0.4620709376693767 1 0.4678075298102981 0.9016743913043479 0.43925542682926827 0.8848906473429952 0.4118413888888889 0.9155629444444445 0.40605296205962055 0.9867441400966184 0.40731723306233064 1 0.4620709376693767 1
1 0.40725832249322497 1 0.4042359241192412 0.9643830507246377 0.3825131124661246 0.9405894178743961 0.3699223834688347 0.9462599734299516 0.35015328861788614 0.9793702053140098 0.34419809620596203 1 0.40725832249322497 1
1 0.8736925176151762 0.24044564251207728 0.8694154173441734 0.26683894444444445 0.8967178062330623 0.30217518599033816 0.8924025867208673 0.27210332125603864 0.9248738888888889 0.22650485507246376 0.9097720609756098 0.20935992028985506 0.8953772100271002 0.20777410628019322 0.8736925176151762 0.24044564251207728
1 0.7722802032520324 0.386590154589372 0.7568439471544716 0.38989824396135264 0.7438630501355012 0.4194306666666667 0.7567148509485094 0.45658992995169084 0.769138367208672 0.461145884057971 0.7888517235772357 0.43144448792270534 0.8040545663956641 0.4204299033816425 0.798268741192412 0.403267925120773 0.7889439593495935 0.3921373888888889 0.7722802032520324 0.386590154589372
1 0.6455749552845529 0.5508934565217392 0.627832933604336 0.5776247125603865 0.6289681964769648 0.6257871352657005 0.6361984051490516 0.6830878574879228 0.6718740569105691 0.6475887753623187 0.6837020718157182 0.6297679396135266 0.6833852615176151 0.5903469565217391 0.6638567384823848 0.5499478309178744 0.6455749552845529 0.5508934565217392
1 0.5566242750677507 0.7580590966183575 0.5538902249322493 0.7488789541062802 0.5286706463414634 0.7037548985507247 0.5191483983739837 0.6981525724637682 0.5083617886178862 0.7110795 0.4892996707317073 0.7597488526570049 0.4942661287262872 0.8087886739130434 0.5180717520325203 0.8227944951690821 0.5347166287262873 0.8043659830917874 0.5462102140921409 0.8069981690821256 0.5501528861788618 0.8010578913043478 0.5466561205962059 0.7797274685990337 0.5566242750677507 0.7580590966183575
1 0.464816403794038 0.7619618985507246 0.43195493495934956 0.8314222270531401 0.4304118848238483 0.8669956739130436 0.4387812533875339 0.8843095845410628 0.4636840203252032 0.8900126594202898 0.47294519918699185 0.8527851690821256 0.49606146476964774 0.7913578623188406 0.485082674796748 0.7683823574879227 0.464816403794038 0.7619618985507246
1 0.34372310975609754 1 0.35519310298102985 0.9651271811594203 0.3817503983739837 0.9284391352657005 0.36298458943089434 0.9001902922705315 0.33960725203252035 0.9187877777777778 0.31550531707317075 0.981700154589372 0.31939862059620594 1 0.34372310975609754 1
1 0.3873828346883469 0.7603597198067633 0.37484784281842815 0.7626214396135266 0.35716155962059626 0.7859438550724638 0.3452220691056911 0.8105823695652173 0.34570609349593495 0.8397768381642513 0.335960891598916 0.8478098623188406 0.3433445894308943 0.8666088405797101 0.3725625772357724 0.9023837826086957 0.39709279810298104 0.8720747125603865 0.4124909363143632 0.8123014516908212 0.3873828346883469 0.7603597198067633
1 0.5396597100271002 0.5608534396135265 0.5289845772357724 0.5669626956521739 0.5180864932249323 0.5867072995169081 0.5186819932249322 0.6090840942028986 0.5411497737127371 0.6648491787439614 0.5749088685636856 0.6174827850241547 0.5835512371273713 0.5811700072463768 0.5611771869918699 0.5384084154589371 0.5476565284552846 0.5421552077294686 0.5396597100271002 0.5608534396135265
1 0.6220656422764228 0.45996943961352654 0.6198156151761518 0.479983768115942 0.6401068536585366 0.5325331739130436 0.6686912208672087 0.4894661497584541 0.6700670569105691 0.46411921739130435 0.654258253387534 0.4314151642512077 0.636850659891599 0.43769339613526564 0.6220656422764228 0.45996943961352654
1 0.721339406504065 0.32702158212560384 0.7274587452574526 0.36434981642512076 0.7376879715447154 0.38551126328502416 0.769173605691057 0.34139786714975845 0.7516164173441734 0.2980286038647343 0.7411642398373983 0.2905025096618358 0.7323489674796747 0.30045929951690825 0.721339406504065 0.32702158212560384
1 0.7655272439024391 0.2704199516908213 0.7718137994579946 0.29752167874396135 0.7858184823848238 0.32296935990338166 0.816318448509485 0.28034103140096617 0.7995797140921409 0.24571321014492753 0.7843664092140921 0.23538595169082124 0.7775224728997291 0.24237260144927536 0.7655272439024391 0.2704199516908213
1 0.8087294159891599 0.2153033961352657 0.8358645907859078 0.2608661473429952 0.8664760338753387 0.21142014734299516 0.8478774390243903 0.1729447922705314 0.8297071314363144 0.16707274154589372 0.8099380365853659 0.20018297584541064 0.8087294159891599 0.2153033961352657
1 0.5921054390243903 0.5283833961352656 0.6215082601626016 0.49405781884057975 0.6227726192411924 0.4755285603864734 0.6013842371273713 0.43128189855072463 0.5847393590785908 0.44971041062801936 0.572409701897019 0.4982107850241546 0.5921054390243903 0.5283833961352656
1 0.5007346395663956 0.589576693236715 0.46971253116531164 0.5465453792270532 0.4519705081300813 0.5732766376811594 0.44068225609756095 0.6168831038647343 0.45500374932249327 0.681751768115942 0.46621864363143634 0.7014281425120773 0.49671860975609755 0.6587998188405798 0.5088253143631436 0.6239347898550726 0.5081740758807588 0.6049668357487923 0.5007346395663956 0.589576693236715
1 0.8118611720867209 0.8123843599033816 0.7984677953929539 0.7328670531400967 0.7015261910569105 0.8504482125603865 0.7154511124661247 0.9576418743961352 0.8118611720867209 0.8123843599033816
0 0.5459194796747967 0.9292197777777778 0.617300214092141 0.8438083599033817 0.6089745677506775 0.7354960193236716 0.5579534268292683 0.7990782608695652 0.5459194796747967 0.9292197777777778
0 0.8427429227642277 0.28919208454106277 0.7944424146341463 0.3569921425120773 0.8126890325203252 0.3947393623188406 0.8580066910569105 0.3167958695652174 0.8427429227642277 0.28919208454106277
0 0.7388658455284554 0.5059660628019323 0.7323753211382114 0.4645467222222222 0.692175174796748 0.49778511352657 0.694960701897019 0.5407051256038647 0.7388658455284554 0.5059660628019323
0 0.6206355907859079 0.7116047149758454 0.616774527100271 0.6280208188405797 0.5720001531165312 0.6860971594202898 0.5731375663956639 0.7653277536231884 0.6206355907859079 0.7116047149758454
0 0.40780763414634147 0.9371044444444444 0.4241461165311653 0.8745376304347826 0.39563277100271005 0.8914172415458937 0.38601872628726286 0.9445623115942029 0.40780763414634147 0.9371044444444444
0 0.29778278319783197 0.959133688405797 0.28729331978319783 0.9978665314009662 0.31249161788617885 0.9743986280193236 0.32944711111111113 0.9210655120772947 0.29778278319783197 0.959133688405797
0 0.4132227276422764 0.7942723357487923 0.3988885013550135 0.8635575700483091 0.4346431029810298 0.8145199323671498 0.44740055284552843 0.7614712318840581 0.4132227276422764 0.7942723357487923
0 0.48421027913279135 0.7543363333333333 0.49351358265582657 0.6944592246376812 0.4509532764227642 0.7367885024154589 0.4449024674796748 0.7857731714975845 0.48421027913279135 0.7543363333333333
0 0.5255859295392954 0.6823322125603866 0.5301000989159891 0.6484034565217391 0.4914075609756097 0.678253811594203 0.4899540867208672 0.7239361618357487 0.5255859295392954 0.6823322125603866
0 0.6232137913279133 0.5699532415458938 0.6247098008130082 0.5188348115942029 0.5891991124661247 0.5559632801932367 0.5850734078590786 0.6153367222222222 0.6232137913279133 0.5699532415458938
0 0.7321378536585366 0.4267016666666667 0.7180703699186991 0.3772859033816425 0.6733036720867208 0.4344006884057971 0.6762019837398374 0.49164822705314004 0.7321378536585366 0.4267016666666667
0 0.8804190596205963 0.20812429951690822 0.898172876693767 0.17770495893719807 0.8701937845528456 0.17216924879227052 0.8597562168021681 0.18972317391304347 0.8804190596205963 0.20812429951690822
0 0.7709289173441735 0.20171292512077296 0.7841899525745257 0.2195029033816425 0.8169420921409215 0.16793114009661836 0.8082837493224933 0.15992024879227051 0.7986654607046071 0.15801725603864736 0.7709289173441735 0.20171292512077296
0 0.7381859444444444 0.24984171256038648 0.7517647086720868 0.2718540362318841 0.785826012195122 0.21843666425120772 0.7707333238482384 0.20130829468599035 0.7381859444444444 0.24984171256038648
0 0.7085865731707316 0.2961879299516908 0.7158181382113821 0.3169205700483092 0.7483679322493224 0.26927789855072465 0.7382072100271002 0.24751632125603865 0.7085865731707316 0.2961879299516908
0 0.6770294539295393 0.3384841111111111 0.6761607777777778 0.36617926086956526 0.7131683875338753 0.3181151352657005 0.7101863035230352 0.2904338309178744 0.6770294539295393 0.3384841111111111
0 0.6413221558265583 0.3870332198067633 0.6390939444444445 0.4178298743961353 0.6746492235772358 0.3719538671497585 0.6737300352303522 0.3418639565217391 0.6413221558265583 0.3870332198067633
0 0.6103131449864498 0.4267536618357488 0.6109542913279133 0.4434402826086956 0.6408485447154472 0.40959079468599036 0.640018364498645 0.38636118357487925 0.6103131449864498 0.4267536618357488
0 0.5435367100271002 0.5198360483091787 0.5383856734417344 0.5499790531400967 0.5715402425474254 0.5147145096618357 0.5729299769647697 0.48373318840579704 0.5435367100271002 0.5198360483091787
0 0.5135666991869918 0.5567686666666667 0.5059188143631437 0.5926007101449275 0.5332935948509485 0.5520556618357487 0.5388003509485095 0.5248738574879227 0.5135666991869918 0.5567686666666667
0 0.7723575514905149 0.20095936714975843 0.7980356869918699 0.15789265217391305 0.7784911138211382 0.1540257270531401 0.760013002710027 0.18370709178743963 0.7723575514905149 0.20095936714975843
0 0.7284265460704608 0.22779739855072462 0.7384739065040651 0.24361729951690822 0.7685340135501355 0.1997257463768116 0.7592329593495936 0.18716065458937198 0.7284265460704608 0.22779739855072462
0 0.698827174796748 0.2741436183574879 0.7038849281842818 0.2922340507246377 0.7390489891598916 0.24554872222222224 0.7287342113821138 0.23311200483091787 0.698827174796748 0.2741436183574879
0 0.672428448509485 0.310417768115942 0.6736647845528455 0.3335691111111111 0.7042880379403794 0.29232612801932367 0.6981701720867209 0.2707683574879227 0.672428448509485 0.310417768115942
0 0.6412450067750677 0.348841538647343 0.6443397791327914 0.3819485507246377 0.6746073428184282 0.3377444323671498 0.6727990623306234 0.3124912874396136 0.6412450067750677 0.348841538647343
0 0.6115066436314363 0.3847071690821256 0.6103553238482384 0.4184635603864734 0.6394788550135502 0.38227792753623185 0.6401129119241192 0.3561428743961353 0.6115066436314363 0.3847071690821256
0 0.5829741531165311 0.4276960314009662 0.5812199295392955 0.4553663864734299 0.6078656382113822 0.4222146811594203 0.607936445799458 0.3934308405797102 0.5829741531165311 0.4276960314009662
0 0.5483337357723578 0.47288778260869563 0.5470576978319783 0.5026406400966184 0.5762286653116531 0.4635858695652174 0.577538554200542 0.44552520772946863 0.5483337357723578 0.47288778260869563
0 0.5224244430894309 0.5101744396135266 0.5162506693766937 0.5427615990338165 0.542884512195122 0.5103270845410628 0.5461683075880759 0.4829974420289855 0.5224244430894309 0.5101744396135266
0 0.7540874051490516 0.18022493236714976 0.7712327208672087 0.1525896425120773 0.7517058685636856 0.14872622463768115 0.7426773672086722 0.1608281425120773 0.7540874051490516 0.18022493236714976
0 0.7147223197831978 0.19944713768115943 0.7255507317073171 0.21762455072463768 0.7515859010840108 0.18469339371980675 0.737323054200542 0.16631451690821256 0.7147223197831978 0.19944713768115943
0 0.6924151002710027 0.23305661111111112 0.6984961056910569 0.26328288164251207 0.7265407249322493 0.2189308429951691 0.7179805352303523 0.19825490096618356 0.6924151002710027 0.23305661111111112
0 0.6722416422764228 0.2599513719806763 0.6717732411924119 0.28885695652173915 0.6993378387533875 0.2613151884057971 0.693569620596206 0.23083730193236715 0.6722416422764228 0.2599513719806763
0 0.5945137655826558 0.371811347826087 0.5942370677506775 0.40218067874396135 0.6128505243902439 0.37763366425120776 0.6174441612466125 0.33224337681159416 0.5945137655826558 0.371811347826087
0 0.5722358821138211 0.40362670048309174 0.5668386043360434 0.444160425120773 0.5880720745257453 0.4079720434782609 0.5897078997289973 0.3824259082125604 0.5722358821138211 0.40362670048309174
0 0.5457491449864499 0.4452832222222222 0.5410346002710027 0.47534448792270534 0.5619302886178862 0.4473589202898551 0.5637854634146341 0.4207828647342995 0.5457491449864499 0.4452832222222222
0 0.5245674783197832 0.47194709178743965 0.5131558983739837 0.5096544758454106 0.534810367208672 0.4847223115942029 0.5401570433604336 0.4549840314009662 0.5245674783197832 0.47194709178743965
0 0.43512397425474253 0.6504565 0.4094845528455284 0.7232064565217391 0.4395744119241192 0.689761731884058 0.4484657859078591 0.6413934082125604 0.43512397425474253 0.6504565
0 0.6631393292682927 0.4341920797101449 0.6637868441734417 0.405684268115942 0.6410753970189702 0.42267080193236717 0.6402160406504065 0.4379543719806763 0.6631393292682927 0.4341920797101449
0 0.5820344647696477 0.5431004420289854 0.5825742384823849 0.5140449275362319 0.5579550758807588 0.5311186328502415 0.5514285582655827 0.5465473913043478 0.5820344647696477 0.5431004420289854
0 0.8167506829268293 0.16184789613526568 0.7902108875338754 0.2043238695652174 0.7973241463414634 0.22120754347826085 0.8241124281842819 0.174713077294686 0.8167506829268293 0.16184789613526568