1 0.45542264740566035 0.9215156428571428 0.3853774327830189 0.8051476281512605 0.2802619162735849 0.8530483214285713 0.35110185023584906 0.953211455882353 0.3644137488207547 0.9686499516806722 0.4431622063679245 0.9307183235294118 0.45542264740566035 0.9215156428571428
1 0.3621350471698114 0.6864566491596638 0.32107230424528305 0.6359061470588235 0.21487513443396225 0.6737692478991596 0.17906984433962264 0.7298352584033614 0.2562821674528302 0.8369488298319329 0.3625068007075472 0.7886878487394958 0.3621350471698114 0.6864566491596638
1 0.21346406721698113 0.55599931302521 0.15869775 0.5715328235294117 0.10238390801886793 0.5833197226890756 0.15052389150943396 0.6868963550420168 0.27637286674528305 0.6387170189075629 0.21346406721698113 0.55599931302521
1 0.0014711591981132076 0.45049231512605037 0.0015125613207547168 0.4631704516806723 0.05643781603773585 0.5485760798319328 0.1642968537735849 0.5563718907563024 0.16951645872641508 0.5138141449579832 0.12110670636792453 0.440104481092437 0.08112529245283018 0.42594101260504197 0.0014711591981132076 0.45049231512605037
1 0.055839287735849064 0.3263500525210084 0.0010512370283018869 0.321905756302521 0.001377556603773585 0.42182993487394954 0.11133703891509435 0.4217028151260504 0.055839287735849064 0.3263500525210084
1 0.7133852075471698 1 0.7206284351415094 0.9841345147058824 0.6815640719339622 0.9261426659663865 0.6368188077830188 0.9933105588235295 0.642252420990566 1 0.7133852075471698 1
1 0.6518151273584906 0.8740749075630252 0.6169425035377358 0.8385108823529411 0.5664427299528302 0.9009566890756303 0.6171634658018867 0.9643865861344538 0.6553754528301886 0.9279754894957983 0.6518151273584906 0.8740749075630252
0 0.5829090589622641 0.8667967058823529 0.5588687547169812 0.8299932773109243 0.5260094681603774 0.7918846638655462 0.4947573643867924 0.8034596764705882 0.4875867346698113 0.8161952815126051 0.5349147240566038 0.8836314558823529 0.5829090589622641 0.8667967058823529
1 0.442129 0.6191800735294117 0.4223715448113207 0.5826035483193278 0.3760344091981132 0.5786355399159664 0.3434898396226415 0.6170129957983194 0.3911032287735849 0.6946787079831932 0.4414680283018868 0.6873746596638656 0.442129 0.6191800735294117
1 0.3304183007075472 0.5989255651260504 0.38867041509433964 0.5864587394957983 0.387318679245283 0.5409750294117648 0.3640903490566038 0.5062286848739496 0.3288566780660377 0.5112341974789916 0.2942537759433962 0.5374654600840336 0.3304183007075472 0.5989255651260504
1 0.3387513054245283 0.5042781050420169 0.34289032429245286 0.46757066386554624 0.3361671308962264 0.45000691386554625 0.31426443278301885 0.42704685084033617 0.2944260742924528 0.4186890504201681 0.25384198113207546 0.437545531512605 0.25188648113207546 0.47483530462184875 0.28321196698113205 0.5253232415966387 0.295124179245283 0.5196054264705882 0.3010216367924528 0.5313282668067226 0.3387513054245283 0.5042781050420169
1 0.22476756485849056 0.38185177521008407 0.22995658254716983 0.35857021218487395 0.20779396816037735 0.3157756848739496 0.17416766273584905 0.2938689159663866 0.14143840566037735 0.3023020336134454 0.13177914268867924 0.31795759453781514 0.13545930424528302 0.33199218067226893 0.1719756875 0.37434211974789916 0.18895961910377357 0.37450624159663864 0.21266674528301885 0.3922341092436975 0.22476756485849056 0.38185177521008407
1 0.07322777594339623 0.1377376575630252 0.048873127358490566 0.1136521218487395 0.02970547287735849 0.16923153151260503 0.03898966155660377 0.1834869243697479 0.0496989233490566 0.18125724159663867 0.08231088325471697 0.2019876218487395 0.08674547287735848 0.1973641344537815 0.09162858490566038 0.20791058823529412 0.09659334198113208 0.1770440525210084 0.08239252594339622 0.16057463235294117 0.07322777594339623 0.1377376575630252
1 0.7284123514150943 0.939096781512605 0.7218777641509434 0.9168685147058824 0.703843833726415 0.9032785168067227 0.6905757181603773 0.9293984726890756 0.6924514528301887 0.9486652584033614 0.7127383325471698 0.972193 0.7228098172169811 0.9926056323529412 0.7289860448113208 0.9807639390756303 0.7311925141509433 0.9648319411764705 0.7284123514150943 0.939096781512605
1 0.6104885318396226 0.7828014054621849 0.5922303408018867 0.7616264348739495 0.5700217346698113 0.7724943865546219 0.5454976497641509 0.7941313193277311 0.5736559080188679 0.8401914537815126 0.5858280365566038 0.8543081008403361 0.6042035259433962 0.8463195693277311 0.6168345117924527 0.8096941890756303 0.6104885318396226 0.7828014054621849
1 0.4846638879716981 0.6905918718487395 0.488084133254717 0.6847919957983193 0.501092333726415 0.6388375777310924 0.5006438101415094 0.6236676344537815 0.49110184551886793 0.6101596953781513 0.4621343926886793 0.5912144096638656 0.4407515259433962 0.607923268907563 0.4418728325471698 0.6458481260504201 0.4558850424528302 0.6669820672268908 0.4583622523584906 0.6845047836134454 0.4624196285377358 0.6892103340336134 0.47128880896226416 0.6799633571428572 0.4846638879716981 0.6905918718487395
1 0.4531920283018868 0.555379718487395 0.41002376061320756 0.519965012605042 0.3928512216981132 0.5244654096638656 0.3874379410377358 0.5401620021008404 0.39280523231132075 0.5781278886554622 0.41324506485849055 0.5847416260504202 0.4495015330188679 0.6072571008403361 0.4567260495283019 0.5866163403361344 0.4531920283018868 0.555379718487395
1 0.3392561521226415 0.39987359663865546 0.3019853396226415 0.3761817331932773 0.29191320872641513 0.3889168424369748 0.2747406698113207 0.3934172394957983 0.2960418950471698 0.41812136974789915 0.3225677912735849 0.43179342857142855 0.3483392594339622 0.4641235609243698 0.35552131014150945 0.43094528361344536 0.3392561521226415 0.39987359663865546
1 0.15934005188679246 0.2009820987394958 0.12890973231132077 0.1656904831932773 0.11962768396226416 0.172017006302521 0.10869416155660379 0.16666172058823528 0.09576760613207548 0.17120314705882353 0.0922300613207547 0.20616652310924372 0.1592940625 0.2546445798319328 0.1715478337264151 0.22734823739495796 0.15934005188679246 0.2009820987394958
1 0.2664016580188679 0.37642117016806725 0.29612353773584904 0.37670838025210085 0.2999209976415094 0.36157946638655464 0.25735420518867924 0.32442069537815127 0.23108822405660379 0.33058309873949576 0.22586355188679247 0.3416151722689076 0.22837641745283022 0.37138738025210083 0.24216436438679245 0.3849363487394958 0.2503147712264151 0.40659693697478994 0.2567780483490566 0.40432622268907564 0.2664016580188679 0.37642117016806725
1 0.42894162735849056 0.44040415336134453 0.4238342511792453 0.42227272478991595 0.40719187853773586 0.40053007773109245 0.39178811320754714 0.38754878781512603 0.3782600813679245 0.39383428361344536 0.3713482806603774 0.3809350525210084 0.36492065683962266 0.3954552584033614 0.3575856533018868 0.44554754831932775 0.3797126143867925 0.47609258403361343 0.41270178773584903 0.4874939285714286 0.42894162735849056 0.44040415336134453
1 0.5716225695754716 0.6278532773109243 0.5653122452830189 0.6132099831932772 0.552538641509434 0.6008374012605042 0.5422422488207548 0.6059875399159663 0.5233577971698113 0.6498965987394958 0.5564598066037736 0.6908548991596638 0.576271087264151 0.6967267289915967 0.589090679245283 0.6554368298319327 0.5829689610849057 0.6361290168067227 0.5716225695754716 0.6278532773109243
1 0.6455167275943396 0.7306435525210084 0.6354089433962263 0.7311291701680672 0.6173290235849056 0.7712016512605042 0.646745 0.8053168802521008 0.6590700801886793 0.8025195189075631 0.6692951627358491 0.7728704012605041 0.6607318879716981 0.7482893592436975 0.6455167275943396 0.7306435525210084
1 0.7398863738207547 0.8522970525210084 0.7243653101415095 0.8684792626050419 0.717749079009434 0.887663987394958 0.748592266509434 0.9258760546218487 0.7632519398584906 0.8916034474789916 0.7634048938679245 0.8746894390756302 0.755891616745283 0.863534275210084 0.7398863738207547 0.8522970525210084
1 0.7806843950471698 0.906937512605042 0.7700107889150943 0.9214166869747898 0.7626044764150943 0.947009993697479 0.7924333195754718 0.9840456764705882 0.8032598797169812 0.9526524915966387 0.8031885707547171 0.928153512605042 0.7977039811320755 0.9193511239495799 0.7806843950471698 0.906937512605042
1 0.8518187570754717 1 0.8498483938679244 0.9822673235294117 0.8279456945754716 0.9593072584033613 0.8204680719339623 0.9604015861344538 0.8102633372641509 1 0.8518187570754717 1
1 0.6037756721698113 0.6993256848739496 0.6293585341981133 0.7363203361344537 0.6384519752358491 0.7346583319327731 0.6522859115566038 0.6945448193277312 0.6382737028301886 0.6734108802521009 0.6115591992924528 0.6644033403361345 0.6037756721698113 0.6993256848739496
1 0.5455911851415094 0.5756886806722689 0.5557449599056604 0.5215405840336135 0.5374867676886792 0.5003656134453782 0.513402429245283 0.49196678151260503 0.4876206261792453 0.5255486197478991 0.48201873938679246 0.5459097310924369 0.5118475825471698 0.5829454117647058 0.5320988089622641 0.5942236659663865 0.5407793820754717 0.5896412079831933 0.5455911851415094 0.5756886806722689
1 0.5432194150943396 1 0.4881436344339623 0.9227972668067227 0.4021412464622642 1 0.5432194150943396 1
0 0.4009795011792453 0.707387455882353 0.46406143749999995 0.7968020357142857 0.5121424882075472 0.7638126596638655 0.4658661426886792 0.7003844054621848 0.4009795011792453 0.707387455882353
0 0.1635879504716981 0.3888532584033614 0.21815776061320755 0.4627822605042017 0.25809478537735847 0.43711467857142855 0.24124569103773585 0.40363231302521013 0.1635879504716981 0.3888532584033614
0 0.7767121816037735 1 0.7494414445754717 0.9662707079831933 0.737809233490566 1 0.7767121816037735 1
0 0.6616686580188679 0.912384481092437 0.6789874988207547 0.8948722289915967 0.650428045990566 0.8416806407563026 0.6312095459905661 0.853992474789916 0.6616686580188679 0.912384481092437
0 0.5271061073113208 0.7765240945378151 0.5650377075471698 0.7548630693277311 0.5233590683962264 0.6996353172268908 0.4865885884433962 0.7164325630252101 0.5271061073113208 0.7765240945378151
0 0.35269081132075475 0.5043641134453781 0.3872930212264151 0.5166251407563025 0.37017479127358494 0.4776199558823529 0.3421599870283019 0.47351987184873945 0.35269081132075475 0.5043641134453781
0 0.23567128891509434 0.2564501848739496 0.21154126297169812 0.24407994327731092 0.21274325471698113 0.2493775945378151 0.24001825 0.285564050420168 0.26968660259433963 0.30381659033613445 0.23567128891509434 0.2564501848739496
0 0.26925358844339625 0.3082532163865546 0.24352919339622642 0.29177028781512604 0.26301373349056606 0.3159583004201681 0.29669435023584906 0.34096486554621847 0.26925358844339625 0.3082532163865546
0 0.3068407405660377 0.34563230462184874 0.2852987216981132 0.33748676470588235 0.3044347323113208 0.37032606722689076 0.33490805188679246 0.3852620987394958 0.3068407405660377 0.34563230462184874
0 0.4213888455188679 0.48513865336134454 0.38428463797169815 0.47712720378151263 0.41881431014150944 0.5207218340336135 0.4477988702830189 0.5294953088235295 0.4213888455188679 0.48513865336134454
0 0.46302816155660376 0.5826452079831932 0.4940981391509434 0.5850010168067227 0.4605154823113208 0.5300483529411765 0.43560126297169816 0.5304314264705882 0.46302816155660376 0.5826452079831932
0 0.5101378007075472 0.6301831932773109 0.5274987252358491 0.6303963886554622 0.5010141143867924 0.5787911386554623 0.47913215448113206 0.5853524159663865 0.5101378007075472 0.6301831932773109
0 0.5943347783018869 0.7533227352941176 0.6187785224056604 0.7457875378151261 0.5899097853773585 0.7002824957983194 0.5607476073113208 0.7054980294117648 0.5943347783018869 0.7533227352941176
0 0.6966499233490566 0.8873017983193278 0.7152705094339623 0.8570436869747898 0.6740450566037736 0.8016438886554622 0.6481472358490566 0.8168556554621849 0.6966499233490566 0.8873017983193278
0 0.8986710058962264 1 0.8818497181603774 0.9808126491596639 0.8831714740566037 1 0.8986710058962264 1
0 0.8800765813679245 1 0.8816757712264152 0.9795836134453781 0.8493961320754717 0.9431745483193277 0.8517760943396225 0.9700757478991596 0.8759242370283019 1 0.8800765813679245 1
0 0.8105764504716981 0.9248625798319328 0.8453245200471698 0.9635275483193277 0.8470396356132076 0.9378734054621849 0.8146334775943396 0.9018311974789917 0.8105764504716981 0.9248625798319328
0 0.781502192216981 0.8625230756302521 0.7755686132075472 0.8868303697478992 0.8116044716981132 0.9270820105042017 0.8147599882075471 0.9014643676470588 0.781502192216981 0.8625230756302521
0 0.7502214410377358 0.8275302394957984 0.7428383349056604 0.8421939852941177 0.7756793903301886 0.8813087605042017 0.7825990377358492 0.8621110105042017 0.7502214410377358 0.8275302394957984
0 0.7202069551886793 0.7888656827731093 0.7069449445754717 0.7928619978991597 0.7414228691037735 0.8384978760504203 0.7534350719339623 0.8288016806722689 0.7202069551886793 0.7888656827731093
0 0.6859215459905661 0.7452479201680672 0.6707668077830189 0.7478225231092437 0.7037501721698113 0.7917250462184875 0.7175574198113208 0.7846243235294118 0.6859215459905661 0.7452479201680672
0 0.6572913549528302 0.7069037352941177 0.6496768525943396 0.711036094537815 0.6751952264150943 0.7488493109243697 0.6858155872641509 0.7431889684873949 0.6572913549528302 0.7069037352941177
0 0.5921004221698113 0.6257707752100841 0.5763083620283019 0.6238923403361345 0.6035426898584906 0.6662637836134454 0.6185132629716981 0.6624122731092437 0.5921004221698113 0.6257707752100841
0 0.5651124339622642 0.5884334663865547 0.5458475825471698 0.5839426491596639 0.5736908867924528 0.6167476806722688 0.5882097983490566 0.6197177289915966 0.5651124339622642 0.5884334663865547
0 0.9092555801886792 1 0.9060350353773585 0.9825339768907563 0.8787579834905661 0.9577088298319327 0.8818735247641509 0.9746765798319328 0.9044053396226416 1 0.9092555801886792 1
0 0.849246783018868 0.9218139705882353 0.8490403266509433 0.9381391512605042 0.8770023278301887 0.9679999411764706 0.8748120742924529 0.9474824705882353 0.849246783018868 0.9218139705882353
0 0.8195488632075472 0.8822314873949579 0.8154479634433962 0.9038030987394958 0.8472927028301888 0.9371396008403361 0.8478148950471699 0.9130906239495798 0.8195488632075472 0.8822314873949579
0 0.7886839445754718 0.8438657100840335 0.784512733490566 0.8617622352941177 0.8147916721698114 0.8979055840336134 0.8176782205188678 0.8817350882352941 0.7886839445754718 0.8438657100840335
0 0.7574031933962264 0.8088728739495799 0.7505566969339623 0.8198134726890757 0.7837930990566038 0.862982275210084 0.786292170990566 0.84533506302521 0.7574031933962264 0.8088728739495799
0 0.7318769280660377 0.7766986092436974 0.7214243915094339 0.7829454915966386 0.7506436922169811 0.8204279957983194 0.7587731474056604 0.8072561134453782 0.7318769280660377 0.7766986092436974
0 0.7037982063679246 0.737848781512605 0.689279195754717 0.7487467836134453 0.719771625 0.7851377331932774 0.731024670990566 0.7776429579831933 0.7037982063679246 0.737848781512605
0 0.6773851403301887 0.7006509873949579 0.6611907889150943 0.7053848970588236 0.6875553360849056 0.7416111554621849 0.7000103290094339 0.7375649810924371 0.6773851403301887 0.7006509873949579
0 0.6480225518867925 0.6665976764705883 0.6344862417452831 0.6692778739495799 0.6586286686320755 0.7024134768907563 0.6721433679245283 0.6970279474789915 0.6480225518867925 0.6665976764705883
0 0.615655304245283 0.6239194348739496 0.601297258254717 0.6277049957983193 0.6290219705188679 0.6634542289915967 0.6379104669811321 0.6619490315126051 0.615655304245283 0.6239194348739496
0 0.5898124728773585 0.5926630987394959 0.5725445495283019 0.5897363214285715 0.5963469764150944 0.6229911575630253 0.6102174445754717 0.6226410651260503 0.5898124728773585 0.5926630987394959
0 0.927739258254717 1 0.9201382700471697 0.9654784768907563 0.8961081261792453 0.9403350336134454 0.901390266509434 0.9700883760504202 0.927621954009434 1 0.927739258254717 1
0 0.8746604551886793 0.9153056365546218 0.8752628950471698 0.9418416302521009 0.8934508160377359 0.9619079201680673 0.8935855577830188 0.936382218487395 0.8746604551886793 0.9153056365546218
0 0.8495687889150944 0.8862055336134455 0.8475381780660377 0.9060924726890757 0.868762716981132 0.9312212184873949 0.8685731568396227 0.9109694915966388 0.8495687889150944 0.8862055336134455
0 0.8246756556603774 0.8521954075630253 0.8192678266509433 0.8727921743697479 0.8407849634433961 0.8962057836134454 0.8459252948113207 0.8795672205882352 0.8246756556603774 0.8521954075630253
0 0.7975477936320754 0.8181636890756303 0.7925237287735849 0.8376665420168067 0.8163656521226414 0.8699400819327731 0.8203752523584906 0.8453128046218488 0.7975477936320754 0.8181636890756303
0 0.7745915884433962 0.7915401890756302 0.7623870483490567 0.8063109642857142 0.7922310766509434 0.8393817752100841 0.7991586285377358 0.8227613067226891 0.7745915884433962 0.7915401890756302
0 0.7554717063679245 0.766795737394958 0.7417715683962264 0.7716156995798319 0.7635811391509434 0.8071821428571428 0.7760046108490566 0.792826575630252 0.7554717063679245 0.766795737394958
0 0.6779432110849056 0.6730267289915967 0.6636188691037735 0.678409781512605 0.6811346073113207 0.7012918781512605 0.7038935507075472 0.6994365210084034 0.6779432110849056 0.6730267289915967
0 0.6558374363207546 0.6461044516806723 0.6350954316037736 0.6458433445378151 0.6589137606132075 0.6703848361344538 0.6714161591981133 0.6679344894957984 0.6558374363207546 0.6461044516806723
0 0.6277598773584906 0.614826518907563 0.6121470613207548 0.6135788823529412 0.6320114280660377 0.6391848067226891 0.6450674009433962 0.6368628403361344 0.6277598773584906 0.614826518907563
0 0.6084226945754717 0.5885449894957984 0.5870636096698113 0.5788382983193278 0.6057417488207547 0.6061503088235295 0.6214072688679245 0.6083956638655462 0.6084226945754717 0.5885449894957984
0 0.49587095283018867 0.4901395966386554 0.4534925601415094 0.46604736764705884 0.47888436438679244 0.5042274600840336 0.5044268337264152 0.5081684957983194 0.49587095283018867 0.4901395966386554
0 0.670861021226415 0.7865519096638656 0.6844325424528301 0.7820730651260503 0.6691374858490566 0.751680205882353 0.6616961591981132 0.7533228697478992 0.670861021226415 0.7865519096638656
0 0.5936256898584906 0.687218974789916 0.6074191485849058 0.6824761071428572 0.5914672759433962 0.6492747710084034 0.5821281096698113 0.6425527352941176 0.5936256898584906 0.687218974789916
0 0.8481141155660378 0.9620837415966387 0.8196353242924528 0.9308835399159664 0.814018141509434 0.9446379180672269 0.84446075 0.9754395882352941 0.8481141155660378 0.9620837415966387