1 0.9138744380952382 0.493611811440678 0.8442800952380952 0.5710120148305085 0.8978171511904762 0.7063802161016949 0.9720536321428571 0.6145653093220338 0.9746448607142857 0.5817527139830508 0.9138744380952382 0.493611811440678
1 0.8558005892857142 0.7583458601694916 0.8236744904761905 0.6626768877118645 0.7616878845238095 0.7243558516949152 0.7819840309523809 0.8496414088983051 0.8558005892857142 0.7583458601694916
1 0.6298640166666667 1 0.6355782976190476 0.9054015699152542 0.6352651726190476 0.8807141398305084 0.5489383178571429 0.9498698813559323 0.5455326011904762 1 0.6298640166666667 1
1 0.5307274785714285 1 0.5319839273809523 0.981613656779661 0.47852734166666666 0.9387437648305085 0.4371349238095238 0.9868029300847457 0.4358480988095238 1 0.5307274785714285 1
1 0.8802939440476191 0.30915518008474574 0.8630024845238096 0.35457108898305084 0.9001328333333334 0.4225304279661017 0.9499102845238094 0.3653969088983051 0.9027036892857143 0.27830465254237285 0.8802939440476191 0.30915518008474574
1 0.831128 0.5062252076271186 0.8816813202380952 0.44813210169491524 0.8376372559523809 0.3571284597457627 0.7945505035714285 0.41877601694915256 0.831128 0.5062252076271186
1 0.7390929238095238 0.6039414300847458 0.7904754547619047 0.5442866461864407 0.7649770702380952 0.4580465805084745 0.7204347880952381 0.49955376694915254 0.7390929238095238 0.6039414300847458
1 0.6823912952380953 0.5277994745762712 0.6510806154761906 0.5717481207627119 0.6651700035714285 0.6838758220338983 0.7168142404761905 0.6249342987288136 0.7118070226190477 0.5447024427966102 0.6823912952380953 0.5277994745762712
0 0.6533790857142857 0.6414433538135593 0.6253860547619048 0.6665124957627119 0.5934849785714286 0.7059674131355932 0.5880854488095238 0.7638399872881355 0.5921038476190477 0.7814075233050847 0.6445960607142857 0.7299186779661017 0.6533790857142857 0.6414433538135593
1 0.47271175476190475 0.774591468220339 0.4464043761904762 0.7925011483050848 0.427377744047619 0.8693171991525424 0.4354845392857143 0.9407840021186441 0.49341659404761906 0.8931643368644069 0.5080379988095238 0.804728311440678 0.47271175476190475 0.774591468220339
1 0.4212671904761905 0.9552335614406781 0.4360822130952381 0.8512380572033899 0.41186469166666667 0.8341746991525424 0.3852417119047619 0.8587434894067797 0.37495868809523814 0.9205662987288136 0.37597717023809524 0.9903520826271187 0.4212671904761905 0.9552335614406781
1 0.36584045833333334 1 0.36698046904761905 0.981277940677966 0.37525290000000006 0.9762745677966103 0.37495154404761905 0.9008429618644068 0.35732078095238096 0.8782114915254238 0.34569974166666667 0.8821285042372881 0.32570922261904767 0.9094665105932204 0.31409022619047616 0.9395204152542374 0.31013856666666667 1 0.36584045833333334 1
1 0.84517565 0.30620499364406784 0.8394652428571429 0.32895121822033896 0.8612332416666667 0.3621494512711864 0.8595568928571429 0.3354693792372881 0.8917589023809525 0.29825621398305086 0.8795453678571429 0.28199448093220336 0.8668404738095238 0.2794101673728813 0.84517565 0.30620499364406784
1 0.7443353404761904 0.42569535169491524 0.7303504559523809 0.4273080593220339 0.7166628404761906 0.4520785847457627 0.7254307202380953 0.48567157627118646 0.7361660845238095 0.4906917838983051 0.7558613785714285 0.4663328495762712 0.7701936119047619 0.45795536440677964 0.7662775464285714 0.4424529131355932 0.7587753797619047 0.43193558898305084 0.7443353404761904 0.42569535169491524
1 0.6196624976190476 0.5589778834745762 0.6019367333333333 0.5809009216101695 0.599477888095238 0.6231511271186441 0.60178845 0.6739064618644067 0.6361164464285713 0.6457994343220339 0.6479336238095238 0.6311840720338983 0.6504915583333334 0.5966531419491525 0.6360112273809523 0.5596694830508474 0.6196624976190476 0.5589778834745762
1 0.5255234916666667 0.7329147457627119 0.5237500976190477 0.7246522923728814 0.5045420773809524 0.6830600211864407 0.4964657809523809 0.6773650487288135 0.48592859523809523 0.6877833877118644 0.46544671547619043 0.7287988135593221 0.4663364797619048 0.7721353792372881 0.48652722023809525 0.7863728114406779 0.5026777690476191 0.7716258644067796 0.5127235952380952 0.7748849449152543 0.5166626547619048 0.7700131588983051 0.5150853952380953 0.7510523580508475 0.5255234916666667 0.7329147457627119
1 0.4434840285714286 0.7287012012711864 0.40921544404761906 0.7867678813559322 0.40527842976190476 0.817776559322034 0.4114842857142857 0.8336266991525424 0.43325024285714286 0.8406880360169492 0.44417969880952385 0.8088730063559322 0.4691910869047619 0.7570276461864407 0.4610693285714285 0.7360051440677966 0.4434840285714286 0.7287012012711864
1 0.3206822226190476 0.855563186440678 0.29468607023809523 0.9086264915254237 0.29764240833333333 0.9311095444915254 0.29370539285714287 0.9621182224576271 0.3143854523809524 0.9365413432203389 0.3312234976190476 0.8974186292372881 0.35751691785714285 0.8675131461864407 0.34284044999999996 0.8412278326271186 0.3206822226190476 0.855563186440678
1 0.2925435238095238 1 0.2928217630952381 0.9971923347457627 0.28178912857142857 0.9690143093220339 0.2928156297619047 0.9187816567796611 0.2863145488095238 0.9059105932203391 0.251356425 0.9622161440677967 0.24622638928571428 1 0.2925435238095238 1
1 0.3746420130952381 0.7208637902542373 0.36331619642857144 0.7218017288135594 0.34588565833333335 0.7407456949152542 0.33347803214285715 0.7613192033898305 0.3318057714285715 0.7869129152542372 0.322548575 0.7931342351694914 0.3277696678571429 0.8102023199152543 0.35121197023809525 0.8439437330508474 0.3752406380952381 0.8194532139830509 0.39325958214285717 0.7684142076271187 0.3746420130952381 0.7208637902542373
1 0.5246235107142857 0.5588937182203391 0.514676775 0.5633539110169492 0.5035491392857142 0.5797303983050848 0.5024673273809525 0.5993659639830509 0.5184581428571429 0.6500434851694915 0.55193435 0.6113899004237288 0.5622468357142858 0.5803240762711864 0.5454026583333333 0.5410361122881356 0.5330920785714286 0.5431919978813559 0.5246235107142857 0.5588937182203391
1 0.6052771678571428 0.4774397139830508 0.6018315130952381 0.49477097245762713 0.6161157107142857 0.5424529766949152 0.6446738857142857 0.5071325254237289 0.6477252250000001 0.4850610656779661 0.6360030511904762 0.45512191313559325 0.620048636904762 0.45917051271186443 0.6052771678571428 0.4774397139830508
1 0.7032622738095239 0.36932246822033893 0.7060224761904762 0.4025038665254237 0.7136074119047618 0.42187626059322036 0.7448246559523809 0.3858810381355932 0.7323138535714286 0.3464614894067796 0.723548017857143 0.33900538771186445 0.7149803607142856 0.3469878347457627 0.7032622738095239 0.36932246822033893
1 0.7466910095238095 0.32345208898305083 0.750336886904762 0.3476962690677966 0.7609752059523809 0.371134093220339 0.7912076857142858 0.3363568199152543 0.7787959714285715 0.3046565402542373 0.765991988095238 0.29435295550847457 0.7593938595238096 0.2998995084745763 0.7466910095238095 0.32345208898305083
1 0.7891349785714286 0.2787996546610169 0.8100173035714285 0.32093510593220337 0.8408402333333334 0.28019968855932204 0.8270494404761906 0.244977156779661 0.8112911630952381 0.2383274088983051 0.791300644047619 0.26566541525423726 0.7891349785714286 0.2787996546610169
1 0.5736676523809524 0.534831625 0.6023249166666667 0.5072304449152543 0.6047858071428571 0.49111713347457625 0.5889263964285715 0.45061122033898304 0.5727758464285714 0.4653581652542373 0.5583016452380952 0.5067851864406779 0.5736676523809524 0.534831625
1 0.4878899488095238 0.5807999237288135 0.46336379047619053 0.540557186440678 0.4456380273809524 0.5624802266949152 0.4324438154761905 0.5997102245762712 0.4405242 0.6576789830508475 0.4490939 0.6758334300847457 0.4793263797619048 0.641056156779661 0.4926196809523809 0.6115454300847458 0.4934062666666667 0.594888938559322 0.4878899488095238 0.5807999237288135
0 0.6604123428571428 1 0.7560394976190477 0.8817293347457626 0.7469258178571428 0.7630611483050848 0.6534187726190476 0.8548289025423729 0.6569489833333333 1 0.6604123428571428 1
0 0.5146858333333333 0.880142372881356 0.5844064273809524 0.8113150508474576 0.5847954476190477 0.7158189597457627 0.5347784892857143 0.7672314894067797 0.5146858333333333 0.880142372881356
0 0.8141019821428572 0.3463 0.7662039785714286 0.40163041949152545 0.7797337833333333 0.4361863728813559 0.8257062285714285 0.3717296652542373 0.8141019821428572 0.3463
0 0.7059782428571428 0.5274064533898305 0.7031822285714286 0.4906133262711864 0.664987875 0.5163656038135593 0.6643763380952381 0.554164345338983 0.7059782428571428 0.5274064533898305
0 0.5858747095238095 0.6975735127118644 0.5884580535714286 0.6240928919491525 0.5209926285714286 0.6835359597457626 0.5258959464285714 0.7617509194915254 0.5858747095238095 0.6975735127118644
0 0.38009755714285715 0.8772632245762712 0.3991551738095238 0.8238572139830509 0.37254690595238094 0.8362621101694915 0.3601564345238095 0.8819802372881356 0.38009755714285715 0.8772632245762712
0 0.2013834904761905 1 0.22474595476190476 0.9750531165254238 0.2451230119047619 0.9325554597457627 0.20797032023809522 0.9700296970338983 0.195111075 1 0.2013834904761905 1
0 0.24727855476190477 0.9351768728813559 0.22926775714285713 0.9717456440677966 0.24901380952380953 0.9490269830508475 0.2743818380952381 0.9026056016949153 0.24727855476190477 0.9351768728813559
0 0.28052929047619046 0.8874015805084746 0.26839755000000004 0.9204321504237288 0.29252829523809526 0.901985122881356 0.31147014523809524 0.8567125042372882 0.28052929047619046 0.8874015805084746
0 0.39521017023809524 0.7526944046610169 0.3774533916666667 0.8121475148305084 0.412827075 0.7721969470338984 0.4280099214285714 0.7268244004237289 0.39521017023809524 0.7526944046610169
0 0.4613043678571429 0.7236383665254237 0.4739031202380952 0.6720019618644069 0.43295200714285714 0.7055152139830508 0.42403446309523807 0.7478879279661017 0.4613043678571429 0.7236383665254237
0 0.5033384107142856 0.6640527055084746 0.5098028261904762 0.6347305127118644 0.4731951416666667 0.6576425805084747 0.46860960595238094 0.6975068792372882 0.5033384107142856 0.6640527055084746
0 0.598375905952381 0.5738023262711864 0.6033909595238095 0.5291834449152543 0.5690924821428571 0.5587303601694915 0.5611408583333333 0.6103561970338983 0.598375905952381 0.5738023262711864
0 0.7056972833333333 0.45746837288135594 0.6967298083333333 0.41304641737288134 0.6527486083333334 0.4593178495762712 0.6512052892857142 0.5096666377118644 0.7056972833333333 0.45746837288135594
0 0.8534944595238095 0.2784736038135593 0.8872647047619048 0.23129389830508476 0.8625036261904763 0.2248391313559322 0.8364191369047619 0.26065020338983047 0.8534944595238095 0.2784736038135593
0 0.8056378642857143 0.2298739406779661 0.819687630952381 0.21367777330508475 0.8013864761904761 0.20890699364406778 0.7907361083333334 0.22245952542372882 0.8056378642857143 0.2298739406779661
0 0.766979130952381 0.28043609322033897 0.7998615821428572 0.2380179279661017 0.787108844047619 0.22419625211864408 0.7564513630952381 0.2637627415254237 0.766979130952381 0.28043609322033897
0 0.7238251238095238 0.30316808474576273 0.7343316464285714 0.3235635995762712 0.7685129214285714 0.27963879237288136 0.7563063321428571 0.26339231991525425 0.7238251238095238 0.30316808474576273
0 0.6941268035714285 0.34127441737288133 0.6990731047619048 0.3600223622881356 0.7314922880952381 0.3210264576271186 0.7240115940476191 0.3011344724576271 0.6941268035714285 0.34127441737288133
0 0.6629768190476191 0.3756731144067797 0.6602079452380952 0.3998420805084746 0.6966273416666666 0.3608477415254237 0.6959659726190476 0.3363708813559322 0.6629768190476191 0.3756731144067797
0 0.6276804583333333 0.4152000105932203 0.6234774238095239 0.4419706949152542 0.6584458238095238 0.40477089194915256 0.6597950654761905 0.37835724788135594 0.6276804583333333 0.4152000105932203
0 0.5972041511904762 0.44738975 0.5965729369047619 0.4620485847457627 0.6256335392857142 0.43490496186440675 0.6265677988095238 0.4145034343220339 0.5972041511904762 0.44738975
0 0.5310312023809524 0.5233139936440678 0.524272375 0.5492696504237288 0.556338355952381 0.5211583961864407 0.5598080023809524 0.4941563940677966 0.5310312023809524 0.5233139936440678
0 0.5016810119047619 0.5531499406779661 0.4922887857142857 0.5838776271186441 0.5195880845238094 0.5506641038135593 0.5264503535714286 0.5273299025423729 0.5016810119047619 0.5531499406779661
0 0.7879796 0.22091975423728813 0.7976476809523809 0.20793235593220338 0.7857198654761904 0.20482298940677965 0.7795404583333333 0.21362355720338982 0.7879796 0.22091975423728813
0 0.7480275607142858 0.24709534533898306 0.7577779035714286 0.2632218877118644 0.7868187238095238 0.2234552690677966 0.7744666380952381 0.21233765254237288 0.7480275607142858 0.24709534533898306
0 0.716722194047619 0.2830619766949153 0.72453 0.2977438813559322 0.7544617785714285 0.26182436652542374 0.747084092857143 0.25005337288135593 0.716722194047619 0.2830619766949153
0 0.6870238726190476 0.3211683093220339 0.6902246702380952 0.3374229173728814 0.7249029845238095 0.2994822161016949 0.7166132928571428 0.2877393389830509 0.6870238726190476 0.3211683093220339
0 0.6609014785714286 0.3507246970338983 0.6603345559523809 0.37109146822033895 0.6905770214285715 0.33753701059322033 0.686681955952381 0.3181593940677966 0.6609014785714286 0.3507246970338983
0 0.630363255952381 0.38176498305084744 0.6307340857142858 0.41100025 0.6608731297619047 0.37482439618644064 0.6610821392857142 0.3525704152542373 0.630363255952381 0.38176498305084744
0 0.6012962261904762 0.4106862605932204 0.5978389702380952 0.44013705084745763 0.6263815226190477 0.4108845847457627 0.6288290619047618 0.38806165254237285 0.6012962261904762 0.4106862605932204
0 0.5727898809523809 0.44594261016949155 0.5692341821428571 0.47001628177966104 0.5953515642857142 0.4432134491525424 0.5974883404761905 0.4180252627118644 0.5727898809523809 0.44594261016949155
0 0.5386854952380953 0.4826195211864407 0.535405605952381 0.5085557161016949 0.5641971083333334 0.4767958792372881 0.5666647845238095 0.4610965063559322 0.5386854952380953 0.4826195211864407
0 0.5129260178571429 0.5131028156779661 0.5050803178571429 0.5411128072033898 0.5311354654761905 0.5149367372881356 0.536028755952381 0.4912884025423729 0.5129260178571429 0.5131028156779661
0 0.7342378416666666 0.2256290720338983 0.743001469047619 0.2435550190677966 0.7630874440476191 0.217063218220339 0.7562904 0.20127469279661017 0.7342378416666666 0.2256290720338983
0 0.7065605571428571 0.25710853177966103 0.7148940714285714 0.2739188411016949 0.7404518583333333 0.247258313559322 0.7290743666666667 0.22998625211864407 0.7065605571428571 0.25710853177966103
0 0.6842737773809524 0.28467258686440683 0.6875115 0.3116345529661017 0.7156815869047619 0.27514448940677966 0.7095480107142856 0.2563357563559322 0.6842737773809524 0.28467258686440683
0 0.6643709511904762 0.30653668008474577 0.6618713333333333 0.33179838559322034 0.688402855952381 0.3099822118644068 0.6854618095238095 0.28282600423728815 0.6643709511904762 0.30653668008474577
0 0.5870925154761905 0.39798656144067796 0.5846581619047619 0.42454539194915253 0.6030026095238096 0.40460660593220343 0.6103635345238095 0.36525890677966105 0.5870925154761905 0.39798656144067796
0 0.5649611202380952 0.42398268432203384 0.5572344107142857 0.45901272245762714 0.5787507738095238 0.4291021525423729 0.5820479952380953 0.4068779406779661 0.5649611202380952 0.42398268432203384
0 0.5383725809523809 0.4582428686440678 0.5320083535714286 0.4841632542372882 0.5526329404761905 0.46140441525423725 0.5561997011904761 0.43829695974576266 0.5383725809523809 0.4582428686440678
0 0.5175885404761905 0.4798210762711865 0.5047094964285714 0.5118774449152542 0.525789825 0.49185426271186444 0.5326937166666667 0.46626911652542374 0.5175885404761905 0.4798210762711865
0 0.42507518095238095 0.6286346059322033 0.39700109642857145 0.6901808283898305 0.4262067321428572 0.663407747881356 0.43760950119047615 0.6218105762711864 0.42507518095238095 0.6286346059322033
0 0.6437119154761906 0.4582905593220339 0.6463423821428571 0.43339190466101696 0.6248932178571428 0.44637255296610173 0.623026830952381 0.45967861864406784 0.6437119154761906 0.4582905593220339
0 0.5636387976190477 0.5468762966101695 0.5662127761904762 0.5214892902542373 0.5430584380952381 0.5343876991525424 0.5361347761904762 0.5473498834745764 0.5636387976190477 0.5468762966101695
0 0.8291435666666667 0.25017750847457626 0.849983319047619 0.22157531355932203 0.8277664964285714 0.2157837881355932 0.8153224761904763 0.2327934216101695 0.8291435666666667 0.25017750847457626
0 0.8001293904761905 0.23267744915254238 0.7734345619047619 0.26765047245762713 0.7785528047619048 0.28301964830508475 0.8057584285714285 0.24454994279661016 0.8001293904761905 0.23267744915254238