1 1 0.9669626818181818 0.9641475143769968 0.9617755539772727 0.9649616182108626 1 1 1 1 0.9669626818181818
1 0.9162836869009584 1 0.9197064009584666 0.9510804005681819 0.8526682907348243 0.9186683181818182 0.8376981677316294 1 0.9162836869009584 1
1 0.8062345111821086 1 0.8238060782747603 0.9480202840909091 0.7984940335463259 0.8840668096590908 0.7450500830670926 0.8754658380681818 0.7141487667731629 1 0.8062345111821086 1
1 0.7034401230031949 0.9418206136363636 0.6831986853035144 0.8545311022727272 0.6310241980830671 0.8406576022727272 0.6002896022364217 0.8874639488636364 0.5883244936102237 0.9661895511363636 0.6629313003194889 0.9924417585227272 0.7034401230031949 0.9418206136363636
1 0.46092550159744405 0.7808411107954545 0.4241577380191693 0.7553560909090908 0.37024185143769966 0.7982424801136364 0.3486336341853035 0.8800140113636363 0.4331007076677316 0.9282807272727273 0.48711450319488814 0.8670903465909091 0.46092550159744405 0.7808411107954545
1 0.32672205271565496 0.870821590909091 0.387607196485623 0.7950058579545455 0.36811479392971247 0.7393319431818182 0.3281487571884984 0.7197286562499999 0.2903212124600639 0.7624048579545455 0.26159008146964857 0.83106228125 0.32672205271565496 0.870821590909091
1 0.29875195686900957 0.7434558437500001 0.28892911821086265 0.6931220426136364 0.2743963178913738 0.6780290142045454 0.24058327476038338 0.6718450965909091 0.21487003674121408 0.6818508011363636 0.17646884345047925 0.7474332329545454 0.1798680591054313 0.8016732926136364 0.24431981469648564 0.8272328948863635 0.2555189904153355 0.8077534772727273 0.26681186900958465 0.81637065625 0.29875195686900957 0.7434558437500001
1 0.07634982907348242 0.6422103039772727 0.04680568849840255 0.646801346590909 0.054379450479233225 0.7514621306818182 0.05901750319488818 0.7526954176136363 0.0782696357827476 0.7353573295454545 0.11205456869009583 0.7331122698863637 0.12162441373801916 0.7075852670454545 0.11829079073482428 0.6730128238636364 0.07634982907348242 0.6422103039772727
1 0.8945488626198083 0.8653885397727272 0.8688075127795528 0.8669652670454546 0.8641350335463259 0.9134446818181818 0.8738641709265175 0.9356818920454546 0.9060759936102236 0.9442472045454546 0.9060385127795527 0.9330085653409091 0.917293910543131 0.9303871051136364 0.9107109936102237 0.886529153409091 0.8945488626198083 0.8653885397727272
1 0.7157545063897763 0.8122317414772727 0.6867638658146965 0.8045229602272728 0.6659667348242811 0.8411004005681818 0.6934592236421725 0.8820968267045455 0.6968115894568689 0.9222885909090909 0.7161386837060703 0.9274277755681818 0.7337427428115015 0.8984227840909091 0.7335459712460064 0.8394199375 0.7157545063897763 0.8122317414772727
1 0.5371850335463259 0.8265067670454546 0.5387581453674122 0.8156963948863637 0.5353027092651756 0.7445983778409091 0.528804124600639 0.7260273607954546 0.5126888418530352 0.7189350454545455 0.4724802843450479 0.7250863607954545 0.4549230750798722 0.7681396505681818 0.47116953833865816 0.8145671960227272 0.4953471469648562 0.8266105 0.5050669137380193 0.8460380511363635 0.5115092779552716 0.8477511107954545 0.5178766821086263 0.8269868977272726 0.5371850335463259 0.8265067670454546
1 0.4740721357827476 0.719895309659091 0.44821834664536736 0.687756125 0.3854615143769968 0.6879117244318181 0.3678387124600639 0.7112973948863637 0.3679230447284345 0.7365843323863637 0.38898253993610227 0.7786773551136363 0.4146864073482428 0.7658619886363636 0.4501194137380191 0.7752838323863636 0.4645397715654952 0.7566609460227273 0.4740721357827476 0.719895309659091
1 0.2580842619808307 0.6119338494318182 0.20662030830670927 0.620706625 0.20027164536741215 0.6470901590909091 0.18264884345047924 0.6704758295454546 0.2164712587859425 0.6794694090909091 0.25183867092651757 0.6692236363636364 0.293723410543131 0.6831681988636363 0.2887323450479233 0.6341191960227273 0.2580842619808307 0.6119338494318182
1 0.16651482268370607 0.6577641960227273 0.20020605431309904 0.6274225426136364 0.19852050319488818 0.6045170028409091 0.13575429872204473 0.601862940340909 0.10851480191693291 0.6367273181818182 0.1069698019169329 0.6559666676136364 0.12156819329073482 0.6907273096590909 0.14249650798722047 0.6934851051136364 0.16025985942492013 0.7122443238636363 0.1666647444089457 0.7027187471590909 0.16651482268370607 0.6577641960227273
1 0.3754137907348243 0.570146090909091 0.3624822124600639 0.5526716704545455 0.3350927923322684 0.5425814971590909 0.3125632571884984 0.5422050965909091 0.299762857827476 0.56406590625 0.28685938977635783 0.5550204630681818 0.28533313099041535 0.5798791335227272 0.2968321501597444 0.6503088181818182 0.3338944872204473 0.6657782443181818 0.37566678594249203 0.6460068948863636 0.3754137907348243 0.570146090909091
1 0.6106444265175719 0.6579598039772727 0.5977315878594249 0.6461047017045455 0.5784138642172524 0.6437751732954545 0.5688159089456869 0.6608731960227273 0.5675239025559106 0.7559733522727273 0.6142310447284345 0.7683930511363637 0.6430998722044728 0.7395762613636364 0.641273768370607 0.6745258295454545 0.6267315974440895 0.6566231392045455 0.6106444265175719 0.6579598039772727
1 0.7347255351437699 0.7106038693181819 0.7234982476038339 0.7216543096590908 0.7189007284345048 0.7906109943181818 0.7656078706070287 0.8030306960227273 0.7784270079872204 0.7867892073863636 0.7782677172523962 0.7390249971590909 0.7588844009584665 0.7170278551136363 0.7347255351437699 0.7106038693181819
1 0.8893891325878595 0.7657656619318182 0.878246177316294 0.8021030369318182 0.878349249201278 0.8330092869318182 0.9282869440894569 0.8490951818181819 0.9313113530351438 0.7909488664772727 0.9248033961661342 0.7695681874999999 0.9119092987220447 0.763332403409091 0.8893891325878595 0.7657656619318182
1 1 0.8242642301136364 0.9908657444089457 0.7955560539772727 0.9811928274760384 0.7901768039772729 0.957062071884984 0.7921817954545454 0.9507227779552716 0.8213749857954545 0.9524645511182108 0.8611384857954545 1 0.8765396193181818 1 0.8242642301136364
1 0.6751992523961662 0.7144256590909092 0.7187133258785943 0.7344178068181818 0.7283300207667732 0.7229391051136363 0.7281145063897764 0.6583169375 0.7039368993610223 0.6462736363636363 0.6701988178913738 0.6625669914772727 0.6751992523961662 0.7144256590909092
1 0.5606317715654953 0.6193966363636364 0.5507152300319489 0.5409662386363636 0.5217245894568691 0.5332574573863637 0.49119831948881787 0.547597684659091 0.4753360319488818 0.6163661761363636 0.4770496948881789 0.6477006960227273 0.5253767987220447 0.6633583210227273 0.5527099968051119 0.6565905397727273 0.560706731629393 0.6418739119318182 0.5606317715654953 0.6193966363636364
0 0.44927799999999996 0.9340249318181818 0.5558610079872205 0.9810547642045454 0.5971495031948881 0.8899950397727273 0.5198164904153355 0.8582114943181818 0.44927799999999996 0.9340249318181818
0 0.1461232891373802 0.8159597556818181 0.1811031980830671 0.7424995710227272 0.14884324600638976 0.7178926448863636 0.056361388178913736 0.7788502443181818 0.05644732268370607 0.7800377670454545 0.1461232891373802 0.8159597556818181
0 1 0.9164748892045455 0.9452015015974441 0.8989027840909091 0.945385357827476 0.9540325255681819 1 0.9628732386363636 1 0.9164748892045455
0 0.8247575319488818 0.9219568835227272 0.8374061501597443 0.882093596590909 0.7841318067092652 0.8448532556818182 0.7672830015974441 0.8801536789772727 0.8247575319488818 0.9219568835227272
0 0.6022845607028754 0.8760601761363636 0.6309235782747604 0.8169807897727274 0.5844722635782748 0.7978826931818183 0.5495660750798722 0.8569419431818183 0.6022845607028754 0.8760601761363636
0 0.3145338482428115 0.7291645710227272 0.35846800638977633 0.7088056732954545 0.3237225830670927 0.6775470539772728 0.2904538722044729 0.7013411761363636 0.3145338482428115 0.7291645710227272
0 0.08293337539936103 0.5778192528409091 0.14254932428115016 0.5600109403409091 0.0784871230031949 0.5373822301136364 0.039248019169329074 0.5423629659090909 0.03963411821086262 0.5476984119318181 0.08293337539936103 0.5778192528409091
0 0.139641892971246 0.5653579943181818 0.09288126837060702 0.5784244573863636 0.13271719169329074 0.5941171420454545 0.18356318210862618 0.5780569204545455 0.139641892971246 0.5653579943181818
0 0.20003910063897762 0.5773595227272726 0.17248502076677316 0.58939140625 0.20707457667731627 0.6108291221590909 0.24740077476038339 0.5980917102272727 0.20003910063897762 0.5773595227272726
0 0.3845505479233227 0.6340781107954545 0.33946831150159745 0.662353625 0.395696768370607 0.6813851789772727 0.4319069584664537 0.6624532130681818 0.3845505479233227 0.6340781107954545
0 0.47010531469648564 0.713411 0.5061365974440895 0.68427234375 0.44649177795527156 0.6500111676136364 0.4184966693290734 0.6762276505681818 0.47010531469648564 0.713411
0 0.5421033354632588 0.7243956193181819 0.5618007523961661 0.7067296818181817 0.511497001597444 0.6693365142045454 0.4893678258785943 0.7001727812499999 0.5421033354632588 0.7243956193181819
0 0.6858614968051118 0.7919301392045455 0.7105001230031949 0.75722559375 0.659912428115016 0.7299493551136365 0.6290270047923323 0.7666173607954545 0.6858614968051118 0.7919301392045455
0 0.8543697779552715 0.8543497869318183 0.8634546198083067 0.7971490880681817 0.7949988738019169 0.7702217073863636 0.7717496453674121 0.816060377840909 0.8543697779552715 0.8543497869318183
0 0.9404430015974441 0.735608465909091 0.9433406166134184 0.7722370482954546 0.9999502396166133 0.7855181647727272 0.993396589456869 0.7501151079545455 0.9404430015974441 0.735608465909091
0 0.8912825223642172 0.7240138664772727 0.8887335191693291 0.7500396363636365 0.941284822683706 0.7651944346590909 0.9415193865814696 0.7339584119318182 0.8912825223642172 0.7240138664772727
0 0.8421023130990416 0.7065041875 0.8286982619808307 0.7252178806818181 0.8856745175718849 0.7468641221590908 0.8954152651757188 0.7222895852272727 0.8421023130990416 0.7065041875
0 0.7861406677316294 0.6871912897727273 0.7700367891373802 0.70607625 0.8246399456869009 0.7270914289772727 0.8374337811501598 0.7039192954545455 0.7861406677316294 0.6871912897727273
0 0.7386508865814697 0.66865365625 0.7316807444089457 0.6817042982954545 0.7754452811501598 0.7027901448863636 0.7852077124600639 0.6847172954545454 0.7386508865814697 0.66865365625
0 0.6329563785942491 0.6341936477272727 0.6143736166134186 0.6481495426136363 0.6618771469648562 0.6731822386363636 0.6772686134185303 0.6528853295454545 0.6329563785942491 0.6341936477272727
0 0.5877195463258786 0.6152230170454546 0.5641816118210863 0.6294883664772727 0.6085945479233227 0.6418886420454546 0.6261701597444089 0.6306175767045454 0.5877195463258786 0.6152230170454546
0 0.9411871166134185 0.7047797386363637 0.9435435910543131 0.7315439886363637 0.9920267252396167 0.74561703125 0.9889006773162939 0.7223455284090909 0.9411871166134185 0.7047797386363637
0 0.8920266357827477 0.6931851363636364 0.8886132779552717 0.7139850170454545 0.9432124920127795 0.733818184659091 0.9390654217252397 0.7090940426136364 0.8920266357827477 0.6931851363636364
0 0.8504804760383385 0.6791828579545455 0.8411393162939298 0.6978183039772727 0.8889542843450479 0.7146662215909091 0.8929357252396166 0.6897413892045455 0.8504804760383385 0.6791828579545455
0 0.8034139872204473 0.6594411136363636 0.7913159121405751 0.6881130795454545 0.8401380287539937 0.7022762670454545 0.8498906549520767 0.6812481335227273 0.8034139872204473 0.6594411136363636
0 0.7588817667731629 0.6400516590909091 0.7424562907348243 0.6627198806818182 0.7865499552715655 0.6809404346590909 0.7990225990415336 0.6629978096590908 0.7588817667731629 0.6400516590909091
0 0.7122593945686901 0.6276544971590909 0.6980256134185304 0.6450001477272728 0.7383881182108626 0.6616381278409091 0.7515289265175719 0.6409203153409091 0.7122593945686901 0.6276544971590909
0 0.6588358562300319 0.6075390369318182 0.6441103306709266 0.62712046875 0.6895522028753993 0.6433374573863636 0.6989993019169328 0.6322672102272727 0.6588358562300319 0.6075390369318182
0 0.6172946277955272 0.5950155255681818 0.5966304568690095 0.6091805568181818 0.6366559488817891 0.6263193551136363 0.6521875910543131 0.6115522017045455 0.6172946277955272 0.5950155255681818
0 1 0.6833430681818181 0.985138230031949 0.678052721590909 0.9871642060702875 0.70948246875 1 0.7122179147727272 1 0.6833430681818181
0 0.9410490319488817 0.6633742301136364 0.9430764808306709 0.6930349829545455 0.9827589952076677 0.7089017159090909 0.977561412140575 0.6738590624999999 0.9410490319488817 0.6633742301136364
0 0.9045988115015975 0.65368190625 0.8966451485623003 0.6848223977272727 0.9434233498402557 0.6954894602272726 0.9446848258785943 0.6674790880681818 0.9045988115015975 0.65368190625
0 0.8732248051118211 0.6423844630681818 0.8596511134185304 0.6625841903409091 0.8983382539936102 0.6846820312499999 0.9067032492012779 0.6538363636363637 0.8732248051118211 0.6423844630681818
0 0.7486011182108626 0.6048139232954545 0.7345446517571885 0.6263649744318182 0.7633708051118211 0.6369826931818182 0.7883494984025559 0.6111452329545455 0.7486011182108626 0.6048139232954545
0 0.7129936453674122 0.5938682329545455 0.6894575878594249 0.6149666335227273 0.7260594169329073 0.6211560227272727 0.7392159408945688 0.6051667840909091 0.7129936453674122 0.5938682329545455
0 0.6689192428115016 0.5836260454545454 0.6507881341853036 0.5981882727272727 0.6833434760383387 0.6097976051136363 0.6971761006389776 0.5933976164772727 0.6689192428115016 0.5836260454545454
0 0.636692624600639 0.5706244318181818 0.6087285814696486 0.5805085113636363 0.640617678913738 0.5954838892045454 0.659202410543131 0.58211909375 0.636692624600639 0.5706244318181818
0 0.47067072523961667 0.56341465625 0.4132784329073482 0.5769610994318182 0.4570448881789137 0.5986380255681818 0.4874576996805112 0.5771982073863636 0.47067072523961667 0.56341465625
0 0.7854406837060703 0.7545742357954546 0.7990038099041533 0.734935377840909 0.7697198083067093 0.7125996931818182 0.7619619217252396 0.7223475312500001 0.7854406837060703 0.7545742357954546
0 0.6589505335463259 0.7097195852272727 0.672660107028754 0.6895201931818181 0.6415247795527157 0.6643390767045454 0.6283189217252396 0.6655518181818182 0.6589505335463259 0.7097195852272727