1 0.62988024933687 0.8451299454976303 0.6535586153846153 0.8576856398104264 0.758451176392573 0.739054336492891 0.6930294893899204 0.7060393293838862 0.6158191843501326 0.8339648151658768 0.62988024933687 0.8451299454976303
1 0.7627592228116711 0.5177763388625592 0.7171695676392573 0.5727209976303318 0.7186375928381963 0.6887083507109005 0.7769961657824933 0.7180803412322274 0.8949613103448276 0.5846642227488152 0.8837796286472148 0.5669976753554502 0.7627592228116711 0.5177763388625592
1 0.8134553381962865 0.5235989549763033 0.9114579363395225 0.566006883886256 0.9981147519893899 0.46799982938388623 0.945538923076923 0.45429149289099524 0.8832019854111406 0.4334385924170616 0.8134553381962865 0.5235989549763033
1 1 0.3030089976303318 0.9857005530503978 0.3073643127962085 0.9322147625994696 0.3881566184834124 0.9389150039787798 0.43675746445497626 1 0.4355096895734597 1 0.3030089976303318
1 0.4116252771883289 0.9047510616113744 0.35968793103448277 0.8258951042654029 0.3164999416445623 0.8894017203791469 0.3419164641909815 0.944513644549763 0.38586589124668436 0.9357980758293839 0.4116252771883289 0.9047510616113744
1 0.4333601405835543 0.8730866563981042 0.48965422679045095 0.8040956800947867 0.4312843222811671 0.7302592654028437 0.3924310848806366 0.7685622890995261 0.3893933355437666 0.8295175236966825 0.4333601405835543 0.8730866563981042
0 0.4969240954907162 0.7240144146919432 0.47036671087533155 0.7643619289099527 0.5250550835543766 0.7862925497630331 0.5774311777188329 0.7125555142180094 0.5690715477453581 0.6976811184834123 0.5334492122015915 0.6827052701421801 0.4969240954907162 0.7240144146919432
1 0.6470028183023873 0.4513231682464455 0.6252936790450928 0.4916654691943128 0.6273027811671087 0.5690898056872038 0.68450074933687 0.5803448696682464 0.7370111578249336 0.49501643838862563 0.6994291604774536 0.44954975592417057 0.6470028183023873 0.4513231682464455
1 0.6852572214854111 0.457683018957346 0.7514868713527851 0.4752612488151659 0.7913252679045093 0.4076481398104265 0.7516356551724138 0.3758433981042654 0.7116236339522546 0.36808791706161137 0.6859481949602122 0.4061489360189573 0.6852572214854111 0.457683018957346
1 0.7666128050397879 0.28116935308056873 0.7422214880636605 0.3059336990521327 0.7349287281167108 0.3254685592417062 0.7402965596816977 0.36736698815165875 0.7835439124668435 0.400285172985782 0.7900090557029178 0.38732977725118484 0.8036111790450928 0.3945198625592417 0.8381697413793104 0.3390726492890995 0.8352650610079575 0.2966420213270142 0.7889350822281167 0.27285367535545024 0.7666128050397879 0.28116935308056873
1 0.9228804204244032 0.1382946421800948 0.8851868700265252 0.16117318246445497 0.8608676087533156 0.20842983886255925 0.867176973474801 0.23515478672985782 0.8810789854111406 0.247649154028436 0.9076113965517241 0.22892845260663505 0.9268510477453581 0.22974261137440757 0.9674412506631299 0.1838359383886256 0.9713514933687003 0.1681266327014218 0.9601182984084882 0.14979216113744076 0.9228804204244032 0.1382946421800948
1 0.3138413952254642 0.8129964597156397 0.306848525198939 0.8378356018957346 0.304174200265252 0.8668754194312797 0.3069685397877984 0.8850845947867299 0.3141849960212202 0.898886028436019 0.325218700265252 0.8763155545023696 0.3477688129973475 0.8508118483412322 0.34953796153846156 0.8290588981042655 0.3340225782493369 0.7986371374407584 0.3138413952254642 0.8129964597156397
1 0.430874148541114 0.6975652085308057 0.4458618050397878 0.7398707180094787 0.46682874137931035 0.7500182535545024 0.48035880901856765 0.7347160284360189 0.5114107466843502 0.6841068104265403 0.48322526923076925 0.6581092582938388 0.45786222811671085 0.6444684478672986 0.43756712599469494 0.6674217843601896 0.430874148541114 0.6975652085308057
1 0.6260767347480106 0.5219427582938388 0.6266463236074271 0.47897268483412325 0.6021108965517241 0.4587524075829384 0.5696410676392573 0.4785447535545024 0.5590797082228117 0.49331115402843606 0.558851874005305 0.5104991848341233 0.5744393116710875 0.5634132559241706 0.5784216074270557 0.5701962630331754 0.5933790716180372 0.5589231327014218 0.6035986777188329 0.5699387772511848 0.608108701591512 0.5648380331753554 0.6105915464190982 0.54509963507109 0.6260767347480106 0.5219427582938388
1 0.6081535424403183 0.4538532061611374 0.6167203116710875 0.47770133649289104 0.6573825716180371 0.4542869739336493 0.6804185464190982 0.44798584360189575 0.6857980464190981 0.405219308056872 0.6793747665782492 0.38708837677725116 0.659835224137931 0.38096993601895734 0.6115803169761272 0.41861487914691947 0.6081535424403183 0.4538532061611374
1 0.7199410716180371 0.28316304976303314 0.7286914190981432 0.32123592180094784 0.7572928687002652 0.2860665568720379 0.7870938779840849 0.2721143127962085 0.8107714973474802 0.24533541943127962 0.7912319562334217 0.2392169786729858 0.7795849549071618 0.22417223933649288 0.7377951896551724 0.24886178672985781 0.7199410716180371 0.28316304976303314
1 0.9678159535809019 0 0.9379634708222812 0.033762535545023696 0.924619375331565 0.06296305687203792 0.9390072506631301 0.09466000236966823 1 0.05318325829383887 1 0.043934407582938394 0.9851528647214853 0.0020255450236966823 0.9824220530503979 0.003232883886255924 0.9779725331564987 0 0.9678159535809019 0
1 0.8291952029177718 0.16806408056872038 0.7816539920424403 0.20772357345971562 0.7862360702917772 0.22511514218009476 0.8199054602122016 0.22653992180094787 0.8313246273209549 0.2587726895734597 0.8386894403183024 0.26173013981042653 0.8475235132625994 0.23763036018957345 0.8628947851458886 0.2230675 0.8651916591511937 0.1894308009478673 0.8590682679045093 0.17660415165876775 0.8291952029177718 0.16806408056872038
1 0.6780490596816976 0.23178165165876777 0.6608365848806366 0.24560515165876778 0.6423826856763926 0.26929785071090045 0.6369311312997348 0.28957207345971564 0.656200974801061 0.34396486966824646 0.6933667984084881 0.3329700781990521 0.7178720331564987 0.29961171800947867 0.7086358222811672 0.24233626777251185 0.7010850358090186 0.22548052132701424 0.6934923872679046 0.23971109952606637 0.6780490596816976 0.23178165165876777
1 0.48561753846153843 0.47763494549763036 0.4787385862068965 0.4938800734597157 0.4660361352785146 0.5026028317535546 0.4594570729442971 0.5241522393364929 0.47474461936339524 0.5717620308056872 0.49708216180371356 0.5662657701421802 0.5338296180371354 0.5217371753554503 0.511622222811671 0.4707979928909952 0.4998613037135278 0.46434726777251184 0.48561753846153843 0.47763494549763036
1 0.3828889376657825 0.6869357962085308 0.3969048673740053 0.6908361469194313 0.4296025318302387 0.6538557725118483 0.4083775663129973 0.6073176279620853 0.39691653713527847 0.6061711848341232 0.38000395225464195 0.6252989668246446 0.37075607161803714 0.6526884786729857 0.3828889376657825 0.6869357962085308
1 0.2664978275862069 0.7818892819905213 0.2837404946949602 0.8216444218009479 0.3179794721485411 0.7800991279620854 0.3101287944297082 0.7579390995260663 0.29224448408488063 0.7386617227488151 0.2743183116710875 0.7504706753554502 0.26601196419098144 0.7626867085308057 0.2664978275862069 0.7818892819905213
1 0.2222972705570292 0.8488095450236967 0.23514383421750662 0.8850714099526066 0.2682553050397878 0.8448012985781991 0.2593910397877984 0.8153224431279621 0.24703034084880635 0.7982631540284361 0.22797666180371354 0.8113472914691943 0.22192532625994693 0.8210129526066351 0.2222972705570292 0.8488095450236967
1 0.21811733156498672 0.9127932061611375 0.2029437029177719 0.8565894004739336 0.19445138196286474 0.85490713507109 0.17006006631299736 0.8796714786729858 0.16704949469496022 0.9112936279620854 0.18132345225464191 0.9515845900473934 0.21811733156498672 0.9127932061611375
1 0.41532857294429704 0.6135648104265403 0.4436301312997347 0.5730911611374407 0.4341660862068965 0.5330037417061612 0.4040651870026525 0.541651701421801 0.38857999734748017 0.5648085805687204 0.404995050397878 0.6111431848341232 0.41532857294429704 0.6135648104265403
1 0.49476317108753315 0.37417448578199053 0.5072679801061007 0.43621839573459714 0.5129775649867374 0.4523347796208531 0.5228972798408488 0.4580461398104265 0.5456333660477454 0.44644072748815167 0.5787448368700265 0.4061706184834123 0.5720216657824934 0.38273540521327015 0.5421904641909814 0.34310900947867295 0.5150582732095491 0.35122114928909953 0.49476317108753315 0.37417448578199053
0 0.5930600039787798 0.8559990260663507 0.5610384310344828 0.9010597796208532 0.6267253859416446 0.8880334644549762 0.6286530557029179 0.8858533080568721 0.5930600039787798 0.8559990260663507
0 0.594141924403183 0.6018178815165877 0.5428832718832891 0.6710687772511849 0.5979684310344827 0.7113363507109005 0.6677874827586207 0.6135867559241706 0.594141924403183 0.6018178815165877
0 0.8489098633952255 0.25890015639810426 0.8304386989389921 0.2959025971563981 0.8761614230769231 0.3273818862559242 0.9366224628647215 0.24670352843601898 0.8489098633952255 0.25890015639810426
0 0.24052296419098146 0.9632314668246446 0.29752869628647216 0.906961644549763 0.2835248700265252 0.867433182464455 0.23093219893899203 0.9311344810426541 0.24052296419098146 0.9632314668246446
0 0.4154059549071618 0.7469870000000001 0.3934039973474801 0.731883836492891 0.36202929708222814 0.7905620118483412 0.3819750543766578 0.8114545734597156 0.4154059549071618 0.7469870000000001
0 0.5948427360742705 0.5832499502369669 0.5519907135278515 0.5407359573459716 0.48854631830238726 0.6383952819905213 0.5319228673740053 0.6652099099526066 0.5948427360742705 0.5832499502369669
0 0.7358661366047745 0.3322625829383886 0.7042013143236074 0.33526510426540285 0.6855272851458886 0.3785188388625592 0.7245047798408488 0.3666435142180095 0.7358661366047745 0.3322625829383886
0 0.8481186604774535 0.12499172748815167 0.8783523302387267 0.08553486966824644 0.8796162798408488 0.0795940355450237 0.8525057175066313 0.09221013507109005 0.8148419151193634 0.14395668009478674 0.8481186604774535 0.12499172748815167
0 0.7849288076923077 0.18452072748815165 0.8226266100795755 0.15812781990521327 0.844255474801061 0.1318275971563981 0.8154145066312998 0.14901674881516586 0.7849288076923077 0.18452072748815165
0 0.7424515397877983 0.232537163507109 0.7767015968169761 0.2173831113744076 0.7977757055702918 0.18124510426540283 0.7735192679045092 0.18921956635071088 0.7424515397877983 0.232537163507109
0 0.6172123899204245 0.38955960900473935 0.649889575596817 0.3813109691943128 0.6882058448275862 0.33387483175355454 0.6463150702917773 0.34078047630331754 0.6172123899204245 0.38955960900473935
0 0.6310495 0.3913403625592417 0.6028147718832891 0.38943814691943124 0.5657813567639257 0.4498188625592417 0.6009399058355438 0.4489756587677725 0.6310495 0.3913403625592417
0 0.5827442148541114 0.4510991587677725 0.5578308448275863 0.4423646895734597 0.5287776114058356 0.4993649431279621 0.5484434867374005 0.5001456184834123 0.5827442148541114 0.4510991587677725
0 0.4924947135278514 0.5826298412322275 0.45935777453580906 0.574993663507109 0.4274906087533157 0.6249311303317535 0.4553244615384615 0.634921672985782 0.4924947135278514 0.5826298412322275
0 0.39552937665782495 0.7038474454976303 0.36590620424403186 0.6850600900473933 0.32022181697612734 0.745498018957346 0.3418779854111406 0.7809309218009478 0.39552937665782495 0.7038474454976303
0 0.17484251061007958 0.9739457962085308 0.17199872944297082 0.935124556872038 0.1373603647214854 0.9701395165876776 0.14230556631299734 0.9840982867298578 0.17017538328912468 0.9785714502369668 0.17484251061007958 0.9739457962085308
0 0.11851122679045094 0.9169342464454977 0.13231275066312997 0.903908836492891 0.13377589124668435 0.8761357914691943 0.11245164058355438 0.8998299123222749 0.11851122679045094 0.9169342464454977
0 0.16985004509283821 0.8353366753554502 0.13395025994694962 0.8747513601895736 0.13664234615384616 0.9033575971563981 0.16765069628647214 0.8657232582938389 0.16985004509283821 0.8353366753554502
0 0.2084718872679045 0.7904689526066351 0.17242197612732096 0.8294598838862559 0.1748392771883289 0.858672547393365 0.21349409151193635 0.8168433246445497 0.2084718872679045 0.7904689526066351
0 0.208321774535809 0.7900452322274881 0.21237036339522544 0.8193013199052133 0.25245491114058355 0.7757474383886255 0.24528300928381963 0.7478146611374408 0.208321774535809 0.7900452322274881
0 0.24403267506631302 0.7472824549763034 0.2522273620689655 0.7694751327014218 0.28871322944297084 0.727023154028436 0.28007723209549074 0.709948239336493 0.24403267506631302 0.7472824549763034
0 0.27645970557029176 0.7112017464454976 0.2902486405835544 0.7229122819905214 0.3284685570291777 0.6731567417061611 0.31336893501326263 0.6678406611374408 0.27645970557029176 0.7112017464454976
0 0.3162924615384616 0.6631837440758294 0.33206720159151193 0.6720547393364928 0.3686258275862069 0.6241781303317535 0.35140802917771885 0.620363883886256 0.3162924615384616 0.6631837440758294
0 0.35149003050397876 0.6180336824644549 0.36362743236074274 0.6250824549763032 0.391840801061008 0.5836761208530805 0.38313725331564985 0.578538317535545 0.35149003050397876 0.6180336824644549
0 0.4262503832891247 0.5303347180094787 0.4432831206896552 0.5355871161137441 0.4733564164456233 0.48910930331753555 0.45549882891246685 0.4903107061611374 0.4262503832891247 0.5303347180094787
0 0.4597950212201592 0.48367103791469196 0.47618996684350134 0.4811559075829384 0.5071300159151194 0.4455696753554503 0.48538605570291776 0.4495309857819905 0.4597950212201592 0.48367103791469196
0 0.1064058952254642 0.8766645284360189 0.10570670822281168 0.8807910616113744 0.11053936206896552 0.8944321421800947 0.13363552652519894 0.8691713412322275 0.1368518527851459 0.8501003033175355 0.1064058952254642 0.8766645284360189
0 0.14113355835543767 0.8387281232227488 0.13903117639257295 0.8618817938388625 0.17016011803713527 0.8296435995260664 0.1696245172413793 0.8111060592417062 0.14113355835543767 0.8387281232227488
0 0.17108563129973475 0.8012913767772513 0.1721216923076923 0.8286122748815166 0.20758552122015916 0.7926586398104265 0.20254058753315649 0.7679381943127962 0.17108563129973475 0.8012913767772513
0 0.2046508408488064 0.7674850781990521 0.20822010875331565 0.7860049526066352 0.24185802519893898 0.7467739502369668 0.23680134482758622 0.7262197535545024 0.2046508408488064 0.7674850781990521
0 0.23953836339522547 0.7280280189573459 0.24269591114058356 0.7482008080568721 0.2795547851458886 0.7011717109004739 0.27159556896551723 0.6883533317535544 0.23953836339522547 0.7280280189573459
0 0.27001354244031833 0.6864379810426541 0.27946757692307694 0.7018639312796209 0.3118801816976127 0.6610508744075829 0.2999220848806366 0.6533463957345972 0.27001354244031833 0.6864379810426541
0 0.30090513793103446 0.6544682180094786 0.3137932679045093 0.6636359218009478 0.3476684907161804 0.6241365260663506 0.3310171538461539 0.610914556872038 0.30090513793103446 0.6544682180094786
0 0.33530355039787796 0.6108156232227487 0.34948974933687 0.6161407464454977 0.3786911525198939 0.5765850924170616 0.360255575596817 0.5702592867298578 0.33530355039787796 0.6108156232227487
0 0.36612751591511933 0.566456710900474 0.3815391061007957 0.5733641184834123 0.40827997745358086 0.53718477014218 0.3928938965517242 0.5333460260663507 0.36612751591511933 0.566456710900474
0 0.40426491511936335 0.5286664976303318 0.4143633408488064 0.5308981137440758 0.44511461803713526 0.49196389099526067 0.42877708885941646 0.4868224099526066 0.40426491511936335 0.5286664976303318
0 0.43491452387267904 0.4856920545023697 0.45063614323607426 0.48690633649289095 0.4769895941644562 0.45057165876777255 0.4574792347480106 0.45287576066350715 0.43491452387267904 0.4856920545023697
0 0.10275523872679046 0.8724599763033175 0.11143839389920424 0.862815182464455 0.11687318700265252 0.829363009478673 0.09524955305039788 0.8512737511848342 0.10275523872679046 0.8724599763033175
0 0.1196581949602122 0.8250260473933649 0.12028256763925729 0.8539998720379147 0.14051854111405837 0.8323004976303318 0.14071071883289124 0.8022236421800949 0.1196581949602122 0.8250260473933649
0 0.14752745623342176 0.7976616563981043 0.14768693633952257 0.8206316113744075 0.17126982360742707 0.7933663601895735 0.1686016472148541 0.7706795805687204 0.14752745623342176 0.7976616563981043
0 0.17260702652519896 0.763361210900474 0.17873846816976124 0.7825449881516588 0.20268456366047746 0.7572432654028437 0.19617690318302386 0.7335520663507109 0.17260702652519896 0.763361210900474
0 0.20092204111405834 0.7259951777251185 0.2059200026525199 0.7541777322274882 0.23233633421750666 0.7189589312796208 0.2262836909814324 0.6965316777251185 0.20092204111405834 0.7259951777251185
0 0.22454358885941647 0.7016540497630331 0.2326996047745358 0.7209225687203792 0.26590154907161806 0.6851525829383887 0.251800924403183 0.6676722180094787 0.22454358885941647 0.7016540497630331
0 0.25022375198938995 0.6690487464454976 0.2645647533156498 0.6860708364928909 0.2886175901856764 0.6469956255924171 0.2730063527851459 0.6407190853080568 0.25022375198938995 0.6690487464454976
0 0.3301992771883289 0.5673197274881517 0.3560192970822281 0.5707656990521327 0.3754416564986737 0.5458314265402844 0.3591127931034483 0.5388791398104266 0.3301992771883289 0.5673197274881517
0 0.3664137970822281 0.5334850592417062 0.3806242135278515 0.5370020710900474 0.4071567015915119 0.5105560047393365 0.3836609708222812 0.5096305450236966 0.3664137970822281 0.5334850592417062
0 0.3956925676392573 0.4997777914691943 0.4105278090185676 0.50318172985782 0.43256081299734744 0.47529487203791465 0.41489464986737395 0.47579101895734593 0.3956925676392573 0.4997777914691943
0 0.4219732732095491 0.46886763981042656 0.4396807122015915 0.46724241232227487 0.4603381989389921 0.4373496611374407 0.4363178726790451 0.44710644549763034 0.4219732732095491 0.46886763981042656
0 0.5526591578249337 0.36202297156398106 0.5815257811671087 0.3590553080568721 0.6095889668435014 0.3172251990521327 0.5620197453580902 0.34206821563981044 0.5526591578249337 0.36202297156398106
0 0.37900445888594164 0.6309540639810426 0.3705431273209549 0.6286516966824645 0.3537755848806366 0.6622397867298578 0.36923479840848805 0.6681216587677725 0.37900445888594164 0.6309540639810426
0 0.4671075225464191 0.5099418246445497 0.45665052917771887 0.5170197109004739 0.4391907188328913 0.5537560971563981 0.45490626657824934 0.5599506492890995 0.4671075225464191 0.5099418246445497
0 0.12615569363395226 0.9242473080568719 0.13083105570291775 0.9517093033175356 0.13197059151193632 0.9549258625592417 0.16913177851458885 0.9173482109004739 0.16512922148541115 0.8846564952606635 0.12615569363395226 0.9242473080568719
0 0.17603805570291778 0.8722408957345972 0.20996012201591513 0.8390811303317536 0.2033417122015915 0.8231421587677725 0.1716520026525199 0.8568698436018957 0.17603805570291778 0.8722408957345972