1 0.5998726404011461 0.701327762755102 0.5003908065902579 0.8039061326530613 0.5133742335243553 0.8213849336734693 0.5917628295128939 0.9000690714285714 0.684277659025788 0.8406827729591836 0.7158300401146132 0.8140387168367348 0.5998726404011461 0.701327762755102
1 0.8528226604584527 0.7196484387755102 0.819278435530086 0.6336259642857143 0.7005504555873926 0.5323733418367347 0.6448775386819484 0.5713372448979592 0.6291288409742121 0.6936398979591837 0.7422896404011461 0.8034442372448979 0.7821760558739255 0.7778407040816328 0.8528226604584527 0.7196484387755102
1 0.8926932507163323 0.6832185076530612 0.964599246418338 0.584440375 0.9003987020057307 0.5406831862244899 0.8385721346704871 0.4932509642857143 0.7524903911174785 0.559263275510204 0.8926932507163323 0.6832185076530612
1 1 0.4059620357142857 0.9641195673352436 0.40298072704081633 0.896371340974212 0.4658288826530612 0.896110863896848 0.5195702627551021 1 0.5582017576530612 1 0.4059620357142857
1 0.14251998853868195 0.7625891454081634 0.07834979512893982 0.7951762857142858 0.09516918051575932 0.9341400612244898 0.16284117908309456 0.8861394821428571 0.14251998853868195 0.7625891454081634
1 0.23479537249283666 0.6904499234693877 0.1803487206303725 0.7393819923469388 0.20804118194842408 0.842849918367347 0.27714894269340973 0.794479612244898 0.23479537249283666 0.6904499234693877
1 0.3045057621776504 0.7701645994897959 0.37342126934097425 0.7208502372448979 0.3236195358166189 0.6194506301020408 0.27744256017191976 0.6437144030612245 0.2651982163323782 0.7064271198979591 0.3045057621776504 0.7701645994897959
0 0.3929230515759312 0.6398040994897959 0.35924941833810886 0.6712531836734694 0.4129483653295129 0.716681043367347 0.47848970630372495 0.6607808316326531 0.47199768767908307 0.6417470841836734 0.43712275644699145 0.611431818877551 0.3929230515759312 0.6398040994897959
1 0.5898725988538681 0.4151977729591837 0.561249888252149 0.44862869897959184 0.5518092750716332 0.5306905076530612 0.6097125902578796 0.5659456198979592 0.6771205329512894 0.49793807653061223 0.6447463452722063 0.4348267244897959 0.5898725988538681 0.4151977729591837
1 0.628772676217765 0.43755151275510207 0.6951418667621777 0.48314338265306117 0.7467111561604585 0.4285295229591837 0.7101064570200574 0.3788891836734694 0.6695834656160459 0.35435061734693873 0.6371691103151862 0.3837620841836735 0.628772676217765 0.43755151275510207
1 0.7398102664756447 0.2856906607142857 0.7107142249283668 0.30167682653061223 0.7002077908309456 0.3191846530612245 0.6995578323782234 0.36534729336734695 0.7397025673352436 0.4176142525510204 0.7483668209169054 0.40667075765306127 0.7614643280802292 0.41979058163265304 0.8057216389684814 0.3757776887755102 0.8090166031518624 0.33006628826530615 0.7643008581661891 0.28611532142857143 0.7398102664756447 0.2856906607142857
1 0.9238685386819484 0.1998324974489796 0.8811972263610315 0.2083873392857143 0.8488257134670488 0.24800332397959185 0.8514167865329513 0.2786309719387755 0.8640365300859598 0.2974392933673469 0.8944625472779371 0.28867212244897955 0.9143821303724929 0.2974127806122449 0.9635010716332377 0.2658827831632653 0.9699142607449857 0.2510024591836735 0.9609444369627508 0.2271603086734694 0.9238685386819484 0.1998324974489796
1 0.17797683954154728 0.6813195790816327 0.17916906017191978 0.720917887755102 0.18960661604584528 0.7195997193877551 0.19137991690544412 0.7292250484693877 0.21866821776504297 0.7117083852040816 0.22375143123209168 0.6896090612244898 0.21212165616045844 0.651328918367347 0.1889610386819484 0.6581232551020407 0.17797683954154728 0.6813195790816327
1 0.328062494269341 0.5849779285714286 0.33737232521489974 0.6355108979591837 0.3577007951289398 0.6547527142857144 0.374073776504298 0.6442427168367347 0.4139577492836676 0.603868762755102 0.3884712034383954 0.5650372602040816 0.3640839283667622 0.540328112244898 0.3395244570200573 0.5560931096938775 0.328062494269341 0.5849779285714286
1 0.5575553510028654 0.48071842857142855 0.5645496203438395 0.43586512244897957 0.5420045257879657 0.40459164285714283 0.5052341977077365 0.41204948214285714 0.4920333724928367 0.42321414795918366 0.4892356633237822 0.4411554693877551 0.49758996704871056 0.503065431122449 0.5007276833810889 0.5118149285714285 0.5179873151862464 0.5061175918367348 0.5269915759312321 0.5218649132653062 0.5324492378223495 0.5183615816326531 0.5379757750716332 0.49866859183673473 0.5575553510028654 0.48071842857142855
1 0.5575941719197708 0.3649844948979592 0.5397534598853868 0.4006548112244898 0.5541465042979943 0.42908846173469384 0.5699728424068768 0.4404566173469388 0.5999899727793696 0.4211882857142857 0.6249238911174785 0.42401927806122447 0.6368980573065902 0.38135113520408165 0.6329081289398281 0.35969414540816325 0.6134663108882521 0.34526499489795914 0.5575941719197708 0.3649844948979592
1 0.6908979598853868 0.26865168367346937 0.6943412449856734 0.31218682653061225 0.7293727106017192 0.28700883163265306 0.76249311747851 0.28458482397959184 0.791145835243553 0.26619232908163265 0.7717040157593124 0.25176317346938776 0.7618131017191977 0.2312031887755102 0.7146052191977077 0.239979193877551 0.6908979598853868 0.26865168367346937
1 0.9471669140401147 0.16065884948979592 0.9966227306590257 0.14752091836734693 0.9838038667621777 0.0779412193877551 0.9551511504297995 0.0963337168367347 0.9369015515759311 0.12150287244897959 0.9471669140401147 0.16065884948979592
1 0.8218473638968481 0.19266652806122447 0.7664185501432664 0.21479236224489795 0.7686007392550143 0.2349188494897959 0.8034600085959884 0.250215 0.8105532134670488 0.2887163112244898 0.8177841747851002 0.2948383035714286 0.8305761146131805 0.2731724795918367 0.848756835243553 0.26419298214285714 0.8561599928366763 0.22984083163265306 0.8516922979942694 0.2138723418367347 0.8218473638968481 0.19266652806122447
1 0.6549153481375358 0.19756756377551019 0.6349268853868195 0.20501656632653062 0.6121751561604584 0.2223120637755102 0.6034764627507163 0.24135038520408164 0.6154462464183381 0.3063213494897959 0.6557976160458453 0.3100193367346939 0.6862925114613181 0.28506251020408163 0.6852036088825214 0.2211797117346939 0.6798492664756447 0.200398556122449 0.6698205959885387 0.21221788520408166 0.6549153481375358 0.19756756377551019
1 0.4178471389684814 0.37665335714285714 0.4082617951289398 0.3908790153061224 0.39373099426934094 0.3948246862244898 0.3836678853868195 0.4147388443877551 0.39249995272206306 0.47096031122448984 0.4228226532951289 0.4864776275510204 0.4623906891117478 0.4610784642857143 0.44595321346704875 0.38013901275510203 0.43466344555873926 0.3685496913265306 0.4178471389684814 0.37665335714285714
1 0.27966239111747854 0.554155625 0.29368098853868196 0.5639932806122449 0.33324902435530085 0.5385941198979591 0.31807264613180514 0.4810633214285714 0.30630511461318055 0.4751624948979592 0.28583888968481375 0.4882999923469388 0.2721258595988539 0.5132479821428572 0.27966239111747854 0.554155625
1 0.1442797335243553 0.6060774591836735 0.1563183954154728 0.6548587653061224 0.19817193553008597 0.6253016020408163 0.19329535816618912 0.5988319515306122 0.17753789684813753 0.5712741403061224 0.157106111747851 0.576316806122449 0.14663411604584525 0.5857298035714286 0.1442797335243553 0.6060774591836735
1 0.08826983954154727 0.6581762780612246 0.09624969484240688 0.7014902525510204 0.1367388194842407 0.6728089260204082 0.13189668194842408 0.638244443877551 0.12156244269340974 0.6152781275510204 0.09976624068767909 0.6211966301020408 0.09202307593123209 0.6288579617346939 0.08826983954154727 0.6581762780612246
1 0.06695140257879656 0.6584062857142857 0.058356025787965615 0.6531601224489796 0.02925998424068768 0.6691462882653061 0.02838815329512894 0.6726958239795918 0.04130616045845272 0.7428136581632653 0.07438461604584527 0.7235984107142857 0.06695140257879656 0.6584062857142857
1 0.3243825186246418 0.4904674821428571 0.35989174785100286 0.4596009923469388 0.35600513753581664 0.41365951785714283 0.323362494269341 0.4103950255102041 0.30378291977077365 0.4283451887755102 0.3139794011461318 0.48369082397959184 0.3243825186246418 0.4904674821428571
1 0.442785441260745 0.27184524234693874 0.4465687335243553 0.34207120408163266 0.45011533524355296 0.36132185714285714 0.4595973638968482 0.37138068367346944 0.4850090458452722 0.3685231760204082 0.5254981719197708 0.33984184948979596 0.5219860071633238 0.31249636734693875 0.49681539971346705 0.2586900714285714 0.4673449111747851 0.25608024489795916 0.442785441260745 0.27184524234693874
1 0.3424999398280802 0.8878953979591837 0.3752622492836676 0.9461254617346939 0.5467871977077364 0.9194047244897959 0.4618694255014327 0.7882233418367346 0.3424999398280802 0.8878953979591837
0 0.5212805616045846 0.5334405867346939 0.45757146418338107 0.5850917142857143 0.5089521848137536 0.6499224489795918 0.5962398681948424 0.5759767346938776 0.5212805616045846 0.5334405867346939
0 0.828851776504298 0.29605829846938775 0.8040993997134671 0.3273120969387755 0.8470369326647564 0.37908394642857146 0.9220339097421203 0.3192145255102041 0.828851776504298 0.29605829846938775
0 0.09020985386819484 0.7857054056122449 0.15797165616045847 0.7500305484693878 0.149272946991404 0.7028147015306122 0.0850009670487106 0.7480960357142857 0.09020985386819484 0.7857054056122449
0 0.3045881160458453 0.6304937831632653 0.2839197320916905 0.6056279668367347 0.24249757593123208 0.6543360510204081 0.2601617263610315 0.6844336071428572 0.3045881160458453 0.6304937831632653
0 0.4946024054441261 0.5417656556122449 0.45404548137535816 0.5022889693877551 0.41577868338108886 0.5333198622448979 0.4507617077363897 0.5747963392857143 0.4946024054441261 0.5417656556122449
0 0.700172176217765 0.32669759948979593 0.6667414484240688 0.3168685153061224 0.6408465401146132 0.35459839540816324 0.6832161934097422 0.3581150841836735 0.700172176217765 0.32669759948979593
0 0.8479750644699141 0.15522920918367347 0.8853454025787966 0.12622157142857143 0.8875469541547278 0.12050619132653062 0.8574280687679082 0.12263105612244897 0.8104874684813753 0.16148813520408162 0.8479750644699141 0.15522920918367347
0 0.7732861131805157 0.19178889795918366 0.8164853696275072 0.17954831887755102 0.8429327077363897 0.1608182806122449 0.8103301404011461 0.16703217346938776 0.7732861131805157 0.19178889795918366
0 0.7218872464183381 0.224759068877551 0.7598210028653295 0.2228977270408163 0.787155952722063 0.1936178979591837 0.760701482808023 0.19204239795918368 0.7218872464183381 0.224759068877551
0 0.5680420888252149 0.3381805484693878 0.6033088180515759 0.3429200612244898 0.6502869656160458 0.30885316581632655 0.6056230128939828 0.2989278290816327 0.5680420888252149 0.3381805484693878
0 0.582190159025788 0.3457208979591837 0.5530629914040114 0.3321514770408164 0.5054928567335244 0.380326443877551 0.5422411461318052 0.39385330102040816 0.582190159025788 0.3457208979591837
0 0.5229713954154728 0.3886229336734694 0.4983216532951289 0.3692461352040816 0.4595675902578797 0.4171452219387755 0.47993613323782236 0.42602545663265307 0.5229713954154728 0.3886229336734694
0 0.40937032234957016 0.4896392882653061 0.3759909455587393 0.46804401785714284 0.33535786389684813 0.5073789617346939 0.36286259885386823 0.5292708214285714 0.40937032234957016 0.4896392882653061
0 0.29031001289398284 0.5770816989795918 0.2622518452722063 0.5452262448979592 0.20566195558739253 0.5899151862244898 0.22294176647564468 0.6359704464285714 0.29031001289398284 0.5770816989795918
0 0.02531338395415473 0.6560062346938775 0.02882805300859599 0.6535233647959183 0.03564547564469914 0.622541456632653 0.020828869627507164 0.6316646785714285 0.02531338395415473 0.6560062346938775
0 0.08255931948424068 0.5912947551020408 0.039199938395415475 0.6174294158163265 0.0373662893982808 0.6490719591836734 0.08386185386819484 0.6210269489795919 0.08255931948424068 0.5912947551020408
0 0.08246607306590258 0.5907886301020409 0.08232517908309456 0.6231454081632652 0.13056692836676217 0.5938768316326531 0.12725731805157595 0.5616282984693877 0.08246607306590258 0.5907886301020409
0 0.12603419627507162 0.5605573596938775 0.13126424498567335 0.5872022806122449 0.17559330659025787 0.5576147806122449 0.1691412106017192 0.5361588316326531 0.12603419627507162 0.5605573596938775
0 0.16518631088825214 0.5359912499999999 0.17780502722063038 0.5539307755102041 0.22502831375358165 0.5173907321428571 0.21009178796561606 0.5056233979591837 0.16518631088825214 0.5359912499999999
0 0.21383077077363896 0.501935443877551 0.2289409799426934 0.5177095382653061 0.27415389971346704 0.4824600153061224 0.25678726934097423 0.47140024744897957 0.21383077077363896 0.501935443877551
0 0.25721980085959883 0.46898887499999997 0.2688126418338109 0.48136003061224486 0.3043689441260745 0.449478762755102 0.2960682936962751 0.44052025510204085 0.25721980085959883 0.46898887499999997
0 0.34815738252149 0.40761434693877546 0.36511701146131803 0.42010725 0.40336616189111746 0.3836670714285714 0.3845859498567335 0.3776077755102041 0.34815738252149 0.40761434693877546
0 0.3900501203438395 0.372402056122449 0.4075024742120344 0.37648336989795916 0.44503202578796563 0.3518265790816327 0.4217924756446992 0.34707010459183674 0.3900501203438395 0.372402056122449
0 0.019840760744985673 0.6263013112244897 0.03681652005730659 0.6166950382653061 0.03902002865329513 0.5970247908163265 0.01789036246418338 0.6078448341836734 0.018166032951289397 0.6172110306122449 0.019840760744985673 0.6263013112244897
0 0.04200401575931232 0.5873255510204082 0.0390134111747851 0.6164169668367346 0.08130985816618912 0.5932289795918367 0.07973727363896847 0.5652228698979592 0.04200401575931232 0.5873255510204082
0 0.08200290257879655 0.5656124336734694 0.08296202865329513 0.5865076530612245 0.12384473209169054 0.5591324107142857 0.12163929369627507 0.5354929642857142 0.08200290257879655 0.5656124336734694
0 0.12422092693409743 0.5385122142857143 0.12450496275071633 0.5609730076530612 0.16990438825214899 0.5267358137755102 0.16352318767908308 0.5100234948979592 0.12422092693409743 0.5385122142857143
0 0.16216059598853869 0.5073653163265306 0.1697104340974212 0.5274263877551021 0.20955246704871058 0.49788890306122446 0.19824407449856735 0.4849032372448979 0.16216059598853869 0.5073653163265306
0 0.19910095415472778 0.4864832806122449 0.2111601446991404 0.5013854719387755 0.2523300186246418 0.47382588775510204 0.23695484383954157 0.4531271658163265 0.19910095415472778 0.4864832806122449
0 0.24143448137535817 0.4547803647959183 0.2554181977077364 0.4661827729591837 0.2917279985673353 0.4366483469387755 0.2734670071633238 0.42245413265306125 0.24143448137535817 0.4547803647959183
0 0.2801499212034384 0.4208711683673469 0.2951743567335244 0.43443608928571426 0.32841821489971346 0.4074357091836735 0.31296323065902576 0.39710106632653064 0.2801499212034384 0.4208711683673469
0 0.3255048610315186 0.39685203826530613 0.33569139255014324 0.40333295918367346 0.37352303868194847 0.37508587499999996 0.3572710458452722 0.36299432142857146 0.3255048610315186 0.39685203826530613
0 0.36383244842406876 0.36432403571428573 0.38002789111747853 0.37204247704081633 0.4128913323782235 0.34472030612244897 0.3922252621776504 0.3391405535714286 0.36383244842406876 0.36432403571428573
0 0.043376414040114615 0.5790856505102041 0.0439766217765043 0.5541876224489796 0.01800548424068768 0.5738604642857144 0.01709011318051576 0.5806554923469388 0.017546936962750715 0.5961765612244898 0.043376414040114615 0.5790856505102041
0 0.04923896991404011 0.5481505637755102 0.052768068767908315 0.5707926352040816 0.08148039684813754 0.554060125 0.07823085243553009 0.5265343826530612 0.04923896991404011 0.5481505637755102
0 0.08429929369627508 0.5205502857142857 0.085307223495702 0.5521697984693877 0.11806993839541548 0.52604425 0.11510607879656161 0.5000312321428572 0.08429929369627508 0.5205502857142857
0 0.1125304670487106 0.5046926581632653 0.11815582808022923 0.5282535229591837 0.1580688424068768 0.5043310790816327 0.14598494555873925 0.4802097423469388 0.1125304670487106 0.5046926581632653
0 0.14413704011461317 0.4810075918367347 0.1565395888252149 0.5047466122448979 0.18741484957020058 0.4736058801020408 0.17208847421203438 0.4606210663265306 0.14413704011461317 0.4810075918367347
0 0.24259693696275073 0.4070495994897959 0.26897887679083093 0.42124902551020404 0.29292434670487105 0.4030477704081633 0.27695112320916904 0.389059762755102 0.24259693696275073 0.4070495994897959
0 0.28535968911174786 0.3863926734693877 0.2996379756446992 0.39590782908163263 0.3312148696275072 0.37903477295918364 0.30687854727793695 0.36843275255102037 0.28535968911174786 0.3863926734693877
0 0.32087888252148994 0.3630264413265306 0.3358248581661891 0.3726790663265306 0.3629295171919771 0.35244989540816324 0.34445376217765045 0.345729068877551 0.32087888252148994 0.3630264413265306
0 0.35285849426934096 0.3413661913265306 0.37154543696275066 0.3469192397959184 0.39751610171919766 0.3240215357142857 0.37104207449856735 0.3244129362244898 0.35285849426934096 0.3413661913265306
0 0.504902564469914 0.2828268852040816 0.5354133753581661 0.29154555102040813 0.5708763681948423 0.2591580714285714 0.5176254871060172 0.2657260918367347 0.504902564469914 0.2828268852040816
0 0.28395537106017193 0.4938239642857143 0.2754846461318052 0.48793985714285715 0.25301544842406876 0.5163094336734694 0.26824225787965617 0.5288178265306123 0.28395537106017193 0.4938239642857143
0 0.39375375787965616 0.40296436479591835 0.3818069512893983 0.40610455357142855 0.35814767621776505 0.43749375255102035 0.3735949169054441 0.45043529591836734 0.39375375787965616 0.40296436479591835
0 0.036593805157593126 0.6638000663265307 0.07686810028653294 0.6429116045918367 0.07234839684813754 0.6234745714285714 0.0343148223495702 0.6458739770408164 0.036593805157593126 0.6638000663265307