1 0.5782369084880636 0.9207216398104265 0.6208928116710876 0.9359627298578199 0.7234026710875331 0.800839720379147 0.6384619416445624 0.7726146943127963 0.5640062427055703 0.9119912867298579 0.5782369084880636 0.9207216398104265
1 0.7042872851458886 0.5747473791469194 0.6599230596816976 0.6366622109004739 0.6636452864721486 0.7512313246445497 0.7414912334217506 0.776996345971564 0.8491050318302387 0.6351455971563982 0.8258543885941645 0.6034883530805687 0.7042872851458886 0.5747473791469194
1 0.885208124668435 0.4817278483412322 0.8226772506631299 0.471378644549763 0.7549242108753316 0.5721406658767773 0.8733685649867374 0.6031627061611374 0.9355852029177719 0.5211520639810426 0.9493363249336869 0.4876807725118483 0.885208124668435 0.4817278483412322
1 0.9876204575596818 0.31255427014218007 0.9669875915119364 0.3086450213270142 0.9223711710875331 0.32965920853080566 0.8706411538461538 0.4184633578199052 0.8782652281167109 0.4654652369668247 0.981512025198939 0.44625775829383885 0.9876204575596818 0.31255427014218007
1 0.9326680265251989 0.3077873838862559 0.988123946949602 0.3015337298578199 0.9916100145888594 0.2252294857819905 0.9844969098143236 0.2074465355450237 0.9326680265251989 0.3077873838862559
1 0.3497868037135279 1 0.3085898527851459 0.9462925545023697 0.2765127931034483 1 0.3497868037135279 1
1 0.38293042838196284 0.9808418601895734 0.4376890477453581 0.9032557322274882 0.3780796896551724 0.8398051611374407 0.340104799734748 0.8841348317535545 0.33826467904509283 0.9449736682464455 0.38293042838196284 0.9808418601895734
0 0.4433743448275862 0.8227860023696683 0.41769326657824934 0.8671093056872038 0.47262260610079576 0.8797881421800948 0.523384127320955 0.7981509573459715 0.5147632360742705 0.7848075924170617 0.4789704854111406 0.7758650758293838 0.4433743448275862 0.8227860023696683
1 0.5876306220159151 0.528080144549763 0.5667811816976127 0.5715978009478673 0.5702915145888594 0.6479055071090049 0.6275139668435014 0.6496026587677725 0.6781835689655172 0.5564694146919431 0.6398439270557029 0.5176687322274882 0.5876306220159151 0.528080144549763
1 0.6258786578249337 0.5280594360189573 0.6922252055702918 0.5345244502369668 0.73061099867374 0.46101917772511847 0.690437025198939 0.4360899170616114 0.6504101710875332 0.43501934123222746 0.6255634999999999 0.476933710900474 0.6258786578249337 0.5280594360189573
1 0.7035191233421751 0.3399028222748815 0.6796932108753316 0.368443298578199 0.6728057811671088 0.38898420616113744 0.6789714310344828 0.42957160663507105 0.7227127201591512 0.45501561374407584 0.7289035079575598 0.4411241184834123 0.7425993687002653 0.44599550000000004 0.7759602705570291 0.3854045260663507 0.7722390185676393 0.3438836350710901 0.7256034283819629 0.3279858720379147 0.7035191233421751 0.3399028222748815
1 0.8564717877984085 0.1726756066350711 0.819352198938992 0.2015456943127962 0.7960362015915119 0.2523385616113744 0.8028446326259946 0.27775085308056874 0.8169426777188329 0.2878232274881517 0.8430201127320954 0.2649116184834123 0.8622101180371353 0.26254091469194313 0.9017679549071618 0.21039788862559242 0.9053588992042441 0.1942022345971564 0.8938068315649867 0.17790831516587677 0.8564717877984085 0.1726756066350711
1 0.2766561578249337 1 0.29719664323607425 0.9729246303317535 0.2985360649867374 0.9511001113744075 0.28248095358090186 0.9235484668246446 0.26264817108753313 0.9410942796208531 0.256162925729443 0.9668361824644549 0.25406334350132626 0.9960231492890995 0.25477422281167106 1 0.2766561578249337 1
1 0.3770340968169761 0.8075102748815166 0.39279475066312997 0.8469123222748814 0.4138879562334218 0.8534951872037914 0.4270739018567639 0.8361141800947868 0.45703435411140586 0.7808911232227488 0.4284384588859416 0.7598107606635072 0.40289607559681695 0.7504958672985782 0.3831171551724138 0.7765673791469194 0.3770340968169761 0.8075102748815166
1 0.5681513129973476 0.6014388578199052 0.5678819920424403 0.5588103601895734 0.54303625066313 0.5428460545023697 0.5110624854111406 0.5677987606635071 0.5008247042440318 0.5841592227488152 0.5009324323607427 0.6012106184834123 0.5174974575596817 0.6510146563981043 0.5215983169761272 0.6570713909952607 0.536285277188329 0.6434429597156399 0.546684651193634 0.6526595947867299 0.5510799668435014 0.6468659265402843 0.5531698952254642 0.626917691943128 0.5681513129973476 0.6014388578199052
1 0.5489628965517241 0.5369988364928909 0.5579650119363395 0.5591907606635071 0.5980327639257295 0.5293001303317536 0.6208675769230769 0.5192594668246445 0.6253957559681698 0.476038298578199 0.6186411909814324 0.45915170616113743 0.599049 0.45632141706161133 0.5516916312997348 0.5015519620853081 0.5489628965517241 0.5369988364928909
1 0.657045125994695 0.3495821563981043 0.6665072639257295 0.38582430805687207 0.6943263063660476 0.3462891682464455 0.7237540928381964 0.32755800236966826 0.74682949734748 0.2971412393364929 0.7272373063660478 0.29431094786729856 0.7153369177718834 0.28134173696682463 0.6741703381962865 0.31268078909952607 0.657045125994695 0.3495821563981043
1 0.8919385225464191 0.037092689573459715 0.8694674111405836 0.06671290521327014 0.8567375159151194 0.09782060663507108 0.871693798408488 0.1268206682464455 0.9317645676392573 0.0756142962085308 0.9167691326259947 0.038125310426540285 0.8919385225464191 0.037092689573459715
1 0.7636853872679046 0.21761137440758294 0.7170785251989389 0.2647182109004739 0.7219837559681698 0.28117693127962085 0.7555662639257295 0.27702820142180096 0.7675743806366048 0.3070488104265403 0.7749717254641909 0.3087602914691943 0.7833063050397877 0.2834462606635071 0.7983415875331565 0.2664931232227488 0.7999754668435014 0.2328181990521327 0.7936230862068965 0.2211326018957346 0.7636853872679046 0.21761137440758294
1 0.6142949376657825 0.30563833649289096 0.5974103196286472 0.32216360426540286 0.5794807360742705 0.3486629881516588 0.5744426419098143 0.3696317654028436 0.5947063408488064 0.42029154265402846 0.6315314708222812 0.40327186018957345 0.6553035185676392 0.36620568483412325 0.6449831445623342 0.31103585071090045 0.63712974933687 0.29559767535545023 0.6298401339522546 0.31093759004739335 0.6142949376657825 0.30563833649289096
1 0.4273073090185676 0.5807710853080569 0.4207681989389921 0.597987289099526 0.4082788965517241 0.6087188862559242 0.4021419734748011 0.6311360829383886 0.4183048129973475 0.675739125592417 0.4404592466843501 0.6666104905213269 0.47621426392572946 0.6164660379146919 0.45309028514588856 0.5697098791469194 0.44124376259946946 0.5652663672985782 0.4273073090185676 0.5807710853080569
1 0.32900522148541117 0.8049113341232227 0.3430494045092838 0.8064580118483413 0.37491543899204244 0.7644539075829384 0.3528562705570292 0.7218919597156398 0.34141193103448275 0.7226494407582937 0.32492950000000004 0.744375701421801 0.31624659681697614 0.7730144360189574 0.32900522148541117 0.8049113341232227
1 0.21485988859416447 0.9181192369668247 0.23281820026525202 0.9546244526066351 0.26613138594164454 0.9078472251184835 0.2578758050397878 0.8872080568720379 0.23967690185676394 0.8710789454976304 0.22204177586206897 0.8857279241706161 0.2140016525198939 0.8991915521327015 0.21485988859416447 0.9181192369668247
1 0.20369655039787798 1 0.21783678116710875 0.980103289099526 0.20842850795755966 0.9523868388625593 0.19577761273209549 0.9375413388625593 0.17704365782493367 0.9536387345971564 0.17120119230769232 0.9642055260663507 0.17211329310344828 0.9916589099526066 0.17544969363395227 1 0.20369655039787798 1
1 0.35990529310344826 0.7269281492890995 0.3873221485411141 0.6821920142180095 0.37710950397877985 0.6440735781990522 0.3472795331564987 0.6576037488151659 0.33229811538461534 0.6830825853080569 0.34955978381962866 0.726237210900474 0.35990529310344826 0.7269281492890995
1 0.43440660344827586 0.47684947630331753 0.4480773275862069 0.536199760663507 0.45408138594164454 0.5512100639810427 0.46407857427055704 0.5552257061611374 0.486511200265252 0.5399840497630332 0.5187255583554377 0.4946552417061611 0.5115688063660477 0.4725676587677725 0.48106732891246684 0.4382683388625593 0.4541855212201591 0.45077796445497625 0.43440660344827586 0.47684947630331753
1 0.5723115119363396 1 0.5956770397877984 0.9692008127962085 0.5270741883289124 0.9176401445497631 0.47503747082228115 1 0.5723115119363396 1
0 0.5432418872679045 0.6656207630331753 0.4935066220159151 0.7426327938388625 0.5491885623342174 0.7733971729857819 0.6168659403183023 0.6651108981042655 0.5432418872679045 0.6656207630331753
0 0.7851022281167109 0.3042715331753555 0.7674146843501326 0.3439485758293839 0.8135948899204244 0.3675595710900474 0.8722786286472148 0.27771654976303317 0.7851022281167109 0.3042715331753555
0 0.3625812055702918 0.8589849478672986 0.3403599787798408 0.8476675853080569 0.3102350318302387 0.9109310853080569 0.33051982360742704 0.9283186516587678 0.3625812055702918 0.8589849478672986
0 0.520469925729443 0.6862664289099525 0.47822824137931036 0.6721844194312797 0.43335740185676397 0.7394180971563982 0.4771085623342175 0.7587990924170616 0.520469925729443 0.6862664289099525
0 0.6738723315649867 0.39555458293838863 0.6423737997347481 0.40375476066350713 0.6246058435013263 0.4496532203791469 0.663219324933687 0.4314628104265403 0.6738723315649867 0.39555458293838863
0 0.7817054549071619 0.1718512796208531 0.8110676485411141 0.12780262322274882 0.8122115795755968 0.12171332938388625 0.7854390570291777 0.13867768246445497 0.7489114058355438 0.19611820142180095 0.7817054549071619 0.1718512796208531
0 0.7198902480106101 0.24120989573459717 0.7569456193633952 0.20886036966824645 0.7779885702917771 0.1792556848341232 0.7495806061007957 0.20103243838862558 0.7198902480106101 0.24120989573459717
0 0.6784928633952254 0.2957528625592417 0.7123311405835543 0.27509749763033176 0.732629602122016 0.23584636255924168 0.7086110782493368 0.24774489810426542 0.6784928633952254 0.2957528625592417
0 0.5567385928381963 0.47186135308056876 0.5891438554376658 0.45830109478672987 0.6264057095490716 0.4050195521327014 0.5847920689655173 0.4187716682464455 0.5567385928381963 0.47186135308056876
0 0.5705632758620689 0.47133944549763035 0.5423876273209549 0.4741182772511848 0.5066563938992042 0.540001355450237 0.5416788143236074 0.5333617630331754 0.5705632758620689 0.47133944549763035
0 0.5235864363395225 0.5384679786729858 0.49858775994694965 0.5339354383886256 0.4707436923076923 0.5951547393364929 0.49035781697612735 0.592680518957346 0.5235864363395225 0.5384679786729858
0 0.4362061564986738 0.6835660876777252 0.403033301061008 0.6814784786729857 0.3722473143236074 0.7361711943127962 0.4001809973474801 0.7414648791469195 0.4362061564986738 0.6835660876777252
0 0.3419320305039788 0.8195645071090047 0.312043774535809 0.8058586184834123 0.26769213660477453 0.873226672985782 0.2899647347480106 0.9047247677725119 0.3419320305039788 0.8195645071090047
0 0.13231404907161803 1 0.16271744694960213 0.9614702298578198 0.1571986220159151 0.9361924407582939 0.12203091511936338 0.9807401943127962 0.1240422175066313 1 0.13231404907161803 1
0 0.15704076657824934 0.9357977985781991 0.16164542175066313 0.9640888436018957 0.2007451525198939 0.9143582440758293 0.19305359549071618 0.8878927819905214 0.15704076657824934 0.9357977985781991
0 0.19179715119363394 0.8875724075829384 0.20039620689655172 0.9081870995260664 0.23593097347480105 0.8601414028436019 0.22699179442970824 0.8446654549763033 0.19179715119363394 0.8875724075829384
0 0.22341100000000003 0.8465035355450237 0.23738108355437665 0.8558186966824645 0.2745017374005305 0.8002571777251185 0.2593499774535809 0.7974880497630332 0.22341100000000003 0.8465035355450237
0 0.26217284350132625 0.7923956492890996 0.27806666578249334 0.7985721824644549 0.31356827984084884 0.7451448388625592 0.29633481034482756 0.7442120473933649 0.26217284350132625 0.7923956492890996
0 0.2963711445623342 0.7418919289099526 0.30860451856763926 0.7468652677725118 0.33591531830238724 0.7012204691943128 0.32714133023872677 0.6975717701421801 0.2963711445623342 0.7418919289099526
0 0.36916876392572945 0.6427385545023697 0.38624581697612737 0.6451254739336493 0.41531143103448276 0.5941535213270143 0.3975380411140583 0.598291163507109 0.36916876392572945 0.6427385545023697
0 0.4016902798408488 0.5910094739336493 0.41798041644562334 0.5858129146919432 0.44812197745358084 0.545479018957346 0.4265292055702918 0.5529902559241706 0.4016902798408488 0.5910094739336493
0 0.10443597480106101 1 0.11978033554376659 0.9812954976303317 0.11888548408488064 0.9630343199052133 0.09102955172413792 0.9950804265402844 0.09068188063660478 1 0.10443597480106101 1
0 0.1201504549071618 0.9530778957345971 0.12171514456233422 0.9799507606635071 0.156357925729443 0.9385062748815166 0.1508486644562334 0.9148693957345971 0.1201504549071618 0.9530778957345971
0 0.1529429071618037 0.9140724549763034 0.15686075198938992 0.9318152654028437 0.18961999999999998 0.8874281090047393 0.18418018435013261 0.8679171848341233 0.1529429071618037 0.9140724549763034
0 0.18694310477453582 0.8692552156398103 0.1904828275862069 0.8887021611374407 0.22630017639257297 0.836064163507109 0.21811838328912467 0.8246898601895735 0.18694310477453582 0.8692552156398103
0 0.2165044350132626 0.8230551303317536 0.22622674933687004 0.8367637630331753 0.25773404376657827 0.7910129028436018 0.24566659283819628 0.7853609004739337 0.2165044350132626 0.8230551303317536
0 0.246668149867374 0.7863090426540283 0.2596909668435013 0.7932558791469194 0.2926814893899204 0.7485638720379147 0.27582930503978775 0.7382252014218009 0.246668149867374 0.7863090426540283
0 0.2800991803713528 0.7374195521327015 0.29434080371352783 0.7403484454976303 0.32267232095490717 0.6963724336492891 0.3041762984084881 0.693154606635071 0.2800991803713528 0.7374195521327015
0 0.30995417904509287 0.6884210829383886 0.3254478395225464 0.692713893364929 0.3513929668435013 0.6524862085308056 0.3359845 0.6512267369668246 0.30995417904509287 0.6884210829383886
0 0.34722565649867376 0.644717210900474 0.35733316710875335 0.6452588744075829 0.3872213872679045 0.6016420995260664 0.3708393368700265 0.5992501872037914 0.34722565649867376 0.644717210900474
0 0.37693385809018565 0.5971179549763034 0.39262560212201586 0.595724172985782 0.4181816021220159 0.5554066990521327 0.39878254774535815 0.560908748815166 0.37693385809018565 0.5971179549763034
0 0.08139747612732096 1 0.09029142970822282 0.9888195047393366 0.08989711671087533 0.9590158317535545 0.06936041511936339 0.9850629976303318 0.06998064190981432 1 0.08139747612732096 1
0 0.0966017877984085 0.9533746042654028 0.0972081326259947 0.9760853625592417 0.12017965649867374 0.9452028104265403 0.11707867108753314 0.9231865616113744 0.0966017877984085 0.9533746042654028
0 0.12092786737400531 0.9152810663507108 0.1274120928381963 0.9332580165876777 0.1507838328912467 0.9042591184834123 0.1438368726790451 0.8818825616113745 0.12092786737400531 0.9152810663507108
0 0.14841866312997348 0.8736188246445498 0.1539485450928382 0.9006904691943128 0.17958894960212202 0.8614671753554503 0.17312007427055703 0.8402666232227488 0.14841866312997348 0.8736188246445498
0 0.17148567108753315 0.8456243696682464 0.17998922944297083 0.8633509289099526 0.21238140583554377 0.822461682464455 0.1979883076923077 0.8074866516587678 0.17148567108753315 0.8456243696682464
0 0.19644331564986736 0.8091096255924171 0.21106704641909815 0.8235913459715639 0.2342768846153846 0.7809409691943129 0.21859654376657828 0.7773055924170617 0.19644331564986736 0.8091096255924171
0 0.27416507427055703 0.6952073649289099 0.2999643076923077 0.694355327014218 0.31883487002652516 0.6664670568720379 0.30242618435013263 0.6622812677725118 0.27416507427055703 0.6952073649289099
0 0.30959726392572945 0.6557364241706162 0.3238278037135279 0.656871537914692 0.34975484084880637 0.62631286492891 0.3263210809018568 0.6292761042654028 0.30959726392572945 0.6557364241706162
0 0.338119801061008 0.6175367322274882 0.3529708355437666 0.6184567511848341 0.3743856445623342 0.5872147938388625 0.35678929442970825 0.5906227274881517 0.338119801061008 0.6175367322274882
0 0.3637089628647215 0.5826008009478673 0.38132445623342176 0.5780684241706161 0.40132936206896547 0.5450680118483412 0.3775808594164456 0.5586918199052132 0.3637089628647215 0.5826008009478673
0 0.4918687864721485 0.4552620947867298 0.5205793236074271 0.4475584241706161 0.5477321949602122 0.4015189407582938 0.500808824933687 0.4339641374407583 0.4918687864721485 0.4552620947867298
0 0.3240435583554377 0.7501384905213271 0.31556619098143235 0.7492564952606635 0.2995099628647215 0.785272518957346 0.31503110875331564 0.7885423317535545 0.3240435583554377 0.7501384905213271
0 0.4094895875331565 0.6158065853080569 0.3992060583554377 0.6245392440758294 0.3825212453580902 0.6637859478672985 0.39830394031830235 0.667322943127962 0.4094895875331565 0.6158065853080569
0 0.1458774973474801 1 0.15962865649867372 0.9840660758293839 0.15272232095490718 0.9693814383886256 0.12820329310344827 1 0.1458774973474801 1