1 0 0.3597542982954545 0.0361705750798722 0.4324757386363636 0.08133896166134186 0.30929993181818183 0.0324750303514377 0.22838467329545456 0 0.29010264772727273 0 0.3597542982954545
1 0.06056370766773163 0.4732466335227273 0.11502473801916933 0.5810146136363636 0.15588749041533548 0.4450472272727273 0.1245350910543131 0.3691155284090909 0.08327690575079873 0.3728376590909091 0.06056370766773163 0.4732466335227273
0 0.1697102108626198 0.5830714119318182 0.13879502555910544 0.5335304943181818 0.13214452715654953 0.6530482897727272 0.1892077396166134 0.7517246732954544 0.19793883706070287 0.7315351534090909 0.20273336102236422 0.6535697784090909 0.1697102108626198 0.5830714119318182
1 0.3736065015974441 1 0.38322043610223644 0.9663616505681819 0.37433238977635785 0.8555863806818181 0.3441328354632588 0.8163161278409091 0.29258923003194887 0.8334750511363637 0.2934550734824281 0.9565306562500001 0.32250526517571887 1 0.3736065015974441 1
1 0.43972366613418534 1 0.4395536118210862 0.9786216818181818 0.410298873801917 0.9305682301136364 0.37569323322683706 0.9376922585227273 0.3748053833865815 1 0.43972366613418534 1
1 0.08324092651757188 0.21001965056818184 0.06558296805111821 0.1993438465909091 0.04574682108626198 0.19851736363636363 0.03396549361022364 0.20747194602272725 0.025784872204472842 0.2250607272727273 0.04251740415335463 0.24467553409090909 0.06290545207667732 0.2882002727272727 0.07772979073482428 0.2883233664772727 0.09581939776357827 0.2503827244318182 0.08324092651757188 0.21001965056818184
1 0.1777172284345048 0.43872990625 0.15159345846645367 0.47753288352272727 0.1478790159744409 0.5236446193181817 0.1601118450479233 0.5497594630681818 0.19855784025559106 0.6071124999999999 0.21182420447284347 0.5430661818181819 0.21723180990415333 0.48705868750000003 0.19888256709265176 0.44788642613636365 0.1777172284345048 0.43872990625
1 0.32397598881789136 0.8230206931818181 0.3528298482428115 0.8170666505681818 0.36276423642172523 0.7617161079545455 0.34474311182108625 0.696223622159091 0.33330509904153355 0.6763090142045455 0.3217635559105432 0.6786906335227273 0.28862502396166134 0.7205321789772727 0.2846684696485623 0.7300994573863636 0.294413321086262 0.7599098238636363 0.288539017571885 0.7833968551136364 0.29261662779552716 0.7921018068181819 0.3061969760383387 0.7940726619318181 0.32397598881789136 0.8230206931818181
1 0.3669320287539936 0.7737016704545454 0.3522230782747604 0.7958254715909091 0.3738726389776358 0.8780709005681818 0.3814751533546326 0.9258250198863636 0.41089924121405746 0.9300952073863636 0.42209514376996804 0.9134653607954545 0.42332160862619805 0.8710491448863636 0.3910288498402556 0.775089340909091 0.3669320287539936 0.7737016704545454
1 0.5258845223642172 0.8847755198863637 0.5141008674121406 0.8506126818181818 0.49552703833865813 0.8154644176136364 0.48115187220447286 0.8072933267045456 0.44756416932907345 0.8571828664772727 0.4603847523961661 0.9340903977272728 0.48631898402555906 0.9804483238636365 0.5233105383386581 0.9513357215909092 0.5334870367412141 0.9325296363636363 0.522843840255591 0.9188152613636364 0.5258845223642172 0.8847755198863637
1 0.33301041373801915 0.5180591960227273 0.32112322683706074 0.5061925852272727 0.3134171805111821 0.4807346960227273 0.29802261501597443 0.47038736647727275 0.26839146485623006 0.5107096278409091 0.2753524968051118 0.5571181647727272 0.3105638594249201 0.6275510738636364 0.3414077428115016 0.5720135482954546 0.34399925239616613 0.5460218011363636 0.33301041373801915 0.5180591960227273
1 0.1777857092651757 0.3352967727272727 0.17723300638977635 0.36564099431818187 0.20679567412140576 0.42875186647727276 0.23483719329073482 0.3760291306818182 0.23392132108626196 0.3515566704545454 0.218630285942492 0.3189131164772727 0.19893352236421727 0.3038848409090909 0.1777857092651757 0.3352967727272727
1 0.09711434345047923 0.10453337784090909 0.0730293785942492 0.14768882670454545 0.10587484025559105 0.21330441193181818 0.11955871884984025 0.19297904261363638 0.12983874920127794 0.15187673011363637 0.11929908306709264 0.11586613352272726 0.10989987539936101 0.100304 0.09711434345047923 0.10453337784090909
1 0.07368561341853036 0.09504838068181819 0.08329188338658146 0.0660180653409091 0.07173281469648563 0.027831227272727275 0.06927934824281151 0.024094673295454547 0.034032990415335466 0.07644790056818182 0.0552503642172524 0.11874079545454545 0.07368561341853036 0.09504838068181819
1 0.2316754536741214 0.39179664772727274 0.26293128594249204 0.44501176136363635 0.2883812955271565 0.41828077556818183 0.2781697476038339 0.3559499545454545 0.2603907332268371 0.3270019232954545 0.2317789856230032 0.3695004204545454 0.2316754536741214 0.39179664772727274
1 0.40362471884984025 0.5201939602272727 0.36392060063897763 0.5570260823863636 0.3539686884984025 0.5718081676136364 0.35160176677316296 0.5937759176136364 0.36271166134185306 0.6400107471590909 0.3945377220447284 0.7034500965909091 0.40924100319488815 0.6853009630681819 0.4313906948881789 0.6154968125 0.421973963258786 0.5593662244318182 0.40362471884984025 0.5201939602272727
0 0.2658056118210863 0.7686742272727273 0.21191018849840254 0.6716176676136364 0.19304064376996805 0.7950318693181818 0.2687433530351438 0.9266614346590909 0.2658056118210863 0.7686742272727273
0 0 0.1477404971590909 0.017931349840255593 0.19111834943181816 0.04234028594249201 0.15486250000000001 0.01630997284345048 0.10277280681818182 0 0.1269988465909091 0 0.1477404971590909
0 0.14235529392971247 0.4141948153409091 0.1492356980830671 0.3650644460227273 0.10533980511182109 0.30837225852272726 0.09428113897763578 0.3541111278409091 0.14235529392971247 0.4141948153409091
0 0.2783405303514377 0.7670647073863637 0.3005110127795527 0.6691933579545455 0.2258050910543131 0.5510541392045455 0.2142230111821086 0.6474205255681817 0.2783405303514377 0.7670647073863637
0 0.4646987492012779 1 0.46043957507987215 0.9574269289772727 0.4287365095846645 0.9250720511363636 0.4414504728434505 1 0.4646987492012779 1
0 0.4113097923322684 0.7821795568181819 0.4216323993610224 0.8500350568181818 0.45902091214057505 0.9233071363636364 0.4482441517571885 0.8357078579545455 0.4113097923322684 0.7821795568181819
0 0.41214997923322677 0.8117917045454545 0.40927631309904156 0.7516564232954545 0.36340931469648563 0.6832593693181818 0.369138161341853 0.7576059857954545 0.41214997923322677 0.8117917045454545
0 0.3650437060702875 0.7194103494318181 0.36723236900958467 0.66517315625 0.32480089936102235 0.613119625 0.32716684025559106 0.6549139772727273 0.3650437060702875 0.7194103494318181
0 0.2637222603833866 0.5501261676136363 0.26396765015974444 0.47864949147727276 0.22585167412140575 0.4194573664772727 0.2232509984025559 0.4800912329545454 0.2637222603833866 0.5501261676136363
0 0.1683193785942492 0.3648951477272728 0.17654705111821087 0.29900446306818185 0.1293710431309904 0.21228893465909093 0.10882826837060704 0.26407457386363636 0.1683193785942492 0.3648951477272728
0 0.0737528626198083 0.017449934659090907 0.09916385303514377 0.07375844886363636 0.11681252236421726 0.05390913636363637 0.0996326373801917 0.01758156818181818 0.0764217587859425 0.013485684659090908 0.0737528626198083 0.017449934659090907
0 0.11698520127795528 0.05117148011363636 0.10332998881789138 0.07223111079545454 0.13711254792332267 0.142455875 0.14727638817891375 0.12131413352272728 0.11698520127795528 0.05117148011363636
0 0.14590575239616613 0.1138589090909091 0.14009047284345047 0.14502374715909092 0.1790177699680511 0.21770517329545455 0.1803591821086262 0.18482911079545455 0.14590575239616613 0.1138589090909091
0 0.18390659744408946 0.19024685795454543 0.1802841948881789 0.22514564488636363 0.21770944888178914 0.2946205625 0.21773419169329072 0.2575071931818182 0.18390659744408946 0.19024685795454543
0 0.21930640095846646 0.2572926051136364 0.2163697731629393 0.2841816335227273 0.2482371198083067 0.33705447727272725 0.250398661341853 0.3177588892045455 0.21930640095846646 0.2572926051136364
0 0.2890056118210863 0.40106573579545457 0.2879907827476038 0.43802669602272726 0.3235268865814696 0.4939948551136364 0.3200994744408946 0.4563618579545455 0.2890056118210863 0.40106573579545457
0 0.3251760495207668 0.46435732954545456 0.329268214057508 0.4986726335227273 0.35763927635782744 0.5582921392045455 0.35179314696485625 0.512885375 0.3251760495207668 0.46435732954545456
0 0.13002534824281148 0.03234112784090909 0.12455100638977636 0.021978761363636364 0.10339345047923322 0.01824521590909091 0.11700623801916932 0.04647950852272727 0.13002534824281148 0.03234112784090909
0 0.12921667092651756 0.038441133522727274 0.11617397444089457 0.04849244318181818 0.15307588817891374 0.11874470454545455 0.160489214057508 0.09974612784090908 0.12921667092651756 0.038441133522727274
0 0.1615392412140575 0.09607525 0.1525996086261981 0.11867529829545455 0.18468654153354633 0.18054354261363637 0.18808852715654953 0.1539251221590909 0.1615392412140575 0.09607525
0 0.1874818162939297 0.15619476988636363 0.18323675079872204 0.18502740625000003 0.2146589712460064 0.2502132784090909 0.2210657699680511 0.21273226136363635 0.1874818162939297 0.15619476988636363
0 0.22176162140575081 0.22179696022727272 0.22027998562300322 0.25273934659090913 0.2510533546325879 0.3080138551136364 0.2525808130990415 0.26790194886363633 0.22176162140575081 0.22179696022727272
0 0.2559892939297125 0.2797085994318182 0.25362825079872203 0.31351078693181816 0.28177963258785943 0.36413504261363633 0.28208982907348246 0.33089828125000004 0.2559892939297125 0.2797085994318182
0 0.2868932028753994 0.35420917613636366 0.28688235942492013 0.3759756505681818 0.3174673115015974 0.43463729829545455 0.3185099920127796 0.39916769318181816 0.2868932028753994 0.35420917613636366
0 0.32016831150159747 0.41198213636363634 0.3216645798722045 0.44549242045454546 0.349863052715655 0.49526999715909087 0.345454571884984 0.4543191903409091 0.32016831150159747 0.41198213636363634
0 0.17142850159744408 0.05436264488636364 0.15780757827476039 0.02784734659090909 0.13330786900958466 0.02352403125 0.16179587539936102 0.08714934943181818 0.17142850159744408 0.05436264488636364
0 0.1702751996805112 0.051250627840909085 0.16098471086261978 0.08447022443181819 0.19068015495207666 0.12891701420454546 0.19258948402555912 0.09479698295454546 0.1702751996805112 0.051250627840909085
0 0.25013412939297125 0.20373461079545455 0.2516195031948882 0.2590113352272727 0.27116686900958464 0.2960044857954545 0.2734232284345048 0.2602514772727273 0.25013412939297125 0.20373461079545455
0 0.2781071948881789 0.2748205340909091 0.27783972044728433 0.3055129119318182 0.2994436677316294 0.35731769886363635 0.2966121166134185 0.3073852642045454 0.2781071948881789 0.2748205340909091
0 0.3049761980830671 0.33123356249999997 0.3048762092651757 0.36323085511363634 0.32678391533546325 0.40526290340909094 0.3238568194888179 0.3679179346590909 0.3049761980830671 0.33123356249999997
0 0.32953204952076676 0.381761 0.33322117252396166 0.4190052613636364 0.35626986102236424 0.45778885227272725 0.3462090607028754 0.40852515625 0.32953204952076676 0.381761
0 0.42026473801916936 0.6408277897727273 0.4264918003194888 0.7014902585227273 0.4586208226837061 0.7539743039772727 0.4350001837060703 0.6573338181818182 0.42026473801916936 0.6408277897727273
0 0.21469715974440892 0.31773798011363635 0.21499584025559107 0.2994280710227273 0.1900443482428115 0.2695015482954546 0.18837693450479234 0.30323372727272724 0.21469715974440892 0.31773798011363635
0 0.30866080031948884 0.48422755681818186 0.30238588977635783 0.46325279829545457 0.275224803514377 0.4323842897727273 0.27338569169329074 0.46671164204545457 0.30866080031948884 0.48422755681818186