1 0.36372530564784056 0.7669875088757396 0.2166454318936877 0.7567569733727811 0.3241332142857143 0.9710596065088757 0.4165717857142857 0.9753054792899408 0.43544273588039867 0.9717471331360947 0.36372530564784056 0.7669875088757396
1 0.35703640697674416 0.5923543047337279 0.3112186096345515 0.4958574526627219 0.15670348172757476 0.47092315976331367 0.09723984219269102 0.5186933372781065 0.197735061461794 0.7190546213017751 0.33570761129568105 0.7288237455621301 0.35703640697674416 0.5923543047337279
1 0.1799190631229236 0.3130132958579882 0.10108799169435216 0.2948350621301775 0.02092362956810631 0.27056665680473374 0.0651707342192691 0.44273527810650887 0.24898601328903652 0.46787410650887573 0.1799190631229236 0.3130132958579882
1 0 0.21236039053254438 0.11204718106312293 0.2786100473372781 0.12833635880398672 0.22561409467455623 0.0773363073089701 0.09304660650887574 0.04246117275747508 0.061418621301775146 0 0.12842513905325442 0 0.21236039053254438
0 0.6229128970099668 0.9893353402366865 0.5976288039867109 0.9232368964497042 0.5604638521594685 0.8491396656804734 0.5149001511627908 0.8423781627218935 0.5022922890365449 0.8542563520710059 0.5531411013289037 0.9776976449704141 0.6229128970099668 0.9893353402366865
1 0.4817063521594685 0.5595007278106509 0.46227902159468437 0.4967446301775148 0.39923663621262456 0.458567124260355 0.34616461129568105 0.4865978727810651 0.3952214285714286 0.6238708520710059 0.4662254418604651 0.6498891656804734 0.4817063521594685 0.5595007278106509
1 0.33200575581395353 0.4532210917159763 0.41498789202657804 0.47795942899408284 0.42284155813953483 0.4164006952662722 0.39823753322259137 0.35361931360946747 0.3485875564784053 0.33527889940828404 0.2952724800664452 0.3456658905325444 0.33200575581395353 0.4532210917159763
1 0.36371652325581394 0.3330344556213018 0.37726587707641196 0.2870660177514793 0.37174830398671094 0.25889310650887576 0.3464539734219269 0.21275587573964497 0.32088625249169433 0.1875389674556213 0.2608998388704319 0.18385478698224852 0.25023673255813955 0.23214897633136095 0.282642061461794 0.3216508195266272 0.30028834053156145 0.32248828106508876 0.30591526910299 0.3422930650887574 0.36371652325581394 0.3330344556213018
1 0.23834843189368773 0.03963009171597633 0.15349172757475082 0.025521002958579883 0.161524926910299 0.04153710946745562 0.18490749169435217 0.05381122781065089 0.21380762624584715 0.0942582573964497 0.23271051827242525 0.08901492307692307 0.2448392242524917 0.06167947337278106 0.23834843189368773 0.03963009171597633
1 0.6788851013289037 0.8970023195266272 0.6582344750830565 0.855830352071006 0.6252911096345515 0.8545460295857988 0.5868543754152824 0.8659659644970414 0.615838681063123 0.9473203668639053 0.6296057657807309 0.9747683431952663 0.6566488122923588 0.9771682041420118 0.6818894468438539 0.9373368254437869 0.6788851013289037 0.8970023195266272
1 0.5250970083056479 0.6848366390532544 0.5310520049833887 0.6795370414201183 0.5588058671096345 0.6275440680473373 0.5614284485049833 0.607014352071006 0.5511578139534884 0.582244301775148 0.515264780730897 0.5364414112426036 0.4822120581395348 0.5435252130177515 0.47565560299003323 0.5948495118343196 0.4904605863787375 0.632952949704142 0.49013251827242527 0.6580573313609468 0.49472154817275743 0.6672066597633136 0.5089260548172758 0.6611821272189349 0.5250970083056479 0.6848366390532544
1 0.5105909219269104 0.4823503934911243 0.4586362906976744 0.40452486094674556 0.43399711461794016 0.3983315355029585 0.42317969933554817 0.41540212721893494 0.4224688853820598 0.4697949585798816 0.44923854152823917 0.4931151360946745 0.4944189867109634 0.548848550295858 0.5087900598006644 0.5264763431952663 0.5105909219269104 0.4823503934911243
1 0.38671830564784054 0.19429168047337278 0.3403906029900332 0.13627093195266274 0.3237822242524917 0.14608892899408285 0.2991430481727575 0.13989560650887573 0.32323544518272423 0.18792956508875738 0.35688864119601327 0.22497373372781065 0.38551538870431895 0.2863410828402367 0.4025065132890365 0.24723463609467458 0.38671830564784054 0.19429168047337278
1 0.33219576910299004 0.13281180177514793 0.3406639933554817 0.1153506124260355 0.2988645315614618 0.04969207692307693 0.24252880730897008 0.040325159763313606 0.23992212790697676 0.07763452958579882 0.25603840365448505 0.10547310946745563 0.2626485548172757 0.14011741420118345 0.27204532225913625 0.14167981065088758 0.29127628405315614 0.11133209467455622 0.33219576910299004 0.13281180177514793
1 0.5017183720930233 0.3119518343195266 0.4985499933554817 0.28416952071005913 0.4802485581395348 0.24338815384615387 0.46178309136212625 0.21515897928994085 0.44178762126245846 0.2139309201183432 0.4350134352159468 0.19183880177514792 0.4230487641196013 0.2066220621301775 0.40223312292358804 0.26815495562130176 0.4262161611295681 0.32455704733727814 0.4692661279069767 0.36316360946745563 0.5017183720930233 0.3119518343195266
1 0.6584004734219269 0.6629728224852071 0.6528282225913621 0.6389839704142012 0.6378592043189368 0.613432724852071 0.6225621179401993 0.6129858639053255 0.5871430016611295 0.6580826923076923 0.6240337940199335 0.7361489289940829 0.6500953023255814 0.7580344881656805 0.6765925514950166 0.7121223165680473 0.6722769136212625 0.6820526715976332 0.6584004734219269 0.6629728224852071
1 0.7383257142857143 0.8523744704142012 0.7242852392026579 0.8458468106508876 0.6907950946843854 0.8864031242603551 0.7240655465116279 0.9527357366863906 0.7416571478405315 0.9577572633136094 0.7620900415282392 0.9255128136094675 0.7555345697674419 0.8866844408284024 0.7383257142857143 0.8523744704142012
1 0.687463661129568 0.7810203313609467 0.7148337940199335 0.848468476331361 0.727727011627907 0.8527088047337278 0.7553715166112956 0.8090839615384615 0.7405665332225914 0.7709805266272188 0.7056567209302326 0.7400171538461539 0.687463661129568 0.7810203313609467
1 0.6336529235880399 0.5749949526627219 0.6592216262458472 0.5100591923076923 0.638571 0.468887224852071 0.6071576378737541 0.44060178698224856 0.5644347591362125 0.4670435118343195 0.55236073089701 0.49019489940828403 0.5855765049833888 0.5607115769230769 0.6110895481727574 0.5901125473372781 0.6240374435215947 0.5901688136094675 0.6336529235880399 0.5749949526627219
0 0.40980986877076414 0.6747730946745563 0.4776847774086379 0.8386792396449705 0.551027523255814 0.8288552130177514 0.5007724485049834 0.7115002633136095 0.40980986877076414 0.6747730946745563
0 0.14685956644518272 0.054916973372781064 0.20630630564784053 0.1921491952662722 0.2668557026578073 0.18629945266272188 0.2507773936877077 0.12973018934911243 0.14685956644518272 0.054916973372781064
0 0.565257646179402 0.82945275147929 0.6221859534883721 0.8275175798816568 0.5619976710963456 0.668104949704142 0.5030562275747509 0.6890094852071006 0.565257646179402 0.82945275147929
0 0.38291808803986715 0.34304352366863905 0.42800845514950164 0.38394042307692305 0.4127389916943522 0.31982191420118344 0.3749878488372093 0.29447391715976334 0.38291808803986715 0.34304352366863905
0 0.3536120681063123 0.09901549112426035 0.32564997176079735 0.07287209467455621 0.3450188936877076 0.13020787573964496 0.38384479900332225 0.1717380147928994 0.3536120681063123 0.09901549112426035
0 0.48174713289036547 0.36619181656804733 0.4322990764119601 0.32918078994082844 0.47059510132890364 0.4117728639053254 0.5086848970099668 0.44403570118343194 0.48174713289036547 0.36619181656804733
0 0.5183279003322259 0.5256588284023669 0.5606642093023256 0.5508514911242604 0.5261005431893688 0.4537989881656805 0.491666707641196 0.4366248698224852 0.5183279003322259 0.5256588284023669
0 0.5731268355481728 0.622434198224852 0.5970187159468439 0.635041301775148 0.5715267491694352 0.5474869556213018 0.5399538720930233 0.5406965828402367 0.5731268355481728 0.622434198224852
0 0.662910157807309 0.8462608579881657 0.6982233239202658 0.8535720473372782 0.6681408089700998 0.7724528964497043 0.6268174036544851 0.7587019378698225 0.662910157807309 0.8462608579881657
0 0.7768049634551495 1 0.7624918803986711 0.9672201065088757 0.723533742524917 0.9691045029585799 0.7360150747508306 1 0.7768049634551495 1
0 0.8371424335548173 1 0.8288704252491694 0.9829617603550297 0.8097308222591363 0.9788725887573964 0.8190931810631229 1 0.8371424335548173 1
0 0.7909161328903654 0.90051224852071 0.769470561461794 0.8931854023668638 0.805568742524917 0.9750900946745562 0.8261233704318938 0.975430198224852 0.7909161328903654 0.90051224852071
0 0.7596326328903654 0.8291030414201184 0.7482508089700997 0.8292038136094675 0.7753571428571429 0.8976967781065089 0.7912099235880399 0.8976938402366864 0.7596326328903654 0.8291030414201184
0 0.687080476744186 0.6747337426035502 0.6657075348837209 0.661021600591716 0.6942059933554817 0.7368056360946745 0.7156704435215946 0.7423005 0.687080476744186 0.6747337426035502
0 0.657846146179402 0.6058316775147929 0.6322430132890365 0.5861739497041419 0.6636249667774087 0.6496446390532544 0.6830092574750831 0.6639074674556213 0.657846146179402 0.6058316775147929
0 0.8603163255813954 1 0.8475605664451827 0.9750347455621301 0.8318138704318937 0.9759382751479291 0.8428030697674419 1 0.8603163255813954 1
0 0.8171454651162791 0.9033432958579882 0.7947981744186047 0.9075572011834319 0.8290666511627907 0.9776859023668639 0.8461837076411961 0.9756879852071005 0.8171454651162791 0.9033432958579882
0 0.78867403820598 0.8350352041420118 0.765333707641196 0.829847328402367 0.7939458023255814 0.896826576923077 0.8119833322259136 0.9002764852071006 0.78867403820598 0.8350352041420118
0 0.7554639684385382 0.7688229792899408 0.7362273438538206 0.7627856035502958 0.7624358654485051 0.8240697840236687 0.7822206777408638 0.8264874349112427 0.7554639684385382 0.7688229792899408
0 0.7199537325581395 0.6889867633136094 0.6993479318936877 0.6838388106508876 0.729937353820598 0.751147973372781 0.7425144867109634 0.7554517455621302 0.7199537325581395 0.6889867633136094
0 0.6909991777408638 0.6289994082840237 0.6678152757475083 0.6128429408284024 0.6935295265780731 0.6740446449704142 0.7127290747508306 0.6834236775147929 0.6909991777408638 0.6289994082840237
0 0.89209803820598 1 0.8822090132890366 0.978588801775148 0.862289350498339 0.9752860088757397 0.8711236877076413 1 0.89209803820598 1
0 0.7953453488372093 0.7986267396449703 0.7744447209302326 0.7956310976331361 0.7937069186046511 0.8385505118343195 0.8254835863787375 0.8522332130177515 0.7953453488372093 0.7986267396449703
0 0.7706175282392026 0.7470663964497042 0.7420740149501661 0.7319955207100592 0.7696717707641195 0.7815994704142011 0.787433719269103 0.7872091952662722 0.7706175282392026 0.7470663964497042
0 0.7385863205980067 0.685464023668639 0.7173257558139535 0.6727195443786983 0.7392443338870431 0.7209350857988166 0.7577421295681063 0.7271087958579882 0.7385863205980067 0.685464023668639
0 0.7175389717607974 0.6367225532544378 0.6901626411960133 0.6086290473372782 0.7100811328903655 0.6582756538461538 0.7312012093023256 0.6723868284023669 0.7175389717607974 0.6367225532544378
0 0.5833754252491694 0.4257232603550296 0.5300908720930233 0.3635436568047337 0.55694430730897 0.4324355857988166 0.5913205481727575 0.45581677810650884 0.5833754252491694 0.4257232603550296
0 0.7613260514950166 0.944852550295858 0.7809955016611295 0.9485185355029586 0.7663998521594684 0.8971685857988165 0.7557887209302325 0.8940751863905325 0.7613260514950166 0.944852550295858
0 0.6760553189368771 0.7576855946745562 0.6960871860465117 0.7611573520710059 0.6811859335548173 0.7055993727810651 0.669745131229236 0.6900143254437869 0.6760553189368771 0.7576855946745562