0 0.41329836815068494 1 0.4021166558219178 0.9865905365853659 0.3514111832191781 0.9421178658536585 0.31314119520547945 0.9659251890243903 0.3519915582191781 1 0.41329836815068494 1
1 0.22034238527397262 0.8183067164634147 0.21483089897260274 0.7190030091463415 0.1830489589041096 0.6724111463414635 0.11625964897260274 0.6820136341463414 0.07324938698630137 0.7485683384146342 0.09034383390410959 0.7705144481707317 0.16774619691780823 0.8384023871951221 0.22034238527397262 0.8183067164634147
1 0 0.6558249756097561 0.05280128767123288 0.7266231158536586 0.13511136815068495 0.6891897103658536 0.12886612671232878 0.6235516798780487 0.09228283561643835 0.5807701371951219 0.042257654109589045 0.5997283567073171 0 0.6442092256097561 0 0.6558249756097561
1 0 0.6314305457317073 0.00426575 0.6381559664634147 0.055780474315068496 0.5863397896341463 0.058236166095890406 0.531632362804878 0.04693653595890411 0.5083425823170732 0.01336952910958904 0.4822464664634146 0 0.47970106097560977 0 0.6314305457317073
1 0.46181406506849315 1 0.4686397842465753 0.9952766707317072 0.4832745051369863 0.9378720823170732 0.4716319554794521 0.9009024115853659 0.44345757020547943 0.8761912682926829 0.4126560308219178 0.8993476097560976 0.3795557397260274 0.9389188628048781 0.4242764828767123 0.9965039390243903 0.42826251369863017 1 0.46181406506849315 1
1 0.2825582962328767 0.8086551646341464 0.28691110616438353 0.7990937987804877 0.3012029023972603 0.7280093231707317 0.2991232773972603 0.7061166463414634 0.2841677328767123 0.6896546798780488 0.24085529280821918 0.6717349603658537 0.21179045719178083 0.7031040853658537 0.21698952397260274 0.7578357774390244 0.2390743955479452 0.7838955000000001 0.24428451027397258 0.8085338597560975 0.25054548458904113 0.8140252225609755 0.26238159075342465 0.7976481737804878 0.2825582962328767 0.8086551646341464
1 0.22464452568493154 0.6226340914634146 0.15941867465753423 0.5854945914634146 0.13523208047945204 0.5977288567073171 0.12896005650684933 0.6223308231707316 0.14024863869863013 0.6757139329268294 0.17017077739726028 0.6785445304878048 0.22426846061643835 0.6992341981707317 0.23266820034246577 0.6668478109756097 0.22464452568493154 0.6226340914634146
1 0 0.4791485 0.025720017123287673 0.4863892530487805 0.06571946232876713 0.5248166798780488 0.07287088356164384 0.4742277743902439 0.046615710616438356 0.43447603048780487 0 0.4159994725609756 0 0.4791485
1 0.17899767636986302 0.46362110060975614 0.16996018321917808 0.4389706097560976 0.14404793150684933 0.412898756097561 0.12074073801369863 0.3991460792682927 0.10194676712328768 0.4127653170731707 0.09081859931506849 0.39631548475609757 0.08298133390410958 0.4195446097560976 0.07721264383561645 0.49475974085365854 0.11181946746575343 0.5318021951219511 0.16018160787671232 0.5374269969512195 0.17899767636986302 0.46362110060975614
1 0.401251227739726 0.6886578963414635 0.3908199537671233 0.6694745121951219 0.37134013698630136 0.6557339664634146 0.3570704366438356 0.6666317804878049 0.3341626815068493 0.7366932987804878 0.3854859366438356 0.7852259725609757 0.414436926369863 0.7871870670731708 0.42890018493150683 0.7229425365853659 0.41829744863013696 0.6969192042682927 0.401251227739726 0.6886578963414635
1 0.5168967517123287 0.8135015396341464 0.5024555890410959 0.8175594085365854 0.4803375719178082 0.8817796798780487 0.5257296404109589 0.9215920792682927 0.5431298287671232 0.9134399481707316 0.5549769811643835 0.8669695640243903 0.5403754075342465 0.8340941585365853 0.5168967517123287 0.8135015396341464
1 0.7004201986301369 1 0.6995048304794521 0.9836974664634146 0.6876797739726027 0.9699811859756097 0.6636756866438356 0.9589620640243902 0.6429625034246575 0.9876218993902438 0.6398068321917809 1 0.7004201986301369 1
1 0.45410449657534246 0.7818412743902439 0.49427540068493153 0.8271086432926829 0.5071513202054795 0.8216779329268292 0.5231798219178082 0.7588062408536586 0.501094948630137 0.7327465182926829 0.46195280993150684 0.7285188170731707 0.45410449657534246 0.7818412743902439
1 0.3590006969178082 0.621497850609756 0.3684253030821918 0.5394549024390244 0.3402509160958904 0.5147437621951219 0.3049361541095891 0.5105281890243902 0.27116454280821917 0.567872125 0.26506398116438357 0.5993140365853659 0.3113244006849315 0.6432328231707317 0.3414179982876713 0.652903368902439 0.35342556506849315 0.6433662652439024 0.3590006969178082 0.621497850609756
0 0.30654847602739727 0.960142856707317 0.33821379452054795 0.9293967469512194 0.26588002397260274 0.8525852865853658 0.20697144691780822 0.8728060000000001 0.30654847602739727 0.960142856707317
0 0.552616294520548 1 0.5344525068493151 0.9732059329268292 0.5080733390410959 0.997468506097561 0.5097393219178082 1 0.552616294520548 1
0 0.3515281318493151 0.9194357591463415 0.40384269349315066 0.8753828536585366 0.31306884075342467 0.7650601036585366 0.26305578938356167 0.8290379237804878 0.3515281318493151 0.9194357591463415
0 0.07576765410958904 0.5818416737804878 0.12652312671232877 0.5881806006097561 0.09829388184931506 0.5371846676829268 0.057752857876712325 0.5405185884146342 0.07576765410958904 0.5818416737804878
0 0 0.40465940853658533 0.03899984075342466 0.41468806707317074 0 0.3718834176829268 0 0.40465940853658533
0 0.17240940924657533 0.5311237682926829 0.1184703904109589 0.5317891341463414 0.1720895582191781 0.5836788140243903 0.21446312842465753 0.5868135548780489 0.17240940924657533 0.5311237682926829
0 0.24132469520547947 0.6589877713414634 0.2860793955479452 0.6521062164634146 0.23274181164383564 0.583399600609756 0.1970693595890411 0.5922190853658537 0.24132469520547947 0.6589877713414634
0 0.313347801369863 0.7124348262195122 0.3382508373287671 0.7069867835365853 0.2954036866438356 0.6407897591463415 0.2646624229452055 0.6575803079268293 0.313347801369863 0.7124348262195122
0 0.4456873339041096 0.8634283201219513 0.48000807363013703 0.8443730731707316 0.43432159589041097 0.7878301585365854 0.3930183801369863 0.805079893292683 0.4456873339041096 0.8634283201219513
0 0.6165017380136987 1 0.6288441386986301 0.9740227073170732 0.5645100393835616 0.9072011829268293 0.5288322791095891 0.9378924786585366 0.5836826575342466 1 0.6165017380136987 1
0 0.7693681660958904 1 0.7242907962328766 0.9600181097560976 0.718088580479452 0.9973037042682926 0.7213022243150685 1 0.7693681660958904 1
0 0.6761428886986302 0.9195490365853658 0.6669497551369863 0.9433036128048781 0.7177243921232876 0.9892442439024389 0.7258238407534247 0.9590556189024391 0.6761428886986302 0.9195490365853658
0 0.6294621215753425 0.8733251097560975 0.6108326164383562 0.8835300213414634 0.664570948630137 0.938402731707317 0.6808692996575343 0.9203305853658537 0.6294621215753425 0.8733251097560975
0 0.5761908544520548 0.8213208079268292 0.5547139126712328 0.830087743902439 0.6061459726027397 0.8829376219512195 0.6252629229452055 0.8680412835365853 0.5761908544520548 0.8213208079268292
0 0.5315244948630137 0.7751032713414634 0.5210022619863013 0.7836328262195121 0.5611582688356165 0.8301109329268292 0.5758439794520548 0.8183643597560977 0.5315244948630137 0.7751032713414634
0 0.4304042243150685 0.6788405396341464 0.4075920719178082 0.6813487286585366 0.45063921575342464 0.7338806829268293 0.47173126369863017 0.7233195243902439 0.4304042243150685 0.6788405396341464
0 0.3881869417808219 0.6335413109756097 0.3601499332191781 0.6334055609756097 0.4031638476027397 0.6718358628048781 0.424254625 0.6713359999999999 0.3881869417808219 0.6335413109756097
0 0.810040669520548 1 0.7806884589041095 0.9760354756097561 0.7778784845890411 1 0.810040669520548 1
0 0.7753959092465753 1 0.7779603116438356 0.9759346280487805 0.7328170924657534 0.9305277164634147 0.7285336455479452 0.9579141768292683 0.7749278578767123 1 0.7753959092465753 1
0 0.6846691849315069 0.8900586402439025 0.6758925308219178 0.908225637195122 0.7276177688356165 0.9599255243902439 0.7295282054794521 0.9334558780487804 0.6846691849315069 0.8900586402439025
0 0.6450359434931506 0.8517763658536586 0.6306463219178082 0.8643195 0.676075419520548 0.9090896676829269 0.6864795702054795 0.8872551920731707 0.6450359434931506 0.8517763658536586
0 0.6011120993150685 0.8046412469512195 0.581334647260274 0.8252909664634147 0.628485095890411 0.868052899390244 0.6439038732876713 0.8534311280487805 0.6011120993150685 0.8046412469512195
0 0.5597320479452055 0.7593540609756098 0.536969573630137 0.7716031890243903 0.5781880667808219 0.8154948597560975 0.5956561780821917 0.805485155487805 0.5597320479452055 0.7593540609756098
0 0.5144223630136986 0.7196139176829268 0.4952750616438356 0.7279975213414634 0.5330159434931507 0.7681355426829268 0.5518760428082192 0.7558283506097561 0.5144223630136986 0.7196139176829268
0 0.46398931678082195 0.6683385426829269 0.44376894006849316 0.6786007347560976 0.48689173458904106 0.7213482012195123 0.49948876369863016 0.7162132987804878 0.46398931678082195 0.6683385426829269
0 0.4239892928082192 0.6314949786585367 0.3989625428082192 0.6329694329268293 0.4362274075342466 0.6733934603658537 0.4560743356164384 0.6682845975609756 0.4239892928082192 0.6314949786585367
0 0.8521482979452055 1 0.8240914195205479 0.9718534207317073 0.8231139212328767 1 0.8521482979452055 1
0 0.7851917482876712 0.9306937195121952 0.7793916421232877 0.9624136676829268 0.8124489914383561 0.9892966402439025 0.8182405941780821 0.9634165457317073 0.7851917482876712 0.9306937195121952
0 0.7430870702054795 0.8902437926829267 0.7377333955479451 0.9202470518292682 0.7749619246575342 0.9592321859756097 0.7783762585616438 0.9221197652439025 0.7430870702054795 0.8902437926829267
0 0.7076631352739725 0.8591742286585365 0.6915697363013699 0.884683356707317 0.737476397260274 0.9228362865853658 0.7458312739726027 0.896389743902439 0.7076631352739725 0.8591742286585365
0 0.6779156438356164 0.8295625304878049 0.6587361952054794 0.8411094725609757 0.693363698630137 0.8855531280487805 0.7098102106164383 0.8605746707317072 0.6779156438356164 0.8295625304878049
0 0.5579155684931507 0.7190318292682927 0.5378947979452054 0.7316039451219513 0.5651667345890411 0.7590417286585366 0.5976106558219177 0.7487978719512195 0.5579155684931507 0.7190318292682927
0 0.5236822294520548 0.6872461006097561 0.4939286660958904 0.693745881097561 0.5303910650684931 0.7215044268292683 0.5480782619863014 0.7137976920731707 0.5236822294520548 0.6872461006097561
0 0.4804771969178082 0.6511123140243903 0.45798169691780827 0.6544775823170732 0.48887782363013693 0.6850940640243902 0.507370602739726 0.677390262195122 0.4804771969178082 0.6511123140243903
0 0.4502726780821918 0.6193393536585365 0.41874006506849315 0.6123196676829268 0.4480975976027397 0.6458084542682927 0.4707631352739726 0.6438753536585365 0.4502726780821918 0.6193393536585365
0 0.2796358133561644 0.5136877225609756 0.21661443664383562 0.4927374451219512 0.25662378082191784 0.5397905884146341 0.2936062260273973 0.5370455335365854 0.2796358133561644 0.5136877225609756
0 0.5585170770547945 0.8863290274390243 0.5775444914383562 0.8753203719512195 0.5527440256849315 0.8362332012195122 0.5422341969178082 0.8410878810975609 0.5585170770547945 0.8863290274390243
0 0.43841021061643837 0.7676168963414635 0.4577307157534246 0.7561510182926829 0.4317228630136986 0.7132010609756098 0.4177006866438356 0.7065315274390245 0.43841021061643837 0.7676168963414635