1 0.658247220101781 0.8179937805429864 0.7244085941475827 0.826571076923077 0.8056288473282444 0.6773667171945702 0.6974334745547074 0.6658724502262444 0.6436667340966922 0.8127248687782805 0.658247220101781 0.8179937805429864
1 0.7358842837150127 0.4656856040723982 0.7012759262086514 0.5332693122171945 0.7187536666666666 0.6404802420814479 0.8199254796437658 0.6511033190045249 0.8975022442748092 0.5085921674208145 0.8548616043256997 0.46749107239819004 0.7358842837150127 0.4656856040723982
1 0.8964262837150127 0.34038333031674206 0.8357671450381678 0.3436341968325792 0.7836684389312977 0.45269709728506785 0.9248849796437659 0.4582891538461538 0.9255768346055979 0.4570181923076923 0.9580677849872774 0.33265661085972853 0.8964262837150127 0.34038333031674206
1 1 0.1588195995475113 0.9530483613231552 0.16023847963800905 0.9132232455470737 0.18932446606334843 0.8748900839694655 0.2837841787330317 0.887852048346056 0.32649929411764705 1 0.2801391221719457 1 0.1588195995475113
1 1 0.035691429864253395 0.9978078753180661 0.031936309954751135 0.9623918765903308 0.046912549773755655 0.9203429236641222 0.16656799773755654 1 0.13982828506787331 1 0.035691429864253395
1 0.40521400381679384 0.8981770542986426 0.3776846692111959 0.9640725972850679 0.4634149936386769 0.9543029932126696 0.46429690966921117 0.9525806787330316 0.40521400381679384 0.8981770542986426
1 0.48003640076335874 0.9152793529411765 0.5226116297709924 0.8307630859728508 0.45826581806615774 0.7833565769230769 0.42758692875318066 0.8330368371040725 0.43324241603053437 0.8907621153846154 0.48003640076335874 0.9152793529411765
1 0.4900692989821883 0.7195901606334841 0.506777203562341 0.7863945180995475 0.5492929262086513 0.781369798642534 0.5873179720101781 0.7038818733031674 0.5532619274809161 0.6689466402714932 0.5181732226463104 0.6679622986425339 0.4900692989821883 0.7195901606334841
1 0.6193900737913486 0.44596276470588236 0.6048802926208651 0.49131588009049776 0.617500723918575 0.5625082692307692 0.6720643842239186 0.5522066244343892 0.7088634223918575 0.4538871447963801 0.6677219236641221 0.42529022171945696 0.6193900737913486 0.44596276470588236
1 0.6557203854961832 0.43798832579185515 0.7195314681933842 0.4302828936651584 0.7470503129770992 0.3530182307692307 0.7058543435114504 0.33787707918552035 0.6677014898218829 0.3451929117647059 0.6491995254452926 0.3898662262443439 0.6557203854961832 0.43798832579185515
1 0.7065763854961833 0.2444967895927602 0.6874166017811705 0.2763524819004525 0.6833736679389313 0.2971454140271493 0.6941696590330788 0.3341180022624435 0.7388169541984733 0.3490023823529412 0.7430072938931298 0.3346216199095023 0.7566101564885497 0.3363645588235294 0.7809272608142493 0.27231712443438916 0.7723396717557252 0.23395630090497738 0.7261046857506361 0.22867153167420814 0.7065763854961833 0.2444967895927602
1 0.8315203498727735 0.055068269230769226 0.7997726590330789 0.08999948190045248 0.7838051475826971 0.14272271719457014 0.7933650750636133 0.16525858823529413 0.8079828905852418 0.17181997963800905 0.8299664312977099 0.14480139819004526 0.8479070381679389 0.13857574886877827 0.8791388078880408 0.08120192760180996 0.8805790941475827 0.06519014705882353 0.8676226730279898 0.05223523076923077 0.8315203498727735 0.055068269230769226
1 0.3579122162849873 0.928443963800905 0.36856080152671755 0.9590043778280543 0.37651615012722645 0.9510730972850678 0.38028115903307885 0.9575225746606335 0.39763214249363865 0.9256482307692309 0.3962486717557252 0.9047993416289593 0.37764473791348596 0.8821702081447964 0.3609401959287532 0.9028325746606335 0.3579122162849873 0.928443963800905
1 0.4533426234096692 0.7531350678733031 0.4731089185750636 0.7869948325791856 0.4939469847328244 0.7888123800904978 0.5043575750636132 0.7696877737556561 0.4929151424936387 0.7439271606334842 0.496368451653944 0.6974855339366516 0.47097153053435115 0.6940183122171946 0.45535564631043257 0.722705221719457 0.4533426234096692 0.7531350678733031
1 0.6098131692111959 0.5191570746606334 0.6043698778625954 0.4790343574660633 0.5788255508905853 0.46915496153846153 0.5514893091603054 0.4993236742081448 0.5437550699745547 0.5168732149321267 0.5459323867684478 0.5329223031674208 0.5677285916030534 0.576418979638009 0.5723611501272264 0.5812747420814479 0.5846542442748092 0.5653748755656108 0.5956544580152672 0.571898963800905 0.5991246539440204 0.5655240950226245 0.5986824363867684 0.54628757239819 0.6098131692111959 0.5191570746606334
1 0.5814850152671756 0.4275131357466063 0.5760754974554707 0.46752393891402716 0.5944583231552163 0.4805348122171946 0.6097962824427481 0.47909031447963796 0.6288823638676845 0.44402853619909505 0.6493519147582697 0.4298156470588236 0.648393776081425 0.38813651583710407 0.6399225063613231 0.37362519004524886 0.6209669452926209 0.37503238461538463 0.5814850152671756 0.4275131357466063
1 0.6636073715012724 0.2632856515837104 0.6770060114503816 0.2954770882352941 0.6986210368956742 0.25242807239819004 0.7242958829516539 0.22865288009049772 0.7425144160305343 0.1951848190045249 0.7235588524173028 0.1965920113122172 0.7106761348600509 0.18684318099547512 0.6753845445292621 0.22494317647058826 0.6636073715012724 0.2632856515837104
1 0.7488482977099236 0.11671962443438914 0.7103076208651399 0.17081274660633483 0.7169700877862596 0.18530542307692308 0.748366151399491 0.17441053846153845 0.7634261844783715 0.2002084524886878 0.7706613905852417 0.20028306108597285 0.7754981704834606 0.17469032352941175 0.7877175623409669 0.15558436877828055 0.7851717290076337 0.12350484615384616 0.7777154160305343 0.11381197511312217 0.7488482977099236 0.11671962443438914
1 0.6176503091603054 0.2307584705882353 0.603622117048346 0.24984577375565611 0.5898150330788804 0.2785513371040724 0.5875809007633588 0.2993629230769231 0.6129947099236641 0.3428969027149321 0.6459047608142494 0.31919632126696834 0.6639758867684478 0.2793160859728507 0.6474586793893129 0.2294631923076923 0.6381198613231552 0.21654558371040725 0.6330619720101781 0.2325200588235294 0.6176503091603054 0.2307584705882353
1 0.473506631043257 0.5289701176470588 0.46938999363867684 0.546556963800905 0.4588319987277354 0.5592693981900452 0.45573031806615777 0.5816747036199095 0.47651156743002543 0.620352923076923 0.5043637302798982 0.6126268190045249 0.529522655216285 0.5664090180995476 0.4966525330788804 0.513182165158371 0.4848584732824428 0.5114578800904978 0.473506631043257 0.5289701176470588
1 0.40740244783715013 0.7606746493212669 0.4209316055979644 0.7592114977375566 0.4460905318066158 0.7129936990950226 0.4199565788804071 0.6774656063348417 0.4091774745547074 0.6805597805429864 0.396164237913486 0.7044655384615385 0.39140116030534355 0.7332643642533937 0.40740244783715013 0.7606746493212669
1 0.312749 0.891116979638009 0.33425039312977095 0.9217893076923077 0.36020316539440206 0.870771705882353 0.3498493918575064 0.8530356380090497 0.3305990165394402 0.8416184819004524 0.31562957251908397 0.8590934140271493 0.3096304325699745 0.8734555226244344 0.312749 0.891116979638009
1 0.28109189949109414 0.9693210384615385 0.28424413613231553 0.9747208371040724 0.311606927480916 0.9716026447963801 0.3231196615776082 0.9489198076923077 0.310809679389313 0.9247529117647059 0.2969857086513995 0.9133917149321267 0.28114871501272265 0.9324603642533937 0.2768846730279898 0.9436350384615384 0.28109189949109414 0.9693210384615385
1 0.4272654872773537 0.6807463054298643 0.44786555852417304 0.6328788303167421 0.43352566793893127 0.5990750248868778 0.4068358651399491 0.618031757918552 0.39570513358778625 0.6451622556561086 0.4173539312977099 0.682246757918552 0.4272654872773537 0.6807463054298643
1 0.46760423536895673 0.4295441176470588 0.487812748091603 0.48264040271493214 0.49534276590330784 0.4955393619909502 0.505328024173028 0.4972449932126697 0.5247826208651399 0.4782136470588235 0.5498678435114503 0.42878976244343886 0.5403816183206107 0.40945997963800906 0.5072335712468193 0.3834755384615384 0.4832201195928753 0.4008572081447964 0.46760423536895673 0.4295441176470588
0 0.6293184732824427 0.8442344004524888 0.5778680865139949 0.9412602171945701 0.6675395216284987 0.9310414932126696 0.699987907124682 0.8714327104072398 0.6293184732824427 0.8442344004524888
0 0.5939613282442748 0.5848313190045249 0.5560880534351145 0.667761705882353 0.6127255279898218 0.685177257918552 0.6638367353689567 0.5690382398190046 0.5939613282442748 0.5848313190045249
0 0.7797383880407125 0.19394529411764708 0.7677648129770992 0.23502088687782804 0.8145058409669211 0.24767033936651586 0.859318106870229 0.15078520135746606 0.7797383880407125 0.19394529411764708
0 0.4458773804071247 0.8046575610859729 0.4233916361323155 0.7986122036199096 0.4024736704834606 0.8645055588235293 0.42385862595419843 0.8766750158371042 0.4458773804071247 0.8046575610859729
0 0.5748420012722646 0.6090266923076924 0.5330018587786259 0.6045394728506788 0.5102549618320611 0.6543568235294117 0.5481642900763358 0.664105371040724 0.5748420012722646 0.6090266923076924
0 0.6851863587786259 0.3031163823529412 0.6562629440203562 0.31739645701357466 0.6449700636132315 0.3643526606334842 0.6794364529262087 0.339176685520362 0.6851863587786259 0.3031163823529412
0 0.7603975025445292 0.06984139819004524 0.7829291603053435 0.022217296380090498 0.7832748053435115 0.016240024886877827 0.7599072595419847 0.03779768778280543 0.732198596692112 0.09953434389140271 0.7603975025445292 0.06984139819004524
0 0.7101178256997456 0.14807061312217193 0.7413811043256997 0.10987327149321267 0.7577677760814249 0.0775933371040724 0.7334323002544529 0.10402698642533936 0.7101178256997456 0.14807061312217193
0 0.6774306717557252 0.20808904751131221 0.7070610050890586 0.18158293438914028 0.7215665928753181 0.14036574660633483 0.7001986832061069 0.15657593212669685 0.6774306717557252 0.20808904751131221
0 0.583203655216285 0.39939974208144796 0.6123361335877863 0.37987903167420817 0.6412483409669211 0.3219096470588235 0.6033919249363867 0.3435263687782805 0.583203655216285 0.39939974208144796
0 0.5962725801526718 0.396032536199095 0.5698459338422392 0.4045117149321267 0.5439211832061068 0.474040113122172 0.5763819440203563 0.46049803167420816 0.5962725801526718 0.396032536199095
0 0.5598168867684479 0.46907370135746607 0.5355184109414758 0.4700009253393665 0.5165183549618321 0.5334931696832579 0.5348492480916031 0.5270817443438914 0.5598168867684479 0.46907370135746607
0 0.49446899236641223 0.6240069230769231 0.46270317048346055 0.6289386561085972 0.4401142888040712 0.6868912511312217 0.46729342748091607 0.6860710045248869 0.49446899236641223 0.6240069230769231
0 0.42146510941475823 0.771797185520362 0.3914055903307888 0.7650951787330317 0.35747279389312975 0.8378161063348417 0.3824631272264631 0.8628717669683258 0.42146510941475823 0.771797185520362
0 0.2684928778625954 0.9428214027149321 0.2601743486005089 0.9201440882352941 0.23218861450381678 0.9694460520361992 0.23480546437659033 0.9803547398190046 0.2480539554707379 0.9788449751131222 0.2684928778625954 0.9428214027149321
0 0.25997637531806617 0.919804959276018 0.2677931921119593 0.9455124932126696 0.29888336259541987 0.8905077375565611 0.28835636768447837 0.8671628959276018 0.25997637531806617 0.919804959276018
0 0.2871238511450382 0.8671222511312218 0.29780092366412214 0.8847638099547511 0.32570967175572524 0.8320885837104073 0.31533484223918573 0.8193611968325791 0.2871238511450382 0.8671222511312218
0 0.3121570254452926 0.8218383868778281 0.32656114249363866 0.8277126968325792 0.35506176844783716 0.7676237239819005 0.3403317340966921 0.7681650316742082 0.3121570254452926 0.8218383868778281
0 0.34239355470737914 0.7627781742081448 0.3582431424936387 0.7652941199095022 0.38546551017811703 0.7075534095022624 0.36898146437659035 0.7102584819004525 0.34239355470737914 0.7627781742081448
0 0.3687336437659033 0.7080641402714932 0.3809596577608142 0.7102073461538462 0.40134840712468195 0.6615054819004524 0.39256975190839694 0.6598913009049774 0.3687336437659033 0.7080641402714932
0 0.42582008778625957 0.5994682556561086 0.44233249999999996 0.598166278280543 0.46373993129770996 0.5440784276018099 0.44736002544529263 0.5516748438914028 0.42582008778625957 0.5994682556561086
0 0.45041823918575064 0.5439480226244344 0.46526030661577605 0.5356620339366516 0.48898435368956744 0.4913771176470588 0.46938684605597963 0.5029476199095023 0.45041823918575064 0.5439480226244344
0 0.2270460610687023 0.9534118891402714 0.20826428371501274 0.9833793031674208 0.22349858524173027 0.9816432420814479 0.23011830534351144 0.9704375248868778 0.2270460610687023 0.9534118891402714
0 0.22703609287531806 0.9437645452488688 0.2317925903307888 0.9687676583710407 0.2596573193384224 0.9224998009049774 0.25154755597964373 0.9013671108597285 0.22703609287531806 0.9437645452488688
0 0.25343995419847326 0.9001804049773755 0.25932074045801523 0.9160887307692308 0.2850381590330789 0.867439056561086 0.2774964491094148 0.8501807647058823 0.25343995419847326 0.9001804049773755
0 0.2802838460559796 0.8508672624434389 0.2860128193384224 0.8684604366515837 0.3136311666666667 0.8113980429864254 0.3044749249363868 0.8023790633484162 0.2802838460559796 0.8508672624434389
0 0.3027428625954199 0.8011739547511313 0.3136465496183206 0.8120727104072398 0.33800875318066154 0.7623980814479638 0.32585776844783715 0.7595807058823529 0.3027428625954199 0.8011739547511313
0 0.3269245534351145 0.7602660542986426 0.34014063613231554 0.7641051538461539 0.3660406488549618 0.7151200452488687 0.3487741997455471 0.7088804705882353 0.3269245534351145 0.7602660542986426
0 0.35273222900763357 0.7072330633484163 0.36661714249363864 0.707031633484163 0.388178572519084 0.6596903619909502 0.370217131043257 0.6605043054298643 0.35273222900763357 0.7072330633484163
0 0.37512967302798983 0.6548411085972851 0.39036990585241726 0.6556648099547512 0.41012057251908396 0.6123527873303168 0.3953303956743003 0.6143703868778281 0.37512967302798983 0.6548411085972851
0 0.4052165267175572 0.6058969819004525 0.41488383460559797 0.604305334841629 0.4379677340966921 0.5569788891402715 0.42211491603053436 0.5581316176470589 0.4052165267175572 0.6058969819004525
0 0.42764479262086513 0.5548543619909503 0.4423811908396946 0.5502770701357466 0.46175129007633586 0.506961350678733 0.44399315521628496 0.516181871040724 0.42764479262086513 0.5548543619909503
0 0.20302160050890583 0.9836623190045249 0.19902022773536895 0.9556534049773755 0.18268154198473283 0.9844749751131222 0.18298945165394404 0.9862595565610859 0.2028291424936387 0.9839986764705883 0.20302160050890583 0.9836623190045249
0 0.20470269338422392 0.9489419095022624 0.20804234605597965 0.9702214253393665 0.22610551653944022 0.9363359502262444 0.22048065394402036 0.9162298755656109 0.20470269338422392 0.9489419095022624
0 0.22317508778625952 0.9079781244343891 0.23152224045801528 0.9235733755656108 0.25019480916030534 0.8913800656108597 0.24087270610687025 0.8717342828054299 0.22317508778625952 0.9079781244343891
0 0.24421945801526718 0.8629925113122172 0.25276678498727734 0.8873582918552035 0.2723502111959287 0.8450563190045248 0.2636253638676845 0.8264195271493212 0.24421945801526718 0.8629925113122172
0 0.26272478498727736 0.8318093009049774 0.2729596844783715 0.8467485678733032 0.29875406997455467 0.8014721266968325 0.2832593715012723 0.7903511877828053 0.26272478498727736 0.8318093009049774
0 0.2819892430025445 0.7922022262443439 0.29764299236641223 0.8028102352941177 0.31450052162849873 0.7577836380090497 0.29916295928753184 0.7576184117647059 0.2819892430025445 0.7922022262443439
0 0.3419584681933842 0.6686809049773755 0.3663621628498728 0.6625120429864254 0.38089409541984737 0.6323017013574661 0.36479767811704833 0.6317691787330317 0.3419584681933842 0.6686809049773755
0 0.370813237913486 0.6241089932126697 0.3844693384223919 0.6222191696832579 0.40537944402035625 0.5880242669683258 0.3834796857506361 0.5956910271493213 0.370813237913486 0.6241089932126697
0 0.3932590419847328 0.5821723642533936 0.4074783944020356 0.579950757918552 0.4240190623409669 0.546050298642534 0.40771853053435114 0.5529221176470588 0.3932590419847328 0.5821723642533936
0 0.41331552290076334 0.5439220248868778 0.4294974058524173 0.5359863981900452 0.44448478371501277 0.5007217760180995 0.42358332569974555 0.5185019253393666 0.41331552290076334 0.5439220248868778
0 0.5195621323155216 0.39724618778280546 0.5458975788804071 0.3840139411764706 0.5660882798982187 0.3349729185520362 0.5254627684478371 0.3753128031674208 0.5195621323155216 0.39724618778280546
0 0.39602393256997453 0.7100814140271493 0.3878637226463104 0.7110132466063348 0.3769942684478372 0.7482989276018099 0.39213612340966925 0.7481527036199095 0.39602393256997453 0.7100814140271493
0 0.4608445648854962 0.565697979638009 0.4521386450381679 0.5760675882352941 0.44106521882951655 0.616529020361991 0.4564880407124682 0.6165802285067873 0.4608445648854962 0.565697979638009
0 0.2599609554707379 0.9523567850678734 0.2444639872773537 0.9792540791855204 0.2604226348600509 0.9774354728506787 0.2683084389312977 0.9647611312217195 0.2599609554707379 0.9523567850678734