1 0.720063927631579 0.79187033625731 0.6745573157894738 0.7549726345029241 0.5588083223684212 0.889062201754386 0.5734746809210526 0.9064771695906433 0.720063927631579 0.79187033625731
1 0.7083439407894737 0.7410458713450293 0.7460487450657896 0.7715548099415204 0.921353740131579 0.6344973450292398 0.7924325361842106 0.5453529093567251 0.7278640345394737 0.5994671169590643 0.7083439407894737 0.7410458713450293
1 0.9518595296052631 0.476412985380117 0.8519583569078947 0.5666275116959064 0.9331256546052632 0.6252937894736842 0.9606330559210526 0.6037878713450292 0.9675997746710526 0.4859498304093567 0.9518595296052631 0.476412985380117
1 0.07276202631578947 0.9542172543859649 0.07705897039473684 0.9915457543859649 0.16003263486842104 0.986394634502924 0.1470465361842105 0.9058275584795321 0.07276202631578947 0.9542172543859649
1 0.3017646019736842 0.9180698830409356 0.2541512023026316 0.8075592192982456 0.19088279934210525 0.8727662923976608 0.22089575493421054 0.9826161695906432 0.22506206907894738 0.9823575175438597 0.3017646019736842 0.9180698830409356
1 0.33355086842105264 0.8856139766081871 0.4134901085526316 0.817399798245614 0.357267583881579 0.7111981783625732 0.30380314638157896 0.7469431520467836 0.2889917368421053 0.8202814649122808 0.33355086842105264 0.8856139766081871
1 0.4172153190789474 0.6594858450292398 0.4117157220394737 0.7521848245614035 0.46226956578947365 0.7789194122807018 0.5344045690789474 0.7156004210526316 0.508278677631579 0.6476269707602339 0.46844849342105266 0.6194305730994152 0.4172153190789474 0.6594858450292398
1 0.6662653453947369 0.43207712573099416 0.632918103618421 0.47510208187134506 0.6211180608552632 0.5698973187134503 0.6874186957236842 0.5996033538011696 0.765832208881579 0.5104459912280702 0.7292524835526316 0.4445908450292398 0.6662653453947369 0.43207712573099416
1 0.7108218453947369 0.45052363742690055 0.78675765625 0.49045320467836256 0.8467757302631579 0.41931070467836257 0.8051709934210527 0.36949362865497076 0.75876971875 0.34885661695906434 0.7211002483552631 0.3879950116959065 0.7108218453947369 0.45052363742690055
1 0.840437603618421 0.25845761988304095 0.8067418782894736 0.2817720438596491 0.7944421694078948 0.30350690935672514 0.7931728651315789 0.3560036315789474 0.8388257105263158 0.40817155263157895 0.8489293996710527 0.39421292105263156 0.8638683190789473 0.40677067251461985 0.9256790871710527 0.34935659356725146 0.9196552121710525 0.2965025116959064 0.8686432796052632 0.2545837807017544 0.840437603618421 0.25845761988304095
1 0.035578003289473685 0.987694350877193 0.039776120065789476 0.9938603245614036 0.04999908388157895 0.9932256666666667 0.048754123355263156 0.9410369444444444 0.03003764967105263 0.9374919064327485 0.009477715460526316 0.9535661345029239 0.017082222039473686 0.9952691929824562 0.02734071052631579 0.9946323304093568 0.035578003289473685 0.987694350877193
1 0.18880548355263158 0.8073042397660819 0.18973219901315788 0.8520247251461988 0.2017699802631579 0.8486726491228069 0.20370407236842106 0.8592791988304094 0.2353347417763158 0.8345496169590644 0.24143927960526318 0.8085692748538011 0.22847478453947367 0.767200865497076 0.2017196792763158 0.7790296169590644 0.18880548355263158 0.8073042397660819
1 0.362774166118421 0.6712915321637427 0.3729281546052632 0.7269759298245614 0.39612730263157897 0.7451943187134503 0.4151057039473684 0.7303565701754386 0.41149944572368424 0.690760678362573 0.43258323355263156 0.6379208742690058 0.4047704490131579 0.6142205321637427 0.3763028470394737 0.6364771549707602 0.362774166118421 0.6712915321637427
1 0.6283004934210527 0.5121716403508771 0.6368629802631579 0.4600322777777778 0.6112462138157895 0.42855570175438595 0.5688067384868422 0.443557850877193 0.5534749259868421 0.4585742807017544 0.5500499325657895 0.47943002631578946 0.558974947368421 0.5481939385964912 0.5624905756578947 0.5575640116959064 0.5824360230263158 0.5480295350877192 0.59263034375 0.5642967222222222 0.5989564769736843 0.5593508099415204 0.6055445378289473 0.5360221052631579 0.6283004934210527 0.5121716403508771
1 0.6296504588815789 0.38084049707602335 0.6086976348684211 0.42448890643274856 0.6249561611842105 0.4541929649122807 0.6430581480263158 0.4642777543859649 0.6778518848684211 0.437075216374269 0.706541083881579 0.4358530146198831 0.7208152154605263 0.3853074912280702 0.7164635065789473 0.3614427485380117 0.6942314046052631 0.34852763742690057 0.6296504588815789 0.38084049707602335
1 0.7842881792763158 0.24782250877192982 0.7877634769736842 0.29660979532163745 0.8283998240131579 0.26180969590643277 0.8665782236842104 0.2531686228070175 0.8997904259868421 0.22720256140350878 0.8775583240131579 0.21428745321637427 0.8663969572368422 0.19271698830409356 0.8119197006578948 0.211071216374269 0.7842881792763158 0.24782250877192982
1 0.9661745016447367 0.21468764912280702 0.9701367417763157 0.1967781666666667 0.9620906628289475 0.15265352339181285 0.9359844309210527 0.13831190350877193 0.8718870082236843 0.17327640058479532 0.8741736611842105 0.19572598538011696 0.9141551907894737 0.20688285672514617 0.9218915641447369 0.24930906725146199 0.9301517911184211 0.25496970175438594 0.9451310411184211 0.22811023976608186 0.9661745016447367 0.21468764912280702
1 0.7436418618421052 0.17356236549707602 0.7205333470394737 0.18556979532163742 0.6941308009868421 0.20924157894736842 0.6838961496710526 0.2323916023391813 0.6969512796052632 0.3039858304093567 0.74338990625 0.3010053918128655 0.7787981299342105 0.2672630964912281 0.7782643059210527 0.1949684269005848 0.7723310625 0.17234016374269007 0.7606458404605263 0.18753527192982455 0.7436418618421052 0.17356236549707602
1 0.46854567105263156 0.41893555263157894 0.45734397368421054 0.43678230116959066 0.44056159210526313 0.44384381578947374 0.42874540789473686 0.46823031871345033 0.43828490953947363 0.5304544707602339 0.4730383157894737 0.5426691432748538 0.5189027861842105 0.506811245614035 0.5008814605263158 0.41789203216374265 0.48800759703947366 0.4067494385964912 0.46854567105263156 0.41893555263157894
1 0.30737019243421054 0.6449252748538012 0.32340712335526317 0.6535949035087719 0.36927159210526317 0.6177370116959064 0.35243891118421056 0.5551554970760234 0.3389505592105263 0.5505526578947368 0.31522755756578946 0.5690998450292398 0.29915029605263155 0.5998474239766082 0.30737019243421054 0.6449252748538012
1 0.15083870888157894 0.7279194970760233 0.16415576644736843 0.7811309356725146 0.21269977960526312 0.7401484444444444 0.20738102302631578 0.7109804269005848 0.18954096381578947 0.6825128479532164 0.16594892434210526 0.6918686403508773 0.15378018092105264 0.7044121111111111 0.15083870888157894 0.7279194970760233
1 0.08573390953947368 0.7969979269005848 0.09443733059210527 0.8447274152046783 0.14139981085526315 0.8049814005847953 0.13621201809210526 0.7666219883040937 0.12456712664473683 0.7423998859649122 0.09939355592105263 0.752992157894737 0.09038787828947369 0.76306267251462 0.08573390953947368 0.7969979269005848
1 0.06900182894736842 0.8737024707602339 0.061174825657894734 0.8010504444444444 0.05133306414473684 0.7966262894736842 0.017637338815789473 0.8199407134502923 0.008238769736842106 0.8575854064327486 0.01790923519736842 0.9106181666666667 0.06900182894736842 0.8737024707602339
1 0.35960112828947366 0.5647042514619883 0.40085196052631583 0.5233644005847953 0.39689314309210527 0.4719254766081872 0.3593292302631579 0.47402679532163744 0.3365732730263158 0.49787726023391815 0.34769430921052635 0.558864932748538 0.35960112828947366 0.5647042514619883
1 0.49845387335526314 0.29557359941520467 0.5020198009868422 0.3745867046783626 0.5058879884868421 0.39579980994152053 0.5166967944078947 0.40552723976608185 0.546000480263158 0.397765283625731 0.5929629621710526 0.3580192748538012 0.5892257384868421 0.32761477485380114 0.5608387976973684 0.27103697660818715 0.5269214753289474 0.27331697660818716 0.49845387335526314 0.29557359941520467
0 0.5859213305921053 0.5784474502923976 0.5119529490131579 0.6483872046783625 0.5704067171052631 0.7128129970760234 0.6717864720394736 0.6133818947368421 0.5859213305921053 0.5784474502923976
0 0.942886689144737 0.2543856432748538 0.914022197368421 0.29425184502923973 0.9628976200657894 0.34536125146198826 0.9766717072368422 0.3325033099415205 0.9810854638157894 0.2578471549707603 0.942886689144737 0.2543856432748538
0 0.08653031907894737 0.9413612339181286 0.16498679111842107 0.8888291023391813 0.15549933717105263 0.8367999766081871 0.08095441282894737 0.899611985380117 0.08653031907894737 0.9413612339181286
0 0.33522093750000004 0.7271137105263158 0.31169367434210526 0.7025741842105263 0.2634305822368421 0.7652106608187135 0.28343829769736845 0.7962210000000001 0.33522093750000004 0.7271137105263158
0 0.555097144736842 0.5926387368421052 0.5088252532894737 0.5550573567251461 0.4643961513157895 0.5970741959064327 0.5042249703947368 0.6379160877192983 0.555097144736842 0.5926387368421052
0 0.7943164144736843 0.3120382456140351 0.75591875 0.3068308274853801 0.7256651513157895 0.35424869298245615 0.7744306628289473 0.3507035760233918 0.7943164144736843 0.3120382456140351
0 0.9377489210526315 0.12944423684210526 0.9549538601973684 0.11351535672514619 0.9524178881578947 0.09960811403508772 0.9255780476973684 0.10593380701754386 0.8826282039473685 0.1406138245614035 0.9377489210526315 0.12944423684210526
0 0.820479447368421 0.19250569005847953 0.8641959473684211 0.18364701461988303 0.8960130164473683 0.14556137719298246 0.8655581496710527 0.14847862280701754 0.820479447368421 0.19250569005847953
0 0.641987603618421 0.3485676578947368 0.6825575394736841 0.3476733538011696 0.7370553947368421 0.3006622105263158 0.6857193799342105 0.2973434269005848 0.641987603618421 0.3485676578947368
0 0.658199582236842 0.354607485380117 0.6248013289473684 0.34439048245614035 0.5694624572368422 0.40751545906432746 0.6116398815789473 0.416328730994152 0.658199582236842 0.354607485380117
0 0.589502240131579 0.4138209590643275 0.5613269868421052 0.3962179561403509 0.5161463667763158 0.45746193274853797 0.5395085328947369 0.4639158187134503 0.589502240131579 0.4138209590643275
0 0.45750705427631577 0.5486492309941521 0.4193012417763158 0.5300814941520468 0.37205278782894735 0.5819418567251462 0.40348831743421054 0.6018909532163743 0.45750705427631577 0.5486492309941521
0 0.31937651809210527 0.6690459736842106 0.2874158667763158 0.6378895350877193 0.22172654440789474 0.6986630730994152 0.24111157236842104 0.747849105263158 0.31937651809210527 0.6690459736842106
0 0 0.8169126140350877 0.017315995065789472 0.8022900760233918 0.025518330592105263 0.7659221549707602 0 0.7852241929824562 0 0.8169126140350877
0 0.07991031085526316 0.7221225467836258 0.029670332236842106 0.7594893157894737 0.027201307565789475 0.795720485380117 0.0810753667763158 0.7556282456140352 0.07991031085526316 0.7221225467836258
0 0.07980861019736842 0.721564821637427 0.07928139309210526 0.7583053830409356 0.13518066611842106 0.7165141929824561 0.13173206085526315 0.6805101403508772 0.07980861019736842 0.721564821637427
0 0.13033523519736842 0.6795124736842105 0.1360591759868421 0.7088165058479532 0.18745505921052633 0.6673593099415205 0.1802649342105263 0.6441605877192983 0.13033523519736842 0.6795124736842105
0 0.17571121546052632 0.6446738216374268 0.1900442664473684 0.6627856812865498 0.24485238980263158 0.6129246315789474 0.2277798667763158 0.6022286374269006 0.17571121546052632 0.6446738216374268
0 0.23212835690789474 0.5973789005847954 0.24935575164473683 0.612590514619883 0.3018335986842105 0.5645513771929824 0.28195388815789474 0.555090461988304 0.23212835690789474 0.5973789005847954
0 0.2824793125 0.5522773274853802 0.2956934654605263 0.5642531695906432 0.3370099654605263 0.5217534707602339 0.3275495625 0.5130644678362574 0.2824793125 0.5522773274853802
0 0.38792156907894737 0.46646171052631585 0.4073162993421053 0.47762120467836255 0.45178607894736844 0.4294695438596491 0.4302216825657895 0.4259341111111111 0.38792156907894737 0.46646171052631585
0 0.43657451151315785 0.41905532748538016 0.4566316726973684 0.42058248830409356 0.5001396628289474 0.38592951461988306 0.4734239046052631 0.38466550584795317 0.43657451151315785 0.41905532748538016
0 0 0.778146418128655 0.026933179276315788 0.7590799064327485 0.02969321875 0.7363680175438596 0 0.7558335116959065 0 0.778146418128655
0 0.033239832236842105 0.7248315029239766 0.029466893092105262 0.7583736549707603 0.07844925493421052 0.7245395467836258 0.07695366447368421 0.6930404736842105 0.033239832236842105 0.7248315029239766
0 0.07955902631578947 0.6930795643274854 0.08042817598684211 0.7166189590643275 0.12782928618421052 0.6782849707602339 0.12555546875 0.6518533421052631 0.07955902631578947 0.6930795643274854
0 0.12849517434210528 0.65482016374269 0.12856904111842105 0.6802560877192982 0.18125030263157893 0.6333324824561403 0.17408834539473683 0.6155037865497076 0.12849517434210528 0.65482016374269
0 0.17254876809210526 0.6127298713450292 0.18101910032894736 0.6341505789473685 0.22724585855263157 0.5935481608187134 0.2143662894736842 0.5808244444444445 0.17254876809210526 0.6127298713450292
0 0.21533549999999999 0.5824649327485381 0.22905829276315787 0.5972298187134503 0.2767922697368421 0.5586355847953216 0.2593152023026316 0.537883081871345 0.21533549999999999 0.5824649327485381
0 0.2644566052631579 0.538962269005848 0.2804357105263158 0.5494136403508771 0.32259368914473685 0.5094429122807018 0.30171912335526313 0.4965843771929825 0.2644566052631579 0.538962269005848
0 0.30943495559210527 0.49359960526315794 0.32658846546052633 0.5063197046783625 0.36518623684210527 0.46976965789473685 0.3475003536184211 0.4607915584795321 0.30943495559210527 0.49359960526315794
0 0.36194973684210524 0.458278432748538 0.3736104078947368 0.4638206871345029 0.4175068684210526 0.42504005263157896 0.3989227302631579 0.41421011695906435 0.36194973684210524 0.458278432748538
0 0.4064657467105263 0.41455199707602336 0.4250340641447368 0.420429783625731 0.46319726809210526 0.38358226023391817 0.43945515953947367 0.38092637426900583 0.4064657467105263 0.41455199707602336
0 0.005748027960526316 0.7138207485380117 0.0017254292763157896 0.741822052631579 0.03491361513157895 0.7152375350877193 0.03588578782894737 0.6868787923976608 0.005748027960526316 0.7138207485380117
0 0.04201551809210526 0.6790925760233918 0.045825292763157895 0.7041570584795321 0.07908744407894737 0.6800639912280702 0.07565475986842106 0.6494082485380117 0.04201551809210526 0.6790925760233918
0 0.08271242763157895 0.6415387631578948 0.08351684375 0.677238418128655 0.12155052796052632 0.6417666228070176 0.11842986184210527 0.6127765672514619 0.08271242763157895 0.6415387631578948
0 0.11541047039473684 0.6185240087719298 0.12162454605263157 0.6442582309941521 0.1678697384868421 0.6100146228070176 0.15422246217105262 0.5847930935672514 0.11541047039473684 0.6185240087719298
0 0.15208488157894737 0.5860270730994152 0.16610352302631579 0.6107581140350877 0.20201962664473685 0.5699312426900585 0.18451177467105265 0.5579230935672514 0.15208488157894737 0.5860270730994152
0 0.2663339342105263 0.48459503508771934 0.29656288322368424 0.4960151578947368 0.32435069901315794 0.4711032923976608 0.3061090625 0.45807185672514616 0.2663339342105263 0.48459503508771934
0 0.3158248832236842 0.4535500087719298 0.33216458388157893 0.4618075087719298 0.36872798190789474 0.4370454970760234 0.34081479111842106 0.4293435643274854 0.3158248832236842 0.4535500087719298
0 0.3570026069078947 0.420718985380117 0.37410986184210526 0.4290137280701754 0.4055595871710526 0.4012389035087719 0.38435335032894735 0.3968986754385965 0.3570026069078947 0.420718985380117
0 0.39408387993421057 0.39045328654970757 0.41554655098684207 0.39343086257309945 0.4457201365131579 0.3628297105263158 0.41522056085526315 0.36798229824561407 0.39408387993421057 0.39045328654970757
0 0.5698821069078948 0.2969868976608187 0.6049288700657895 0.3014536286549707 0.6461435970394737 0.2583961198830409 0.5847303733552632 0.27531969005847956 0.5698821069078948 0.2969868976608187
0 0.3129956529605263 0.5757029298245614 0.30330467269736844 0.5705327222222222 0.277102677631579 0.6067201081871345 0.2945012154605263 0.6182053625730994 0.3129956529605263 0.5757029298245614
0 0.44049601480263156 0.4530759269005848 0.42669919407894735 0.4587638888888889 0.39909230756578945 0.4985893187134503 0.4167398733552632 0.5105268684210527 0.44049601480263156 0.4530759269005848
0 0 0.8721602748538012 0.009617042763157896 0.8655371754385964 0.010829450657894736 0.8246280058479533 0 0.8321256754385964 0 0.8721602748538012
0 0.026145386513157894 0.8125699766081872 0.07277251809210526 0.7817048011695907 0.06778552796052631 0.7604532777777777 0.023722419407894737 0.7926344181286549 0.026145386513157894 0.8125699766081872