1 0.9575852243150685 1 0.9745786352739726 0.9941195304878049 0.9593405359589041 0.9374492134146342 0.8880262602739727 0.9725052042682926 0.8942740770547946 1 0.9575852243150685 1
1 1 0.8717264969512195 0.9792350873287671 0.8789120731707317 0.9670899537671233 0.9025884451219512 0.9912281095890411 0.9688844573170732 0.9938272962328767 0.9322833841463415 1 0.9305351554878049 1 0.8717264969512195
1 0.8075186506849314 1 0.8254318493150685 0.9938012439024391 0.8469121780821918 0.9979756402439024 0.844330897260274 0.9736064939024391 0.8358410856164383 0.9519647164634145 0.8169122071917808 0.9285917439024391 0.7971650856164384 0.9159515 0.7735517808219178 0.9338595548780487 0.779537426369863 0.9869635152439025 0.7897500565068493 1 0.8075186506849314 1
1 0.2641000119863014 1 0.24822385273972603 0.9241555945121952 0.2322994571917808 0.9134381219512195 0.2045575410958904 0.9197924451219511 0.1834999623287671 0.9335705030487804 0.17644455308219179 0.9652224176829269 0.16242065410958903 0.9635841006097561 0.16652753253424657 0.9913733658536584 0.16983493664383562 1 0.2641000119863014 1
1 0.4867387962328767 0.8708293323170732 0.472081397260274 0.8661646280487805 0.4535795445205479 0.8758126890243904 0.4484463630136986 0.9003082195121951 0.4613198578767123 0.9833336829268293 0.5150192106164383 0.9681651768292683 0.5351020256849315 0.9384792073170732 0.5189369349315068 0.8694241676829269 0.5014179246575342 0.8592585 0.4867387962328767 0.8708293323170732
1 0.6139584674657534 0.8495249359756097 0.6059636729452055 0.8685195060975609 0.6170173133561644 0.9458345426829268 0.6632610821917808 0.9298321615853657 0.6715834897260274 0.9042330152439025 0.6608140034246575 0.8527844725609756 0.6378776575342466 0.8412478414634146 0.6139584674657534 0.8495249359756097
1 0.7702087808219178 0.8116834512195121 0.7679154794520548 0.857915481707317 0.7748839691780822 0.8912057164634146 0.8249504606164384 0.8771261036585366 0.8148362054794521 0.8124684115853659 0.8040232619863014 0.7934909420731708 0.7906328613013699 0.7948790091463416 0.7702087808219178 0.8116834512195121
1 0.8390830102739726 0.7975867408536585 0.8396730496575342 0.8330841981707318 0.8501366506849315 0.8749017774390244 0.898608529109589 0.8613739695121951 0.8872055445205479 0.8068990457317073 0.8713028784246576 0.7799460365853659 0.8611017037671232 0.7802304878048781 0.8390830102739726 0.7975867408536585
1 0.9063626267123288 0.7840418353658537 0.9276174417808218 0.8610724176829269 0.9780115479452054 0.840388231707317 0.9653415667808218 0.7798605335365854 0.9446550616438355 0.7545629451219512 0.9118016952054795 0.7691772652439024 0.9063626267123288 0.7840418353658537
1 0.5593922910958904 0.8911264634146342 0.6043473321917808 0.8853068475609757 0.6107475119863014 0.866864088414634 0.5961770325342466 0.7972572378048781 0.5709908441780822 0.7994815640243903 0.5432054691780822 0.8383069573170732 0.5593922910958904 0.8911264634146342
1 0.4316043116438356 0.8606978658536585 0.40493215924657533 0.7822963140243903 0.37622913184931506 0.7922288292682927 0.35099948287671234 0.8269242286585367 0.3515243339041096 0.9111282926829268 0.36008743493150686 0.943866719512195 0.40855931506849313 0.9303389176829268 0.43250023630136986 0.9058262835365853 0.43667230479452057 0.8849089420731707 0.4316043116438356 0.8606978658536585
0 0.9286106215753424 0.898495756097561 0.8517726489726027 0.9202310640243901 0.8642028544520548 0.9796132835365854 0.9400494623287671 0.9439323658536586 0.9286106215753424 0.898495756097561
0 0.7459674058219178 1 0.7476827106164383 0.9699564420731708 0.6898059092465754 0.9633061341463414 0.6839025650684931 1 0.7459674058219178 1
0 0.3132962910958904 1 0.3213422619863014 0.9882094024390243 0.27094609931506847 0.9874009207317074 0.2633134246575342 1 0.3132962910958904 1
0 0.377811419520548 1 0.3952982328767123 0.9650234329268293 0.33215330479452054 0.965599106707317 0.3169959537671233 1 0.377811419520548 1
0 0.4377035821917808 0.9856817347560975 0.4521125770547945 0.9542148109756098 0.39696726712328767 0.9455293231707318 0.38322307534246575 0.9927411341463416 0.4377035821917808 0.9856817347560975
0 0.5865527602739726 0.9680592469512196 0.6017729503424658 0.9150927378048781 0.5486129743150685 0.9175045609756096 0.5280139349315068 0.976523006097561 0.5865527602739726 0.9680592469512196
0 0.7573056969178082 0.9293342774390244 0.753043676369863 0.8618815640243903 0.6833270051369863 0.8759193658536586 0.6718761421232877 0.9400274756097561 0.7573056969178082 0.9293342774390244
0 1 0.799196149390244 0.9754758099315068 0.8102027682926829 0.995929044520548 0.8514773902439025 1 0.8495772926829269 1 0.799196149390244
0 1 0.6836553597560976 0.9700201849315069 0.6945175304878048 0.9872961061643836 0.7185810335365854 1 0.712089131097561 1 0.6836553597560976
0 0.9383551113013698 0.7375652042682928 0.9837028407534246 0.7248226737804878 0.9690823510273971 0.6934764908536585 0.919001102739726 0.7121723841463415 0.9383551113013698 0.7375652042682928
0 0.8752475804794521 0.7628170335365854 0.9288168818493152 0.7421074268292683 0.9136356335616439 0.7106152347560976 0.8636876404109589 0.7299477134146342 0.8752475804794521 0.7628170335365854
0 0.8110314332191781 0.7469939298780487 0.8218739623287672 0.7847004999999999 0.8775279965753425 0.7633933140243903 0.8635543955479452 0.7293111737804878 0.8110314332191781 0.7469939298780487
0 0.7626872020547946 0.7654313780487805 0.7661014845890411 0.7951241310975611 0.8183940719178082 0.7783941554878049 0.8116665736301371 0.7445354573170732 0.7626872020547946 0.7654313780487805
0 0.7130092910958904 0.7774974908536586 0.7046920924657535 0.8061329725609756 0.7625475753424658 0.7936229115853658 0.7661511592465753 0.7609685579268293 0.7130092910958904 0.7774974908536586
0 0.6566172191780821 0.7918870000000001 0.6458247003424658 0.8224070975609756 0.7013306164383563 0.8107100335365853 0.708088323630137 0.7776470243902439 0.6566172191780821 0.7918870000000001
0 0.608284426369863 0.8017794268292683 0.6046976044520548 0.8202524512195122 0.6501290188356165 0.8154555030487805 0.6551985496575342 0.7898043536585366 0.608284426369863 0.8017794268292683
0 0.5022253065068493 0.8311327591463414 0.48802900856164383 0.8578939024390244 0.5378188869863014 0.8550025182926829 0.5476342157534246 0.823407118902439 0.5022253065068493 0.8311327591463414
0 0.45589361130136985 0.8391394634146342 0.4371531061643836 0.8693542896341464 0.48125676369863013 0.8547753414634146 0.4951124726027398 0.831545844512195 0.45589361130136985 0.8391394634146342
0 1 0.6609092103658537 0.991014345890411 0.6522558658536585 0.9525369332191781 0.6746224176829269 0.9660714178082191 0.6876907347560975 1 0.6749058932926829 1 0.6609092103658537
0 0.9050639640410959 0.6888313384146342 0.9154521164383562 0.7072555701219512 0.9577492345890412 0.6892050609756097 0.942679676369863 0.6705229268292683 0.9050639640410959 0.6888313384146342
0 0.855052631849315 0.699304618902439 0.8656324400684932 0.7306402957317073 0.9133690924657535 0.7093418993902438 0.8982453253424658 0.6818025731707318 0.855052631849315 0.699304618902439
0 0.8048688698630138 0.713253987804878 0.8130141181506849 0.7406553109756098 0.8612788955479452 0.7253191341463414 0.853193881849315 0.7021718170731707 0.8048688698630138 0.713253987804878
0 0.7565246386986301 0.7316914359756097 0.7579721815068493 0.7562884115853659 0.8132115890410959 0.7433181646341463 0.8038530342465754 0.7192459298780488 0.7565246386986301 0.7316914359756097
0 0.7147335770547945 0.7427365640243903 0.7101813304794521 0.7687296646341463 0.7584411198630138 0.7568088963414634 0.7566051815068493 0.7274024756097561 0.7147335770547945 0.7427365640243903
0 0.6665270941780822 0.7510629817073171 0.6616400890410958 0.7896235640243903 0.7102404880136987 0.77417125 0.7146437345890411 0.7453368292682927 0.6665270941780822 0.7510629817073171
0 0.6207582294520548 0.7581740579268293 0.6105075924657534 0.7929796615853658 0.6556082602739726 0.7848831707317073 0.6632298236301369 0.7576662530487805 0.6207582294520548 0.7581740579268293
0 0.5745983886986301 0.7741474024390244 0.5652045479452055 0.8018288353658537 0.6064797791095891 0.7943734634146341 0.6141062585616438 0.7637407926829268 0.5745983886986301 0.7741474024390244
0 0.5203907071917808 0.7860728018292683 0.5110362397260274 0.8164767591463414 0.5569464948630137 0.8053691402439024 0.5632796181506848 0.7874739725609756 0.5203907071917808 0.7860728018292683
0 0.47893306506849315 0.7987107621951219 0.4628455839041096 0.8270080396341464 0.5039184383561643 0.8203053475609756 0.5150938989726027 0.7945896036585365 0.47893306506849315 0.7987107621951219
0 1 0.6148052530487805 0.9915773767123288 0.6076475152439024 0.9555631575342467 0.6237330457317073 0.9791473749999999 0.6469792225609756 1 0.6394172987804878 1 0.6148052530487805
0 0.921745551369863 0.6352288292682926 0.9394022054794521 0.6634638323170732 0.9673304606164383 0.652434012195122 0.9509331660958904 0.6239697134146341 0.921745551369863 0.6352288292682926
0 0.8822998715753424 0.6488787774390243 0.8934919948630137 0.6745715457317073 0.9271904315068492 0.6635930487804879 0.9139373561643835 0.64155125 0.8822998715753424 0.6488787774390243
0 0.8398419657534247 0.6567382347560976 0.8487169914383562 0.6893828079268293 0.8815467328767124 0.6759739451219513 0.8750116780821918 0.6481935731707318 0.8398419657534247 0.6567382347560976
0 0.7955330941780822 0.6686546341463415 0.804016125 0.699389118902439 0.8444868184931507 0.6915294969512195 0.8318557910958905 0.6569825518292682 0.7955330941780822 0.6686546341463415
0 0.7594444897260274 0.6811428841463414 0.7589646489726027 0.7197583201219512 0.8048848390410959 0.7018196890243902 0.7998306232876713 0.6707956981707317 0.7594444897260274 0.6811428841463414
0 0.7277246660958904 0.6887029176829268 0.7195799880136986 0.7190489878048781 0.7605096318493151 0.7185408780487805 0.7614379657534247 0.6799846554878048 0.7277246660958904 0.6887029176829268
0 0.6033517397260274 0.7266168018292682 0.5950581130136986 0.7587252134146342 0.6242548630136986 0.7520356890243902 0.6417633852739727 0.7084247469512195 0.6033517397260274 0.7266168018292682
0 0.5677689863013698 0.7372217926829269 0.5505496729452055 0.7748099054878049 0.5860004777397261 0.7584457134146342 0.5946930702054795 0.7329063963414634 0.5677689863013698 0.7372217926829269
0 0.524460375 0.7539166951219511 0.5108193732876712 0.781047856707317 0.543708316780822 0.7730806707317073 0.5529389845890411 0.746672393292683 0.524460375 0.7539166951219511
0 0.4915678595890411 0.7601743201219512 0.4677326164383562 0.7884473414634147 0.5007498167808219 0.7845323658536585 0.5150793886986301 0.7584079176829268 0.4915678595890411 0.7601743201219512
0 0.3354064863013699 0.8569183536585365 0.28498938869863016 0.9076715426829269 0.3305540273972603 0.9035112957317073 0.35409933561643836 0.8612252012195123 0.3354064863013699 0.8569183536585365
0 0.6709493219178082 0.8650497621951219 0.6792088835616438 0.835315655487805 0.6469802071917807 0.8296469908536586 0.6419255993150684 0.8450514634146341 0.6709493219178082 0.8650497621951219
0 0.5432190633561644 0.8962774725609757 0.5514903133561644 0.8658462164634148 0.5169054143835616 0.8582722286585365 0.5048810890410959 0.8678952865853657 0.5432190633561644 0.8962774725609757
0 1 0.7299417469512195 0.9512841900684932 0.7515884268292683 0.9672928818493151 0.7888581829268292 1 0.774188862804878 1 0.7299417469512195
0 0.9301762585616439 0.735417274390244 0.8865880958904109 0.7529307865853658 0.8908659006849314 0.7783935091463415 0.9358106301369864 0.7568533170731707 0.9301762585616439 0.735417274390244