1 0 0.33811359693877546 0.01123933810888252 0.35912355357142856 0.06332592836676218 0.27121640306122446 0 0.16467167346938774 0 0.33811359693877546
1 0.11322948853868195 0.5497761096938776 0.13473557449856732 0.48011501530612244 0.07268121633237823 0.38618923979591835 0.0496258323782235 0.43088031887755107 0.11322948853868195 0.5497761096938776
1 0.2521813080229226 0.7365946709183674 0.24745037679083093 0.800678331632653 0.3357671446991404 0.965770918367347 0.34552836532951287 0.8187509260204081 0.2564549169054441 0.7076478086734694 0.2521813080229226 0.7365946709183674
1 0.4692264140401146 0.9007001887755103 0.42887738825214905 0.8298920790816326 0.36014514183381086 0.8619458801020409 0.3518289068767908 0.9879463392857143 0.4660854455587393 0.9843951658163265 0.4692264140401146 0.9007001887755103
1 0.14737780945558737 0.11592107908163266 0.10721809455587392 0.028537599489795916 0.041767349570200576 0.12047980102040816 0.0911417865329513 0.2062500382653061 0.14737780945558737 0.11592107908163266
1 0.21814764183381088 0.2297447831632653 0.17311089971346705 0.16556350765306124 0.12990398853868196 0.25828288775510205 0.17999185959885386 0.3461764821428571 0.21814764183381088 0.2297447831632653
1 0.2024810659025788 0.3785513163265306 0.2529851690544413 0.4656955535714286 0.2870731719197708 0.33858204081632653 0.2577548911174785 0.27608173469387753 0.22099270630372492 0.2858499362244898 0.2024810659025788 0.3785513163265306
1 0.3251986805157593 0.403694943877551 0.28199107593123207 0.43527236479591835 0.2823834914040115 0.5202139821428571 0.3287536017191977 0.5980973112244898 0.3530017535816619 0.531078543367347 0.3559129240687679 0.461109793367347 0.3251986805157593 0.403694943877551
1 0.48926544699140395 0.6688358852040817 0.4616197034383954 0.6387029770408164 0.41591248567335243 0.6620117193877552 0.4188452607449857 0.7711247678571429 0.47842869054441256 0.8471085790816326 0.4991433810888252 0.765789668367347 0.48926544699140395 0.6688358852040817
1 0.4919213022922636 0.7415162448979592 0.49261361891117483 0.8690078801020409 0.5395288194842407 0.9259277040816327 0.5517638538681948 0.8441473801020408 0.549642194842407 0.7678487015306122 0.5226856375358165 0.7297700561224489 0.4919213022922636 0.7415162448979592
1 0.5548965458452723 0.8209374464285715 0.5425980916905444 0.9096091709183673 0.5513909197707736 0.918345012755102 0.5494040873925502 0.9454341581632653 0.5718589527220631 0.9811076505102041 0.6126960616045846 0.9798384056122449 0.6129407120343839 0.9794959158163266 0.6192907220630373 0.8874054234693878 0.61058846991404 0.8480357193877551 0.5917557492836677 0.8089808801020407 0.5789107349570201 0.8003709821428572 0.5548965458452723 0.8209374464285715
1 0.08068521203438396 0 0.07676832234957019 0.019570783163265305 0.09565957306590257 0 0.08068521203438396 0
1 0.2021536790830946 0.13459424234693876 0.18219167765042982 0.15503476275510203 0.18667264183381088 0.17111192602040814 0.18236077793696276 0.1784532448979592 0.2013233381088825 0.21390039795918367 0.21455786676217767 0.21168723214285715 0.23003890401146135 0.17516955102040818 0.21810275501432666 0.14130583928571427 0.2021536790830946 0.13459424234693876
1 0.30644775501432664 0.32955357908163263 0.28381047134670484 0.36809551020408166 0.2813042865329513 0.4096154056122449 0.2926818223495702 0.43088369642857144 0.3096696017191977 0.40873379081632655 0.33872336962750715 0.41683991071428567 0.34256719484240683 0.3662693112244898 0.32550089111747854 0.33436687499999995 0.30644775501432664 0.32955357908163263
1 0.443745159025788 0.647813150510204 0.46939592836676214 0.6380067755102041 0.477291941260745 0.5873102346938776 0.46005653724928364 0.5319893112244898 0.4494972922636103 0.5161010663265306 0.43923698567335245 0.5200236173469388 0.4103915802292264 0.5623621530612245 0.4070278452722063 0.571475831632653 0.41624944699140404 0.5964147831632652 0.4114182320916905 0.6181868520408164 0.4152107435530086 0.6252762831632653 0.42736730802292267 0.6248984464285714 0.443745159025788 0.647813150510204
1 0.5033714871060172 0.5937069668367346 0.4784997449856733 0.5818672142857143 0.46909698997134675 0.6181959821428572 0.46900641404011456 0.6488298392857142 0.489865229226361 0.6878217066326531 0.49748951575931233 0.7290267397959184 0.5238287363896847 0.7282080994897959 0.533530429799427 0.7116901275510203 0.5338806805157593 0.6738408954081632 0.5033714871060172 0.5937069668367346
1 0.6015480186246418 0.7618290510204081 0.5803782134670488 0.7877125892857143 0.6061075057306591 0.831958556122449 0.6194205601719197 0.8837977346938776 0.6393312478510029 0.9210172448979592 0.6396815 0.8831680102040816 0.6466686461318051 0.857725280612245 0.6249522808022923 0.7863271964285714 0.6015480186246418 0.7618290510204081
1 0.63427961747851 0.977030862244898 0.6374061790830946 0.9790703979591836 0.6883490974212034 0.977487056122449 0.6883862779369627 0.935709012755102 0.6567991160458453 0.857410418367347 0.6472272607449857 0.8703207015306121 0.6520464255014327 0.9332348316326531 0.6347989699140401 0.9626001096938775 0.63427961747851 0.977030862244898
1 0.6250549083094555 0.6710071352040817 0.6139370487106017 0.6425234668367347 0.5967409068767908 0.6142287193877551 0.5837660544412607 0.6092265076530612 0.5546609727793697 0.6587804209183673 0.5674546747851004 0.7250503469387756 0.5914175487106017 0.7621439132653062 0.6239256275071633 0.7305024974489797 0.6326791948424069 0.7122121683673469 0.6229382392550143 0.7017039668367346 0.6250549083094555 0.6710071352040817
1 0.44645659885386824 0.37565313775510206 0.4356376776504298 0.3669802653061225 0.42831232951289394 0.3455860306122449 0.4143893481375358 0.3388114617346939 0.38864800286532947 0.37925169387755103 0.39170074928366766 0.43501342091836737 0.41919645988538684 0.48641179336734697 0.45489917335243557 0.4222382168367347 0.4567561676217765 0.39875676020408163 0.44645659885386824 0.37565313775510206
1 0.30469338968481374 0.23771497704081632 0.3047326518624642 0.2647411454081633 0.3322283638968481 0.3161395178571429 0.3563331289398281 0.26493919387755105 0.35508606160458456 0.24335604081632653 0.3408641432664756 0.21677067602040814 0.3230188123209169 0.20651436479591836 0.30469338968481374 0.23771497704081632
1 0.22863479083094557 0.04548171173469388 0.2078937607449857 0.08756835714285714 0.23836369340974212 0.14067611479591838 0.2502213194842407 0.12048748214285715 0.258675946991404 0.08238635969387756 0.24863605444126075 0.052067362244897955 0.23997306446991407 0.03972383163265306 0.22863479083094557 0.04548171173469388
1 0.16981647134670488 0 0.161994106017192 0.013318252551020407 0.19151590974212032 0.06465365306122449 0.20755556160458455 0.040731390306122446 0.21562067478510027 0.013453329081632652 0.21101427936962752 0 0.16981647134670488 0
1 0.3537876819484241 0.2794329158163265 0.3826210358166189 0.3217805816326531 0.4048688065902579 0.2940617142857143 0.39465981375358167 0.24032423469387754 0.37828196275071635 0.2174095306122449 0.35348874498567334 0.2596221224489796 0.3537876819484241 0.2794329158163265
1 0.5095251862464183 0.3664856173469388 0.4747313381088826 0.40540538265306125 0.46610761031518627 0.4200880229591837 0.46438045415472784 0.4399617908163265 0.4751088008595989 0.47926852040816326 0.5046306045845272 0.5306039183673469 0.517436358166189 0.5121876454081633 0.5359821948424068 0.446745487244898 0.5265914899713466 0.39838805357142854 0.5095251862464183 0.3664856173469388
0 0.22502733524355303 0.7587624234693877 0.23752633810888252 0.6782000153061224 0.14962375787965615 0.5182789056122449 0.1339738252148997 0.5885539821428571 0.22502733524355303 0.7587624234693877
0 0.4033755343839542 0.6144703852040816 0.35356430802292266 0.5367471301020408 0.3388873510028653 0.649270375 0.4087708395415473 0.7542710943877551 0.4033755343839542 0.6144703852040816
0 0.11641651719197708 0.04307414540816327 0.15947493696275072 0.13475696938775508 0.18062625071633237 0.0987450331632653 0.13389093553008596 0.017140158163265307 0.11641651719197708 0.04307414540816327
0 0.27445265042979944 0.31331130357142856 0.2797318223495702 0.26861547704081634 0.23955477793696275 0.22516111479591838 0.23048651289398278 0.2675005586734694 0.27445265042979944 0.31331130357142856
0 0.38936963323782237 0.575697068877551 0.3949299312320917 0.49235245663265303 0.36500741977077367 0.4456712091836735 0.35638671203438393 0.5210367525510204 0.38936963323782237 0.575697068877551
0 0.5750279957020058 0.8038303877551021 0.5679132206303725 0.745759918367347 0.5390468065902578 0.7220020255102041 0.552669075931232 0.7914151964285714 0.5750279957020058 0.8038303877551021
0 0.7010655744985673 0.8995269285714286 0.7205697779369628 0.9764856147959183 0.7439538180515759 0.9757588214285714 0.7409151232091691 0.9663454464285715 0.7010655744985673 0.8995269285714286
0 0.6741935830945559 0.859088142857143 0.6928248467048711 0.9344894642857142 0.7182240200573066 0.9749733035714285 0.7004389871060172 0.9067502270408162 0.6741935830945559 0.859088142857143
0 0.6354444212034384 0.7908506275510204 0.6502209742120344 0.8506517602040816 0.6752594928366762 0.8806678775510204 0.6664346518624642 0.8376184540816326 0.6354444212034384 0.7908506275510204
0 0.5209834283667621 0.5978723010204081 0.5313885229226362 0.6564971913265306 0.5660480243553009 0.7156906428571428 0.5548909957020057 0.6396083903061224 0.5209834283667621 0.5978723010204081
0 0.5222531504297994 0.624030318877551 0.5186325687679083 0.5710924540816327 0.4764906475644699 0.5175553239795918 0.4829092349570201 0.5826626989795918 0.5222531504297994 0.624030318877551
0 0.47858405730659026 0.5493940918367347 0.4795856934097421 0.500899456632653 0.44079722922636105 0.46133386989795916 0.4436426819484241 0.4980682117346939 0.47858405730659026 0.5493940918367347
0 0.3851720716332378 0.4149771734693878 0.38413652578796564 0.3514817780612245 0.34907482091690545 0.30490246683673466 0.3478176948424069 0.35914061224489796 0.3851720716332378 0.4149771734693878
0 0.2967631575931232 0.26547543367346943 0.30295073495702 0.20568873724489797 0.25931884240687675 0.13609355102040815 0.2418910916905444 0.18528713775510205 0.2967631575931232 0.26547543367346943
0 0.2207466217765043 0 0.2299240358166189 0.017838663265306122 0.2434033481375358 0 0.2207466217765043 0
0 0.24259547564469913 0 0.2336159670487106 0.015830007653061223 0.2650032636103152 0.07288297959183673 0.27370453438395415 0.05252104081632653 0.24789512320916907 0 0.24259547564469913 0
0 0.2723502335243553 0.04611702806122449 0.2677064641833811 0.07469620153061224 0.30372913323782236 0.13312419897959182 0.304349441260745 0.10372669897959183 0.2723502335243553 0.04611702806122449
0 0.30761099856733526 0.10798081632653062 0.30499015472779367 0.139531443877551 0.33961580085959886 0.19534802040816326 0.3389864627507163 0.16239491836734693 0.30761099856733526 0.10798081632653062
0 0.34038606733524357 0.1619580943877551 0.33823676504297995 0.18629022704081633 0.36760995558739257 0.2282382219387755 0.3692006905444126 0.21076897704081632 0.34038606733524357 0.1619580943877551
0 0.4051239126074499 0.2786804005102041 0.4048668180515759 0.3116533086734694 0.437569111747851 0.3557745612244898 0.43384921919770775 0.3229009617346939 0.4051239126074499 0.2786804005102041
0 0.4385209656160458 0.3292040153061225 0.4427759899713467 0.3590280280612245 0.4691467793696275 0.40751344897959185 0.4631314627507163 0.36811723214285713 0.4385209656160458 0.3292040153061225
0 0.2490464799426934 0 0.27883613323782236 0.04933132653061224 0.28511988108882524 0.03130299489795918 0.2667969899713467 0 0.2490464799426934 0
0 0.28599271346704874 0.02787948979591837 0.278409782234957 0.04934432653061224 0.30813686676217766 0.09924402806122448 0.3107063022922636 0.07507923979591836 0.28599271346704874 0.02787948979591837
0 0.3102045845272206 0.07718928316326532 0.3069214713467049 0.1034519336734694 0.3361134598853868 0.15640116326530612 0.3411743610315186 0.12212181632653062 0.3102045845272206 0.07718928316326532
0 0.34195459169054443 0.1300604387755102 0.3411751776504298 0.1577631913265306 0.3696140286532951 0.20201477040816326 0.3702733982808023 0.1661641479591837 0.34195459169054443 0.1300604387755102
0 0.37352308022922637 0.17611209438775507 0.3720088925501433 0.20649154846938775 0.3980257034383954 0.2470254132653061 0.3977192063037249 0.21746923469387755 0.37352308022922637 0.17611209438775507
0 0.4024159111747851 0.23741211479591837 0.4027882865329513 0.25673807908163265 0.4311184025787965 0.30402627551020406 0.4314265358166189 0.2723730306122449 0.4024159111747851 0.23741211479591837
0 0.4331316948424069 0.28348988520408164 0.43505546418338115 0.31300588265306123 0.4610994498567335 0.3527806862244898 0.45644560744985674 0.31711523469387753 0.4331316948424069 0.28348988520408164
0 0.27590335530085963 0 0.28606511891117475 0.019914877551020407 0.29128348137535814 0 0.27590335530085963 0
0 0.2896943452722063 0 0.28529403724928365 0.01766343112244898 0.3125806676217765 0.05247104081632653 0.31368607020057304 0.021880173469387757 0.3008170744985673 0 0.2896943452722063 0
0 0.3669631733524355 0.10957972959183672 0.36925926934097425 0.15842166581632652 0.38735678223495706 0.1882017857142857 0.38874328653295126 0.15610679081632653 0.3669631733524355 0.10957972959183672
0 0.3931799670487106 0.16830738010204083 0.3934799383954155 0.19559796173469388 0.413673159025788 0.23820564540816327 0.4102692535816619 0.19431926275510206 0.3931799670487106 0.16830738010204083
0 0.41815372063037254 0.21418141326530613 0.41862609598853867 0.24260426020408163 0.43891891977077363 0.2764881224489796 0.4356506690544412 0.24379185459183672 0.41815372063037254 0.21418141326530613
0 0.4409594212034384 0.255192612244898 0.4449060959885387 0.2876800892857143 0.4661603581661891 0.3185012270408163 0.4563152793696275 0.2763411173469388 0.4409594212034384 0.255192612244898
0 0.5264956575931232 0.4709773596938775 0.5331187722063037 0.5238579056122449 0.562718712034384 0.5654197295918367 0.5399384011461318 0.48332287755102044 0.5264956575931232 0.4709773596938775
0 0.33733276361031517 0.21634357397959184 0.3372779871060172 0.20004125255102043 0.3144807277936963 0.17738152040816327 0.3135844541547278 0.20759015306122447 0.33733276361031517 0.21634357397959184
0 0.4241280386819485 0.34943214540816325 0.41815882808022925 0.33179382653061223 0.3933727249283668 0.3086439591836735 0.3923336375358166 0.3394078903061224 0.4241280386819485 0.34943214540816325