1 0.6065901758409785 0.8258068695652174 0.6394171223241589 0.8369767364130434 0.7644337752293577 0.6800588885869565 0.6838383287461774 0.6547030760869565 0.5906604357798165 0.8161441413043479 0.6065901758409785 0.8258068695652174
1 0.7701819235474007 0.4264608396739131 0.7157849571865443 0.4984459972826087 0.713985504587156 0.6296070326086957 0.7865249801223242 0.6523305461956521 0.9245654204892967 0.4790655597826087 0.9086991467889908 0.4564928586956522 0.7701819235474007 0.4264608396739131
1 0.9120585229357798 0.3052244510869565 0.8286537553516821 0.42226937771739126 0.9469404464831803 0.4509809755434782 0.9637121070336391 0.42992959510869566 0.9732589862385321 0.31410050271739126 0.9120585229357798 0.3052244510869565
1 0.3523056146788991 0.9398474782608696 0.2946002737003058 0.8615186902173914 0.24272346330275227 0.9426977255434782 0.26881666972477064 0.9963684375 0.3099176406727829 0.9959434836956522 0.3523056146788991 0.9398474782608696
1 0.3784043027522936 0.8993287472826088 0.44560819113149847 0.8091432554347826 0.3803100244648318 0.737873472826087 0.334207879204893 0.7895611114130435 0.32885551070336394 0.8593014836956521 0.3784043027522936 0.8993287472826088
1 0.43064211926605506 0.6697549211956522 0.4363118562691132 0.7528466385869566 0.4869842171253823 0.7568585625 0.5474208241590214 0.6739361657608696 0.5148994648318043 0.6245479483695652 0.47414164678899084 0.615155375 0.43064211926605506 0.6697549211956522
1 0.6382739648318043 0.3757757336956522 0.6119433455657491 0.4261255244565217 0.61193274617737 0.5134595869565217 0.677762374617737 0.5140418641304347 0.7410818180428135 0.40614302173913047 0.6989764648318043 0.36260574456521744 0.6382739648318043 0.3757757336956522
1 0.682336496941896 0.37484166032608696 0.7584236773700306 0.3806688070652174 0.806549374617737 0.2955480081521739 0.7615938516819571 0.26794540217391305 0.715540120795107 0.2676716494565218 0.6846899128440367 0.3162798614130435 0.682336496941896 0.37484166032608696
1 0.7817750535168196 0.15744272010869564 0.7528113470948012 0.19070558967391307 0.7437856773700305 0.21440105434782608 0.7487319204892967 0.26075096467391307 0.7977696100917431 0.2888583559782609 0.8056394464831804 0.2727969972826087 0.8211581360856269 0.2780516440217391 0.8725755229357799 0.2042387989130435 0.8607283058103975 0.1603674918478261 0.8078491804281345 0.14326510597826086 0.7817750535168196 0.15744272010869564
1 0.9152052324159021 0.09508104891304348 0.9434866070336392 0.07077184510869565 0.9191545733944954 0.0029627445652173913 0.8930065550458716 0.05492764402173913 0.8994995733944955 0.08387775 0.9152052324159021 0.09508104891304348
1 0.23311332721712538 0.8863011657608696 0.2392154006116208 0.925016972826087 0.2501447782874618 0.9174820163043478 0.25320431957186545 0.9260084184782609 0.2800603394495413 0.8922993994565217 0.28276294954128445 0.8672654891304348 0.265731498470948 0.8360846358695653 0.2419520275229358 0.8566570489130435 0.23311332721712538 0.8863011657608696
1 0.38082144189602446 0.7009015461956521 0.39688403058103977 0.7456651548913044 0.4208334648318042 0.7527043994565218 0.4369470764525994 0.7324789864130434 0.4289242874617737 0.6992656793478261 0.4425732828746177 0.6450338070652174 0.4136435917431193 0.6349706657608696 0.38947317125382264 0.6653087826086956 0.38082144189602446 0.7009015461956521
1 0.6119361743119266 0.46027863315217393 0.6138909082568808 0.4114501168478261 0.5861170474006117 0.39375286956521743 0.5479577125382263 0.4230995461956522 0.5352945871559632 0.44208565489130436 0.5345126926605505 0.4616170625 0.5509492201834862 0.5182779728260869 0.5553515611620795 0.5251189239130435 0.5729949434250765 0.5091567119565218 0.5844852293577981 0.5194677119565217 0.5898564342507645 0.5127259076086956 0.5933239296636085 0.4898236005434783 0.6119361743119266 0.46027863315217393
1 0.5978453272171254 0.3450235 0.5832444770642202 0.39117511956521744 0.6020096758409786 0.41090482065217393 0.6202139648318042 0.4127885652173913 0.6497555886850153 0.3757086385869566 0.6765946009174312 0.3636626277173913 0.68410750764526 0.31404095652173913 0.6772235428134556 0.2948565543478261 0.6548038792048929 0.2920805135869565 0.5978453272171254 0.3450235
1 0.7277230886850153 0.16963744565217392 0.7366977339449541 0.2109310054347826 0.7708456758409786 0.16497767663043478 0.805741495412844 0.14281895652173912 0.8339403180428134 0.10742448369565218 0.8115206544342508 0.1046484429347826 0.7985005978593271 0.09007424184782609 0.7494118837920489 0.12695587228260868 0.7277230886850153 0.16963744565217392
1 0.8575838440366972 0.015914396739130435 0.8013901773700306 0.07098898641304348 0.8061664571865442 0.08972723913043479 0.8450736727828746 0.08417517391304348 0.8573118348623854 0.11828077989130435 0.8657425779816514 0.120065375 0.8766889648318044 0.09086741304347826 0.8949102645259939 0.07108814945652174 0.8985817354740061 0.03247148641304348 0.89188473853211 0.019235733695652176 0.8575838440366972 0.015914396739130435
1 0.6808100932721712 0.12031319836956522 0.6604811085626912 0.1396463125 0.638418374617737 0.17043058152173912 0.6315003944954128 0.1945721902173913 0.6521522935779817 0.25212540217391305 0.6954788562691131 0.23175127717391303 0.7248335107033639 0.18872270108695655 0.7158758746177369 0.1257661358695652 0.7076491070336391 0.10826718206521739 0.6984364678899082 0.1260139945652174 0.6808100932721712 0.12031319836956522
1 0.4507831620795107 0.43995403804347827 0.4423354082568807 0.45983244565217396 0.42737762691131503 0.4724237581521739 0.41911684403669724 0.4982508206521739 0.4353664006116208 0.5489630760869566 0.4694803272171254 0.5463357663043478 0.5084215581039755 0.49745768478260866 0.48107266055045866 0.426668722826087 0.4676616590214068 0.42186022554347824 0.4507831620795107 0.43995403804347827
1 0.32563065443425077 0.6990673668478261 0.34172725840978596 0.7005049619565217 0.38066848929663605 0.6516268831521739 0.35751795718654433 0.6033932255434783 0.3442939235474006 0.6045333804347827 0.3241519082568807 0.6298151467391304 0.3126276070336391 0.6628301630434783 0.32563065443425077 0.6990673668478261
1 0.1881210489296636 0.8314744130434782 0.20686924006116209 0.8728671195652175 0.24773118501529054 0.8184865353260868 0.2393174495412844 0.7950389320652174 0.2192094495412844 0.7769946847826086 0.19811557951070335 0.7941961983695652 0.18813805657492355 0.8098114076086957 0.1881210489296636 0.8314744130434782
1 0.1349699143730887 0.9167384130434783 0.14873784709480123 0.9551072173913044 0.18825699388379205 0.9024120842391304 0.17889140214067278 0.8708842282608695 0.1651064617737003 0.8541784293478262 0.1426697905198777 0.8730653940217392 0.13537786850152905 0.8853097010869565 0.1349699143730887 0.9167384130434783
1 0.12167453363914374 0.9978897853260869 0.12820488532110091 0.9901546875000001 0.11234627522935779 0.9296767255434782 0.10257272782874619 0.9295775788043478 0.07360902140672783 0.9628404483695653 0.06928137155963303 0.9984314918478262 0.12167453363914374 0.9978897853260869
1 0.3653707859327217 0.608994875 0.3993317584097859 0.5570928940217391 0.3895922278287462 0.5136677364130435 0.35450944036697246 0.5298778043478262 0.3358971957186544 0.5594227717391305 0.35348955504587154 0.6084495788043478 0.3653707859327217 0.608994875
1 0.4644831804281345 0.32073314673913045 0.4770782737003058 0.3883990625 0.4831973547400612 0.4054518641304348 0.49450066972477064 0.40981421195652173 0.5211527155963303 0.3918195461956522 0.5606718608562691 0.33912441304347823 0.5536009250764526 0.3139913586956522 0.5202858990825688 0.2754242581521739 0.4886535993883792 0.29039502445652177 0.4644831804281345 0.32073314673913045
0 0.5673852660550459 0.8501247282608695 0.455000247706422 0.9944434320652173 0.5144529327217126 0.9938287336956522 0.6082643027522936 0.8760789945652173 0.5673852660550459 0.8501247282608695
0 0.5798305259938837 0.5343978858695653 0.518444004587156 0.6238061304347826 0.5809545382262997 0.6577243016304347 0.6646719311926605 0.5320614402173913 0.5798305259938837 0.5343978858695653
0 0.9071119587155964 0.18650616576086956 0.9584589678899083 0.11249717663043478 0.9508603348623853 0.09132112228260869 0.8776513379204893 0.11468196195652174 0.85516726146789 0.16055671195652174 0.9071119587155964 0.18650616576086956
0 0.2052389847094801 0.9248153152173914 0.15047216666666668 0.9975920380434783 0.19306125229357798 0.9971516956521739 0.2202471819571865 0.9666405217391304 0.2052389847094801 0.9248153152173914
0 0.3614368119266055 0.760214597826087 0.33643946636085625 0.7477783940217392 0.298374374617737 0.8209696630434782 0.3208184357798165 0.8404059402173913 0.3614368119266055 0.760214597826087
0 0.5525004373088684 0.5585914293478261 0.5045865795107033 0.5434645733695652 0.4677156513761468 0.5971742092391304 0.5099512003058104 0.6176151467391304 0.5525004373088684 0.5585914293478261
0 0.7446652293577981 0.22190264673913043 0.7079434755351681 0.2320464211956522 0.6850362003058104 0.2850502989130435 0.7304851360856269 0.2632924347826087 0.7446652293577981 0.22190264673913043
0 0.8374854480122323 0 0.8076719740061162 0.03834282065217391 0.8582061727828746 0.007491883152173914 0.8634388058103976 0 0.8374854480122323 0
0 0.7552908333333332 0.10746047010869565 0.7953697431192661 0.08299242391304348 0.8208389480122323 0.03754344836956522 0.7925375902140672 0.0517460027173913 0.7552908333333332 0.10746047010869565
0 0.6056736834862385 0.312107125 0.6437247844036698 0.2958012907608696 0.6894811620795107 0.2338754239130435 0.6408118868501529 0.25062021739130436 0.6056736834862385 0.312107125
0 0.6216273379204893 0.3111801820652174 0.5890215688073395 0.31503421195652176 0.5443588960244649 0.39135988858695653 0.5850572232415903 0.3829200353260869 0.6216273379204893 0.3111801820652174
0 0.5639436406727829 0.38920030434782604 0.5353861941896024 0.38460285869565214 0.5000572737003058 0.4553980163043478 0.5227840519877677 0.4520967228260869 0.5639436406727829 0.38920030434782604
0 0.4555727324159021 0.5575035217391304 0.4174687905198777 0.5559015271739131 0.3790975825688074 0.6192898913043479 0.4109956896024465 0.6246894456521739 0.4555727324159021 0.5575035217391304
0 0.3397436636085627 0.7155462717391304 0.30604087155963305 0.7005562744565218 0.25136865902140676 0.7787883070652173 0.27535291743119267 0.8143422038043479 0.3397436636085627 0.7155462717391304
0 0.03174056880733945 0.9665563641304348 0.005436926605504587 0.9990916005434782 0.02874690366972477 0.998850589673913 0.02921041896024465 0.9983490135869565 0.03174056880733945 0.9665563641304348
0 0.07470302599388379 0.9126309429347826 0.03198403516819572 0.964949972826087 0.03423570183486239 0.9968025489130434 0.07124238379204893 0.9475427880434782 0.07470302599388379 0.9126309429347826
0 0.12073544648318044 0.8535513722826087 0.07785556574923548 0.9054220271739131 0.0797710611620795 0.9380204891304347 0.12574999694189604 0.8823780869565216 0.12073544648318044 0.8535513722826087
0 0.12057456880733945 0.8531030298913044 0.12437589755351681 0.8854034701086957 0.17206082110091744 0.8275017934782609 0.16460640519877676 0.7973661983695652 0.12057456880733945 0.8531030298913044
0 0.1631760137614679 0.7970290869565219 0.17198673088685015 0.8204404755434783 0.21547531651376148 0.7645538641304348 0.20599974311926603 0.7470374864130435 0.1631760137614679 0.7970290869565219
0 0.2017770336391437 0.7492284048913043 0.2173755122324159 0.7595672880434783 0.26309037003058106 0.6950328532608695 0.24578279663608563 0.6922211875 0.2017770336391437 0.7492284048913043
0 0.24930529051987768 0.6863201766304348 0.2672866681957186 0.6930176820652174 0.31102300917431197 0.6309666793478261 0.29121975382263 0.6303082554347826 0.24930529051987768 0.6863201766304348
0 0.29138488379204897 0.6276494809782609 0.30521338379204893 0.6330557364130435 0.33910045871559635 0.5801153152173913 0.3291867629969419 0.5761442228260869 0.29138488379204897 0.6276494809782609
0 0.380515495412844 0.5123273369565218 0.40006129663608564 0.5146553233695652 0.4362529525993884 0.4555703858695652 0.41555830733944954 0.4607334755434782 0.380515495412844 0.5123273369565218
0 0.4207285504587156 0.4522927880434783 0.43977076758409783 0.4459519130434783 0.47663667278287464 0.3990282581521739 0.451362877675841 0.40814701902173917 0.4207285504587156 0.4522927880434783
0 0 0.9910919130434783 0.0015992278287461773 0.9955486793478261 0.03178820948012232 0.9586919266304348 0.036084099388379205 0.9363899510869566 0.00006185168195718655 0.972981847826087 0 0.9733017010869566 0 0.9910919130434783
0 0.041380301223241586 0.9225879755434783 0.038249952599388376 0.9492805543478261 0.07523341131498472 0.9061117445652174 0.07517282568807339 0.8852131548913044 0.041380301223241586 0.9225879755434783
0 0.07715907645259938 0.8737770326086955 0.07753374617737004 0.9045251684782608 0.11964402905198777 0.8562220923913043 0.11455330733944953 0.8292749673913044 0.07715907645259938 0.8737770326086955
0 0.11700820336391438 0.8283121494565218 0.12057879816513763 0.8485449510869565 0.16067562079510703 0.7969156005434783 0.15544567125382264 0.7746934864130435 0.11700820336391438 0.8283121494565218
0 0.15855744189602447 0.7761605625000001 0.16160189602446484 0.7983546086956521 0.20566001987767585 0.7372003586956523 0.19683901223241587 0.7243647690217392 0.15855744189602447 0.7761605625000001
0 0.19506661467889908 0.7225304483695653 0.20553825993883793 0.7380035652173913 0.24426529816513762 0.6848417608695653 0.23066400152905198 0.6786540842391304 0.19506661467889908 0.7225304483695653
0 0.23176740825688075 0.6797164293478261 0.24640048318042812 0.687364722826087 0.28677992813455655 0.6353806304347827 0.2679156773700306 0.6239378206521738 0.23176740825688075 0.6797164293478261
0 0.2728773455657492 0.62291325 0.2891279587155963 0.6259296005434782 0.3241022247706422 0.5748766385869565 0.3029659296636085 0.5716305489130434 0.2728773455657492 0.62291325
0 0.3098735107033639 0.5660703315217391 0.3274939908256881 0.5706193777173914 0.3595199954128441 0.523917277173913 0.34183648470948014 0.5228411766304347 0.3098735107033639 0.5660703315217391
0 0.35513207951070336 0.5151163505434783 0.3667470688073395 0.5154963043478261 0.4034955565749236 0.46481783152173917 0.3847506574923547 0.46246758695652174 0.35513207951070336 0.5151163505434783
0 0.3918847905198776 0.45987985869565223 0.41003560856269117 0.4579096657608696 0.4416181116207951 0.4111139619565218 0.41897821559633025 0.4178787989130434 0.3918847905198776 0.45987985869565223
0 0 0.9640040298913044 0.006301302752293577 0.9562121385869566 0.013597288990825686 0.9171366793478262 0 0.9327268831521739 0 0.9640040298913044
0 0.016949888379204893 0.9116278288043478 0.01679845259938838 0.9443372201086957 0.040862652905198776 0.9154330733695651 0.04199197247706422 0.8812995652173913 0.016949888379204893 0.9116278288043478
0 0.0500154373088685 0.8746774266304349 0.049507246177370026 0.900680293478261 0.07761114525993884 0.8647546902173914 0.07520863149847094 0.8396068260869565 0.0500154373088685 0.8746774266304349
0 0.08006291743119266 0.8304587255434782 0.08657752140672782 0.8508986711956522 0.11504238226299694 0.8171214456521739 0.10822847859327217 0.7916523505434782 0.08006291743119266 0.8304587255434782
0 0.11394574311926606 0.7820764157608696 0.11887772018348623 0.8129578967391303 0.15049931651376147 0.7674136739130435 0.14417368042813455 0.7432804266304348 0.11394574311926606 0.7820764157608696
0 0.1420061865443425 0.7494571277173914 0.15086034709480123 0.7695621630434782 0.19034845259938837 0.721948730978261 0.1745633883792049 0.7051360081521739 0.1420061865443425 0.7494571277173914
0 0.1726973363914373 0.7070320516304348 0.1887742966360856 0.7232741494565218 0.217777996941896 0.6738617309782609 0.19990752905198775 0.6700702798913043 0.1726973363914373 0.7070320516304348
0 0.26828417125382265 0.5746964809782609 0.2980499510703364 0.5731063342391305 0.32127048165137617 0.5407085706521739 0.3025902110091743 0.5363039076086956 0.26828417125382265 0.5746964809782609
0 0.3111989877675841 0.5286354918478261 0.32753214220183485 0.5295971657608696 0.3590235626911315 0.49397225 0.3318706116207951 0.49792467391304346 0.3111989877675841 0.5286354918478261
0 0.34608639296636085 0.4841952989130435 0.36314578134556574 0.4848957961956522 0.38947545565749236 0.44859551086956523 0.36902352599388377 0.45291843206521737 0.34608639296636085 0.4841952989130435
0 0.3774211605504587 0.4435638695652174 0.3979548868501529 0.43795233423913044 0.4227537951070336 0.3996711358695652 0.39467183486238533 0.41584372826086957 0.3774211605504587 0.4435638695652174
0 0.5318261605504587 0.29463510597826087 0.5653097889908257 0.2851264809782609 0.5990359051987767 0.23173767391304348 0.5432566406727829 0.27002351630434784 0.5318261605504587 0.29463510597826087
0 0.32282511620795107 0.6364380489130435 0.313106120795107 0.6356294103260869 0.2926958272171254 0.6772712961956522 0.31040232721712535 0.6806477472826087 0.32282511620795107 0.6364380489130435
0 0.4283957400611621 0.4805145625 0.4160852033639144 0.49076340217391307 0.39477912844036694 0.5361212907608696 0.4127727354740061 0.5397976005434783 0.4283957400611621 0.4805145625
0 0.07066129510703364 0.9984172255434782 0.06775448318042814 0.969540652173913 0.04236656727828746 0.9987097717391304 0.07066129510703364 0.9984172255434782
0 0.08074869113149846 0.95314525 0.12099114678899082 0.9083372581521738 0.11381534556574924 0.8916790135869566 0.07613825076452599 0.936655554347826 0.08074869113149846 0.95314525