1 0.6050247061538462 0.9580806758241759 0.63326678 0.9801014807692308 0.7867944076923077 0.8550350164835165 0.6689831523076923 0.7754827994505494 0.6124690184615385 0.8251685879120878 0.6050247061538462 0.9580806758241759
1 0.7265625523076924 0.7966754972527473 0.797337116923077 0.8464467252747253 0.89902558 0.7636094093406594 0.88322584 0.7553930247252747 0.8135023569230769 0.7136923763736264 0.7265625523076924 0.7966754972527473
1 0.9916369307692307 0.5964210549450549 0.9407623323076922 0.5990797142857143 0.8731751384615385 0.6760260494505494 0.8770221353846154 0.7334641181318681 0.9230452338461539 0.7440425549450549 0.9901218892307692 0.6894006620879121 0.9916369307692307 0.5964210549450549
1 0.31919443384615387 1 0.27279061538461535 0.9231198708791208 0.22529763384615387 0.9557283681318681 0.2199707123076923 1 0.31919443384615387 1
1 0.3251471476923077 0.8756051098901099 0.32711574923076925 0.9627718406593407 0.3766837984615385 0.9889296950549451 0.43960011846153846 0.9307256373626374 0.40981403538461536 0.8662195439560441 0.3702113676923077 0.8388949587912087 0.3251471476923077 0.8756051098901099
1 0.541691923076923 0.6663707472527473 0.5136652615384616 0.706226271978022 0.5098741999999999 0.7952434807692308 0.5744696107692308 0.8245065769230768 0.6412970415384616 0.7420989010989012 0.6018496984615385 0.6793828846153845 0.541691923076923 0.6663707472527473
1 0.5849856476923078 0.6846083626373626 0.6594231753846154 0.7236849697802198 0.7103498523076923 0.6578784807692308 0.6674148784615385 0.610163793956044 0.6222188092307692 0.589827815934066 0.589830956923077 0.6259397747252747 0.5849856476923078 0.6846083626373626
1 0.6920090553846153 0.5063147554945056 0.6621373507692307 0.5276064148351648 0.65225168 0.5478290164835165 0.6551006092307693 0.5972288021978023 0.7020209276923077 0.6472358571428571 0.71044152 0.6342915137362638 0.7254477230769231 0.6464062747252748 0.77911612 0.5935598379120879 0.7693856584615385 0.5436811016483517 0.7182180538461539 0.5032187362637363 0.6920090553846153 0.5063147554945056
1 0.8821461538461538 0.3879341785714286 0.8371942661538462 0.40325611538461537 0.8056355430769231 0.4502611456043956 0.8107560753846154 0.4825985082417582 0.8256883 0.5008583104395604 0.8575356876923077 0.48708438186813185 0.8794974015384616 0.49353305769230765 0.9295770738461538 0.4527372225274725 0.93528944 0.4359142747252747 0.92387196 0.41174890934065933 0.8821461538461538 0.3879341785714286
1 0.16652147538461537 1 0.15606488923076922 0.9733287225274725 0.13183157384615385 0.9839424725274725 0.12576628307692309 1 0.16652147538461537 1
1 0.27489314153846156 0.8856561785714285 0.28872292923076925 0.9382802994505494 0.31192778615384614 0.9558858351648353 0.3286210107692308 0.9422872252747253 0.3221833569230769 0.9049380384615384 0.3379293553846154 0.8556024120879121 0.3099666076923077 0.8327455824175825 0.2849267723076923 0.8531434972527473 0.27489314153846156 0.8856561785714285
1 0.5121797492307693 0.7410362802197803 0.5162123476923077 0.692115445054945 0.4897146830769231 0.6619803543956044 0.4509857661538461 0.6752753324175824 0.4377333061538462 0.6891134175824176 0.4361202676923077 0.7086817527472526 0.4498020969230769 0.773595956043956 0.4538274430769231 0.7824863791208791 0.47183778923076924 0.7738995879120879 0.4826706876923077 0.7894140027472528 0.488235096923077 0.7848811318681319 0.4926303415384615 0.7630463626373626 0.5121797492307693 0.7410362802197803
1 0.5033370384615385 0.6174170741758241 0.48700645846153845 0.6581017527472527 0.5045729307692307 0.6863851950549451 0.522361336923077 0.696233521978022 0.5529655815384615 0.6713027362637363 0.5798331430769231 0.6707126291208791 0.5893561723076922 0.6234039615384616 0.58342912 0.6008507664835164 0.5615413846153846 0.5882570549450549 0.5033370384615385 0.6174170741758241
1 0.6384218907692307 0.49520489285714286 0.6454441276923076 0.5412050247252748 0.6809542184615385 0.509235456043956 0.7161683907692308 0.501846043956044 0.7453815338461538 0.47804847527472527 0.7234937984615384 0.465454760989011 0.7113437784615384 0.4449285274725274 0.6615600230769231 0.4611442032967033 0.6384218907692307 0.49520489285714286
1 0.9609356169230769 0.2507335247252747 0.9493701769230769 0.23885823901098902 0.9076371169230769 0.2728547664835165 0.8900633938461538 0.3023825851648352 0.9040411415384616 0.34271662912087913 0.9802934753846153 0.3115395879120879 0.964156863076923 0.2501376978021978 0.9609356169230769 0.2507335247252747
1 0.7725522661538462 0.3950669532967033 0.7150064815384616 0.42673288736263737 0.7188838692307692 0.44791338736263736 0.7573168692307692 0.45919856593406594 0.7678538507692307 0.49929313461538466 0.7760525046153846 0.5047839093406593 0.7880618184615384 0.4797889615384615 0.8068047076923076 0.4675630467032967 0.8120804507692309 0.42979906868131873 0.8060794184615385 0.41339091208791207 0.7725522661538462 0.3950669532967033
1 0.5945057153846154 0.42449628296703296 0.5737131661538462 0.4353495082417582 0.5507229923076923 0.45712011813186815 0.5428869815384615 0.4787154093406593 0.5606681384615384 0.5463749972527472 0.6040809646153846 0.5444763571428571 0.6347591876923078 0.5134005329670329 0.6286914307692307 0.4453261538461538 0.6213732769230769 0.42390617582417583 0.6115615846153847 0.4379837362637363 0.5945057153846154 0.42449628296703296
1 0.3548662753846154 0.650134901098901 0.3457131415384615 0.6667183763736263 0.330485 0.6730387307692308 0.32125788923076926 0.6957672417582418 0.3350136969230769 0.7545364065934066 0.36861483076923074 0.7667153241758242 0.4089567876923077 0.7338520164835165 0.38517460153846156 0.649784271978022 0.37221806 0.6390422032967034 0.3548662753846154 0.650134901098901
1 0.2207953753846154 0.8597503241758242 0.23653412 0.868225956043956 0.27687607846153844 0.8353626483516483 0.25623874 0.776114532967033 0.24320821846153845 0.7715175054945056 0.22234168923076922 0.7885157692307693 0.2095998323076923 0.8171498434065934 0.2207953753846154 0.8597503241758242
1 0.0800793876923077 0.9348291565934065 0.09669138000000001 0.9851868461538461 0.13915698 0.9475511895604396 0.13191280461538463 0.9199861730769231 0.11295523384615384 0.8928359478021978 0.09150412153846155 0.901183260989011 0.08103386615384615 0.9127549148351649 0.0800793876923077 0.9348291565934065
1 0.07558622153846155 1 0.06931321538461538 0.9709809642857143 0.05650463230769231 0.9479488159340659 0.05041337692307692 0.9504769587912087 0.06342819076923077 1 0.07558622153846155 1
1 0.2637048523076923 0.7852444340659341 0.29928892153846154 0.747129826923077 0.2916081230769231 0.698623782967033 0.25646793076923075 0.6998681565934065 0.23691852307692307 0.7218782445054945 0.2520654323076923 0.7795141895604395 0.2637048523076923 0.7852444340659341
1 0.3734757092307692 0.5345765439560439 0.38291025230769227 0.6090354340659341 0.38817874307692307 0.6290827197802198 0.39908562153846155 0.6384520961538461 0.4260271615384616 0.6317169505494505 0.46710166000000003 0.595214510989011 0.4612485876923077 0.5665162774725275 0.4302149738461538 0.5126947747252748 0.3985155446153846 0.5141786263736264 0.3734757092307692 0.5345765439560439
0 0.4774551492307692 0.802605532967033 0.41332559076923076 0.8670070796703296 0.47321976769230767 0.928804793956044 0.5608395230769231 0.8371733461538461 0.4774551492307692 0.802605532967033
0 0.7879755953846154 0.5044828598901099 0.7639185569230769 0.5414520796703297 0.8137859076923076 0.5905255357142857 0.8893494815384616 0.5157101291208791 0.7879755953846154 0.5044828598901099
0 0.21112004615384614 1 0.25329688615384616 0.9376732417582417 0.22929699230769232 0.9141100686813187 0.18876257538461538 0.972138 0.2087178969230769 1 0.21112004615384614 1
0 0.4495796707692308 0.8153640521978022 0.40320062307692306 0.7790778296703297 0.3646817892307692 0.8177677032967032 0.40525676923076925 0.8569977362637363 0.4495796707692308 0.8153640521978022
0 0.6527903353846154 0.5558586346153845 0.6163038846153847 0.5502056923076922 0.5915228 0.5942575054945055 0.6370789215384615 0.5918726978021979 0.6527903353846154 0.5558586346153845
0 0.7563150276923076 0.3609769945054945 0.8158004015384616 0.3490001401098901 0.8537657230769231 0.2948577115384616 0.8103183938461538 0.3109219010989011 0.7563150276923076 0.3609769945054945
0 0.7225861461538462 0.3961916153846154 0.7735277723076923 0.3867527032967033 0.8067237276923076 0.35418323076923075 0.7602796707692308 0.3643803021978022 0.7225861461538462 0.3961916153846154
0 0.6681749507692307 0.4438323928571429 0.7085769923076923 0.4363463269230769 0.7355459046153846 0.40111116208791203 0.7071495015384616 0.4032626208791209 0.6681749507692307 0.4438323928571429
0 0.512446556923077 0.5872739175824176 0.5505046953846154 0.587224662087912 0.5981014676923078 0.5440294862637363 0.5496011676923077 0.5399018489010989 0.512446556923077 0.5872739175824176
0 0.5281473384615385 0.5932770659340659 0.49597356 0.5830053846153845 0.44882704153846154 0.6413549697802198 0.48914327384615386 0.6504766071428572 0.5281473384615385 0.5932770659340659
0 0.4681455876923077 0.6476830329670329 0.44031164153846153 0.6305596401098901 0.40256686769230765 0.6873367884615385 0.42501916307692306 0.6938694725274726 0.4681455876923077 0.6476830329670329
0 0.3544792107692308 0.7720419835164835 0.31714442615384614 0.7538143214285715 0.27673387846153846 0.8017165879120879 0.3078124061538462 0.8211124835164836 0.3544792107692308 0.7720419835164835
0 0.2339358230769231 0.8826940686813186 0.20150091846153845 0.8527364285714285 0.14444616923076925 0.9086699395604395 0.16645082307692308 0.9553563489010989 0.2339358230769231 0.8826940686813186
0 0.04696952 0.9373726456043956 0.06448609230769231 0.9237853489010989 0.05847313846153846 0.8898208901098902 0.038748043076923075 0.9060888653846154 0.04696952 0.9373726456043956
0 0.05708361230769231 0.8888543104395605 0.06471904461538462 0.9165553021978021 0.10982823846153847 0.8785284450549451 0.10128496769230769 0.8565468351648352 0.05708361230769231 0.8888543104395605
0 0.0970449676923077 0.8569410549450549 0.11190940461538461 0.8742730604395604 0.15957834307692306 0.8284008214285714 0.14271035384615385 0.8179971758241757 0.0970449676923077 0.8569410549450549
0 0.14642360461538462 0.8135162115384617 0.1637848076923077 0.8281742472527472 0.20940406153846153 0.7839717664835165 0.18999301076923078 0.7746760714285715 0.14642360461538462 0.8135162115384617
0 0.19027020615384616 0.7720378324175824 0.2036107 0.7835710357142857 0.23916718461538464 0.7443657390109891 0.2296074676923077 0.7360003736263736 0.19027020615384616 0.7720378324175824
0 0.2827561169230769 0.6933044642857142 0.3018421676923077 0.7041898598901098 0.3399269015384615 0.6597249697802198 0.3193888184615385 0.6559750769230769 0.2827561169230769 0.6933044642857142
0 0.3248295015384615 0.6496229725274725 0.3437964876923077 0.6514526675824176 0.3820166276923077 0.6196777225274726 0.35681225846153847 0.6179656758241758 0.3248295015384615 0.6496229725274725
0 0.03767090307692308 0.9019902060439561 0.05463405384615385 0.8876496813186814 0.05046214307692307 0.8627204120879122 0.03195485230769231 0.8802399010989012 0.03767090307692308 0.9019902060439561
0 0.05345325384615385 0.8655710521978022 0.05548102307692308 0.889519901098901 0.10137733076923076 0.8463716483516484 0.09327397384615384 0.8294463571428572 0.05345325384615385 0.8655710521978022
0 0.09161353538461538 0.8268046868131869 0.10122303384615385 0.8471373489010989 0.1415401769230769 0.8098142472527472 0.12845654 0.7975834725274725 0.09161353538461538 0.8268046868131869
0 0.12949369384615383 0.7991468956043957 0.14352692923076923 0.8133158653846153 0.18541514461538464 0.777912879120879 0.1673927046153846 0.7580333351648351 0.12949369384615383 0.7991468956043957
0 0.17230760307692308 0.7591498241758242 0.18812918307692308 0.7693017967032967 0.22467118461538463 0.7324939148351649 0.20406359384615383 0.7199799945054945 0.17230760307692308 0.7591498241758242
0 0.21108501230769228 0.7173206538461538 0.22818495384615387 0.7296315357142856 0.26164449076923074 0.6959745961538462 0.24433233692307693 0.687176326923077 0.21108501230769228 0.7173206538461538
0 0.2577181523076923 0.6850925989010989 0.26910337384615385 0.6905383626373627 0.3073708 0.6548848983516484 0.2890719046153846 0.6443256153846154 0.2577181523076923 0.6850925989010989
0 0.2961870369230769 0.6447948736263736 0.31408978923076925 0.6506915 0.3471180230769231 0.616746 0.3246010815384615 0.6137816318681318 0.2961870369230769 0.6447948736263736
0 0.029184983076923077 0.8697001895604396 0.04592177076923077 0.8531457225274726 0.04075702923076923 0.8257912032967034 0.021830792307692307 0.8417165494505494 0.029184983076923077 0.8697001895604396
0 0.03836195692307692 0.8311433021978022 0.046183166153846156 0.8554929642857142 0.08700720615384616 0.8241569148351648 0.0722398646153846 0.8001447005494506 0.03836195692307692 0.8311433021978022
0 0.07032600615384615 0.801264695054945 0.08540458461538461 0.8248223818681318 0.11601465384615385 0.7870865 0.09863652461538462 0.775438978021978 0.07032600615384615 0.801264695054945
0 0.16988607076923076 0.7080008708791209 0.19917401692307693 0.7193433324175825 0.22337056923076923 0.696432282967033 0.20522405384615383 0.683807021978022 0.16988607076923076 0.7080008708791209
0 0.21400668615384613 0.6797396346153847 0.22999823846153844 0.6878331703296703 0.26245348307692307 0.6652346703296703 0.23562812 0.6574380494505494 0.21400668615384613 0.6797396346153847
0 0.2501771569230769 0.649634489010989 0.2668929123076923 0.6577780851648352 0.29431044461538464 0.6322431593406593 0.2740469938461539 0.6277425741758242 0.2501771569230769 0.649634489010989
0 0.2826953553846154 0.6218644972527473 0.30309488615384617 0.6250871923076923 0.32909552000000003 0.5968664093406594 0.30082920153846154 0.6011215219780219 0.2826953553846154 0.6218644972527473
0 0.4407116584615385 0.5373027967032967 0.4739919584615384 0.5421929230769231 0.5094098492307693 0.5024604725274725 0.45299763692307693 0.5171936895604395 0.4407116584615385 0.5373027967032967
0 0.22075256 0.7946888269230769 0.21124706615384617 0.7896318241758242 0.18940896461538462 0.8231895384615384 0.20664410615384615 0.8343426236263737 0.22075256 0.7946888269230769
0 0.33113416615384617 0.681729293956044 0.3186060553846154 0.6868148131868133 0.2957277553846154 0.7237702170329671 0.31323175076923077 0.7353539972527473 0.33113416615384617 0.681729293956044