1 0.49094850966850834 0.9282715665024631 0.5477707983425414 0.9401600147783251 0.6563512555248618 0.7850147783251231 0.5553321740331492 0.7663899532019705 0.47618367403314915 0.9214136748768473 0.49094850966850834 0.9282715665024631
1 0.6260719627071824 0.5523293472906403 0.5791282859116023 0.6228994039408867 0.5818385883977901 0.7405285369458128 0.6754874240331491 0.7576720566502463 0.784326473756906 0.6021573300492611 0.7526724281767956 0.5636254433497537 0.6260719627071824 0.5523293472906403
1 0.8158763853591161 0.4290547315270936 0.7507110041436464 0.42781889162561576 0.6789549779005525 0.5419953571428572 0.815489814917127 0.5576295738916256 0.8488454143646409 0.5099694113300492 0.8827541919889502 0.4255141428571429 0.8158763853591161 0.4290547315270936
1 0.975683567679558 0.2983263251231527 0.9794138038674033 0.24141527832512313 0.9030153494475137 0.2381534827586207 0.8562279157458563 0.26656793842364535 0.8013198273480664 0.365989433497537 0.8087959875690608 0.4133261921182266 0.9359527569060774 0.37163233743842367 0.975683567679558 0.2983263251231527
1 0.9860852638121548 0.09705801477832512 0.9298136726519337 0.11599851231527093 0.8672003950276242 0.24245010098522168 0.9812583190607734 0.21327408866995073 0.9884985 0.10281289408866995 0.9860852638121548 0.09705801477832512
1 0.34441974309392265 0.9314725886699506 0.28284855110497237 0.8750155714285714 0.24275460635359117 0.9264799039408868 0.24068502071823206 0.9777487364532019 0.3177229046961326 0.9721510172413793 0.34441974309392265 0.9314725886699506
0 0.351179546961326 0.8476005665024631 0.3239183011049724 0.8972022783251231 0.38112508977900555 0.9019890320197044 0.43494872790055245 0.8101072955665025 0.4260868480662983 0.7976436256157636 0.38881706077348066 0.7938221847290641 0.351179546961326 0.8476005665024631
1 0.5047810138121547 0.521798921182266 0.48257143508287287 0.5698400689655172 0.4854529806629834 0.6480301896551725 0.5451660179558011 0.6411418842364532 0.5990116160220995 0.5374145295566503 0.559389549723757 0.5031755024630542 0.5047810138121547 0.521798921182266
1 0.5447056284530387 0.5160030911330049 0.6138937569060773 0.5126558768472906 0.6547158494475138 0.4310315467980296 0.6130367831491713 0.41137940886699503 0.5712665814917127 0.4163180098522168 0.544901020718232 0.4633086600985222 0.5447056284530387 0.5160030911330049
1 0.6276787831491712 0.3101764039408867 0.6025158895027624 0.34321625369458125 0.5951159157458563 0.36544636453201973 0.6011355207182321 0.406386039408867 0.6465329751381216 0.42603062561576355 0.6531375732044199 0.41076531280788176 0.6673837430939227 0.41372297783251233 0.7028282569060774 0.34617984975369454 0.6993697596685082 0.3039081354679803 0.6508532417127072 0.2945485541871921 0.6276787831491712 0.3101764039408867
1 0.7890503232044198 0.11457057389162562 0.750007726519337 0.1499574581280788 0.725148864640884 0.20587620197044337 0.7319950635359116 0.2310639778325123 0.7466077044198896 0.23932633990147784 0.7740630704419889 0.2117533842364532 0.7941184654696133 0.2064105369458128 0.8359448743093923 0.14664685467980296 0.8398593121546961 0.12939705172413793 0.8279680483425413 0.11433208374384238 0.7890503232044198 0.11457057389162562
1 0.28208836049723757 0.8418575714285714 0.2981356629834254 0.8801258226600984 0.320085841160221 0.8837322709359605 0.334027976519337 0.8638110443349754 0.3658679461325967 0.8023189137931035 0.33623493646408836 0.7848893620689655 0.3096685980662983 0.7791362241379309 0.28875539364640884 0.8090180665024631 0.28208836049723757 0.8418575714285714
1 0.48369555662983427 0.6004176625615764 0.4838516450276243 0.5564821748768473 0.4580806795580111 0.5437642389162561 0.42444961878453036 0.5743330098522168 0.4135953301104972 0.5927563300492611 0.4135328950276243 0.6103305246305419 0.430313138121547 0.659208172413793 0.4345316104972376 0.6648372610837439 0.4500020621546961 0.6485606280788176 0.46076269889502763 0.6564986009852217 0.4654100759668508 0.6498581921182266 0.4677962002762431 0.6289637931034483 0.48369555662983427 0.6004176625615764
1 0.4643270566298343 0.5368373940886699 0.473496114640884 0.5583718078817733 0.5156265566298343 0.5214870197044335 0.5395651726519337 0.5076814655172414 0.5447351091160221 0.4624102660098522 0.5378576933701658 0.44600958620689657 0.5174358301104972 0.4460477339901478 0.46753894337016577 0.49985794088669955 0.4643270566298343 0.5368373940886699
1 0.5790686132596685 0.3271781133004926 0.588573752762431 0.36313748029556653 0.6180175566298343 0.3181525221674877 0.6489272403314917 0.29438635714285716 0.6733259779005525 0.2595242093596059 0.6529041132596686 0.25956235714285714 0.6406151629834255 0.2479797881773399 0.5973228756906077 0.28652467980295565 0.5790686132596685 0.3271781133004926
1 0.8060090511049725 0 0.8037023218232044 0.0032959704433497537 0.7900954378453038 0.037308995073891627 0.8054097997237569 0.06496784975369459 0.871778364640884 0 0.8060090511049725 0
1 0.6917363287292817 0.1749352881773399 0.6426036008287292 0.2305677906403941 0.6475550124309393 0.24680627339901476 0.682651953038674 0.2374562931034483 0.6948784696132597 0.2666130566502463 0.702582476519337 0.26726183743842363 0.7115419820441988 0.23988922413793104 0.7274101201657459 0.2201301921182266 0.7294609930939226 0.18514399507389165 0.722950046961326 0.17404801477832513 0.6917363287292817 0.1749352881773399
1 0.5348954392265194 0.28829922906403943 0.517101299723757 0.3078960640394089 0.4981140966850829 0.33794010098522165 0.4926401256906077 0.3603324088669951 0.5132723729281767 0.40953444581280785 0.5518860635359116 0.38641706157635464 0.5770801754143646 0.3445901133004926 0.566873314917127 0.28923425123152713 0.5588340552486188 0.2744936773399015 0.5510676118784531 0.29141909113300496 0.5348954392265194 0.28829922906403943
1 0.3368905055248619 0.6003603103448276 0.32988821961325965 0.6191080221674877 0.3167414599447514 0.6320644482758621 0.3101056436464088 0.6561168571428572 0.3265194143646409 0.6996898078817735 0.34973847651933704 0.6869278325123153 0.38757489226519337 0.6298000344827586 0.3639169682320442 0.5850568522167487 0.35159679834254143 0.582261381773399 0.3368905055248619 0.6003603103448276
1 0.23198109116022098 0.8464275911330049 0.2466249502762431 0.845902854679803 0.2803184461325967 0.7977598891625616 0.25772897928176797 0.7571827536945813 0.24577528038674035 0.7596919802955664 0.22834761187845304 0.7845935147783251 0.21899041850828727 0.8154485295566503 0.23198109116022098 0.8464275911330049
1 0.11167180386740332 0.9804474384236453 0.1150518591160221 0.9868774852216748 0.15061979419889504 0.9842930492610837 0.1652958232044199 0.9621100172413793 0.15689009254143646 0.9420647413793104 0.13805897928176797 0.928173290640394 0.11950068232044199 0.9459478275862069 0.11097008287292817 0.9610509458128079 0.11167180386740332 0.9804474384236453
1 0.26503530110497237 0.7613139359605912 0.294112635359116 0.7110242807881774 0.2838433370165746 0.6732426157635468 0.25256718508287296 0.6917040862068966 0.23666782872928177 0.7202502142857142 0.2542434461325967 0.7621630615763546 0.26503530110497237 0.7613139359605912
1 0.3453668121546961 0.4920815221674877 0.3590279889502762 0.5512441724137931 0.365141247237569 0.5658225541871922 0.37553541436464083 0.5684558300492611 0.39910756077348064 0.5493455763546797 0.4331987417127072 0.49772021182266013 0.4259548577348066 0.47601483497536945 0.3944683218232044 0.445236118226601 0.36628001519337017 0.4621996798029557 0.3453668121546961 0.4920815221674877
0 0.451233567679558 0.6919919876847291 0.3985286008287293 0.7789474088669951 0.45633548480662983 0.8022778374384236 0.5280897030386741 0.6803506724137931 0.451233567679558 0.6919919876847291
0 0.7132030248618784 0.26110172413793103 0.6943333162983425 0.30470347783251234 0.7422953812154697 0.32208889162561577 0.8044726201657458 0.22054584975369457 0.7132030248618784 0.26110172413793103
0 0.26647407182320443 0.897141578817734 0.24339499171270718 0.8888212586206896 0.21130084944751382 0.9586328571428572 0.2322963674033149 0.973507630541872 0.26647407182320443 0.897141578817734
0 0.4517747831491713 0.6728610295566503 0.4066915718232044 0.6433190320197044 0.34157862430939223 0.7631093694581281 0.38704856767955803 0.7764977783251232 0.4517747831491713 0.6728610295566503
0 0.5961618232044199 0.3720634334975369 0.5631986464088398 0.3852783128078817 0.5441811906077348 0.4353103078817734 0.5846736229281768 0.41071518965517245 0.5961618232044199 0.3720634334975369
0 0.7110155262430939 0.12500797044334977 0.742116408839779 0.07513383004926108 0.7433729309392265 0.0686793275862069 0.7152530069060773 0.09022194827586207 0.6765352624309392 0.15499312315270936 0.7110155262430939 0.12500797044334977
0 0.6457796657458564 0.2058917881773399 0.6847909185082873 0.16692516009852215 0.7070597928176796 0.1332076157635468 0.6771833908839779 0.15996168472906405 0.6457796657458564 0.2058917881773399
0 0.6020084709944751 0.26840900738916257 0.6375416892265193 0.2419919408866995 0.659132382596685 0.19843537684729065 0.6339391174033149 0.2143362487684729 0.6020084709944751 0.26840900738916257
0 0.4731116256906078 0.4684667315270936 0.50707625 0.44958542118226597 0.5465177223756906 0.3889938620689655 0.502939158839779 0.40946332019704434 0.4731116256906078 0.4684667315270936
0 0.4875475801104972 0.46584115517241376 0.4581085248618784 0.47296163054187196 0.4201355138121547 0.5463220270935961 0.4567610248618784 0.5341850467980296 0.4875475801104972 0.46584115517241376
0 0.43782330662983426 0.5421841724137931 0.411775455801105 0.5412824975369458 0.3820831298342542 0.6086409162561577 0.40258229281767954 0.6031272487684729 0.43782330662983426 0.5421841724137931
0 0.3451250759668508 0.7050615714285714 0.3105197044198895 0.7079162093596059 0.2778234585635359 0.7689858645320197 0.3069271464088398 0.7702296403940887 0.3451250759668508 0.7050615714285714
0 0.24532417817679555 0.8595923916256157 0.21426653038674032 0.8499655615763547 0.16728006077348068 0.9261593374384236 0.19020578314917128 0.9552906231527093 0.24532417817679555 0.8595923916256157
0 0.08921978176795581 0.952557591133005 0.06275619751381216 0.9906773866995073 0.08974023895027625 0.9887166748768473 0.09697701104972375 0.9786985049261083 0.08921978176795581 0.952557591133005
0 0.08791155662983426 0.9524167807881774 0.09667606629834254 0.972384945812808 0.13426105110497236 0.9174555073891626 0.1250888052486188 0.9028398891625616 0.08791155662983426 0.9524167807881774
0 0.1213322182320442 0.905276684729064 0.1358190552486188 0.9127772142857143 0.17513652071823205 0.8498549187192118 0.15934908011049725 0.8492857684729064 0.1213322182320442 0.905276684729064
0 0.1623478964088398 0.843606197044335 0.17887497790055248 0.8475784408866995 0.21648055662983426 0.7871022216748769 0.19850133011049725 0.7887417487684729 0.1623478964088398 0.843606197044335
0 0.1985630538674033 0.7863427980295566 0.21128159254143647 0.7896264384236452 0.24025754005524863 0.7384154039408867 0.2311364226519337 0.7359760000000001 0.1985630538674033 0.7863427980295566
0 0.27556825690607734 0.6730642339901477 0.2933692955801105 0.6729484187192118 0.32423160635359116 0.6159768842364531 0.3056367955801105 0.6229286576354679 0.27556825690607734 0.6730642339901477
0 0.310045703038674 0.6147898866995074 0.327103114640884 0.6069696502463054 0.35897942403314914 0.5608100443349754 0.336363229281768 0.5718186945812808 0.310045703038674 0.6147898866995074
0 0.08564046270718233 0.9525966133004926 0.08016233563535911 0.933290145320197 0.04708258149171271 0.9856205862068966 0.04842787430939227 0.9917185098522168 0.059470125690607736 0.9909161600985221 0.08564046270718233 0.9525966133004926
0 0.08303262983425413 0.9342533448275862 0.08652803867403315 0.9537806773399015 0.12445509392265193 0.894071091133005 0.11603136187845303 0.8835724433497537 0.08303262983425413 0.9342533448275862
0 0.11436344198895028 0.882129697044335 0.12437127209944752 0.89480389408867 0.15772873066298343 0.8428498817733989 0.14519034668508288 0.8388410714285714 0.11436344198895028 0.882129697044335
0 0.14622607734806628 0.8396679753694581 0.15974841988950275 0.8448683226600986 0.19464325276243094 0.7937827068965517 0.17715849723756907 0.7856614359605911 0.14622607734806628 0.8396679753694581
0 0.18162378038674035 0.7841856773399015 0.19645955524861877 0.7850570492610838 0.22648384392265192 0.7354134507389162 0.2072101643646409 0.7348863226600986 0.18162378038674035 0.7841856773399015
0 0.2132898328729282 0.7291308399014779 0.22941853176795582 0.7312202192118227 0.25691339364640886 0.6858037339901477 0.2408425096685083 0.6868307290640394 0.2132898328729282 0.7291308399014779
0 0.25264311602209943 0.6784182857142856 0.26318807044198894 0.6774511009852217 0.2948336049723757 0.6279430763546798 0.27775808011049724 0.6279488152709359 0.25264311602209943 0.6784182857142856
0 0.2841415870165746 0.6248290566502464 0.3005353784530387 0.6210221650246305 0.32762497651933703 0.5755718004926108 0.3073192555248619 0.5841765492610838 0.2841415870165746 0.6248290566502464
0 0.04492952762430939 0.9758229753694581 0.03790759254143646 0.9537878177339902 0.01510625 0.9894277118226601 0.017023745856353592 0.99400039408867 0.032329378453038675 0.9928882586206897 0.04492952762430939 0.9758229753694581
0 0.042774953038674034 0.9445711009852216 0.048269548342541435 0.9716637167487685 0.07543602624309392 0.927329381773399 0.06890107044198895 0.9064352315270936 0.042774953038674034 0.9445711009852216
0 0.06714008287292818 0.9122091083743843 0.07583453038674033 0.9292122586206897 0.11006579281767956 0.8821399581280788 0.09519545027624308 0.8688644975369458 0.06714008287292818 0.9122091083743843
0 0.09356609806629834 0.8707720344827586 0.10868223895027625 0.8835037684729065 0.1333467762430939 0.8360009605911329 0.11701647099447514 0.8346179827586206 0.09356609806629834 0.8707720344827586
0 0.1758625317679558 0.74153489408867 0.2028012527624309 0.7367608990147784 0.22278492127071822 0.7051420073891624 0.20569999309392265 0.7033011748768473 0.1758625317679558 0.74153489408867
0 0.2132525 0.695466775862069 0.2280951049723757 0.694489330049261 0.2554719143646409 0.6590502610837439 0.23098068784530387 0.6656450738916255 0.2132525 0.695466775862069
0 0.2434169350828729 0.6517532733990148 0.2589094364640884 0.6504602561576355 0.2815832582872928 0.6149975320197044 0.26318072928176794 0.6211698004926108 0.2434169350828729 0.6517532733990148
0 0.270485953038674 0.611849578817734 0.28892 0.6045144285714286 0.31014016022099444 0.5674505197044335 0.2852110593922652 0.5850904408866995 0.270485953038674 0.611849578817734
0 0.40556890055248623 0.46113637192118223 0.43561679696132594 0.4488546059113301 0.4644319461325967 0.39726025123152714 0.4151192099447514 0.4378153866995074 0.40556890055248623 0.46113637192118223
0 0.2273637361878453 0.7906722463054187 0.21852386049723757 0.7910422290640394 0.20139451519337018 0.8306209384236454 0.21756239779005523 0.8316508300492611 0.2273637361878453 0.7906722463054187
0 0.31793251657458566 0.639193433497537 0.3071087099447514 0.6497547142857143 0.2892900897790055 0.6927611379310346 0.3057282472375691 0.6940271724137931 0.31793251657458566 0.639193433497537