1 0.47255880564263325 0.8214487849162011 0.41650498275862075 0.7453035810055867 0.27667098746081503 0.7718844664804468 0.24256915203761756 0.8212683631284916 0.37123380721003135 0.9874049888268157 0.4761650156739812 0.9570587290502793 0.47255880564263325 0.8214487849162011
1 0.2712118746081505 0.6154438100558659 0.19897734169278997 0.6238586592178771 0.12457424921630093 0.6269625363128492 0.17037540595611286 0.7280490921787709 0.2045521880877743 0.77217943575419 0.35724781818181817 0.7390905698324023 0.2712118746081505 0.6154438100558659
1 0.015260169278996866 0.42437985195530725 0.01785348119122257 0.4964989189944134 0.06251859404388714 0.5706865223463687 0.2059490721003135 0.6050049162011173 0.21158282288401256 0.5497470027932961 0.14507001097178682 0.441266156424581 0.09155964576802507 0.4135994636871509 0.015260169278996866 0.42437985195530725
1 0.05495778840125392 0.2759497402234637 0.009517531347962382 0.2646791368715084 0.014210255485893417 0.39518214245810057 0.13153956739811914 0.4146987932960894 0.05495778840125392 0.2759497402234637
1 0.7576463072100313 1 0.7187997068965518 0.9498398100558658 0.6776619984326019 0.9582355167597766 0.6507175862068966 1 0.7576463072100313 1
1 0.5767099780564263 0.7500480865921788 0.549366421630094 0.6971655446927374 0.4877286567398119 0.681601653631285 0.44569114263322884 0.7252418044692738 0.5112671567398119 0.8387900810055866 0.5779088228840126 0.8403062625698323 0.5767099780564263 0.7500480865921788
1 0.4277867210031348 0.6983568240223463 0.5047423495297806 0.6947825642458101 0.501562934169279 0.6341845139664805 0.46966718338558 0.5829564469273742 0.42304354231974917 0.5817576675977654 0.37790357993730406 0.6088379916201118 0.4277867210031348 0.6983568240223463
1 0.43596780564263327 0.5747361815642458 0.4403451018808778 0.5269937039106145 0.43088465360501566 0.5022145782122905 0.4011076661442006 0.46690627653631284 0.37451589028213167 0.45141513407821227 0.32121078056426333 0.467388782122905 0.30981283385579933 0.5123476536312849 0.362874829153605 0.5902858687150838 0.37851532915360503 0.5853545949720671 0.38670169278996863 0.6022068519553073 0.43596780564263327 0.5747361815642458
1 0.28091600156739815 0.38709092178770954 0.28709605329153604 0.35738052234636875 0.25637009561128526 0.29571999720670394 0.21106097962382445 0.2592011815642458 0.16786654702194356 0.2631032402234637 0.1555196300940439 0.2817098910614525 0.16083271003134794 0.30113377653631285 0.21060112382445142 0.3653966173184358 0.23315390282131662 0.3693907374301676 0.265167131661442 0.3981639804469274 0.28091600156739815 0.38709092178770954
1 0.08631483385579937 0.11696944134078212 0.09206139968652038 0.11182618435754191 0.09886530877742947 0.1268933659217877 0.10451668965517241 0.08707774860335195 0.08516230564263323 0.06208664525139664 0.07765923824451411 0.043237561452513965 0.05964507523510972 0.09588110335195531 0.08631483385579937 0.11696944134078212
1 0.6353533840125392 0.8541763296089385 0.6397174937304075 0.8472479972067039 0.6555879231974922 0.7892190055865922 0.6545305815047022 0.7690085698324023 0.6414514357366771 0.7489794273743017 0.6024175564263323 0.7174225754189945 0.5745385109717868 0.7348187150837988 0.5771818652037618 0.7853448016759776 0.5964278777429467 0.8164776955307262 0.600250131661442 0.8402582877094973 0.6057799545454545 0.8473986033519553 0.6172730877742947 0.8371120921787709 0.6353533840125392 0.8541763296089385
1 0.6052908401253918 0.7148509497206704 0.5898802680250784 0.6666845055865922 0.5314920047021944 0.6101365502793297 0.508830855799373 0.6122842150837988 0.502122131661442 0.6318893966480448 0.5104036818181817 0.6834140167597765 0.5377408730407524 0.6967268016759777 0.5681549028213166 0.7359985391061453 0.5865603134796238 0.7346374189944135 0.6052908401253918 0.7148509497206704
1 0.43345919278996864 0.43644001955307266 0.3832572962382445 0.3967443212290503 0.3702733369905956 0.41138753910614523 0.3476121849529781 0.41353520391061455 0.37664375862068966 0.45102186033519553 0.412275684952978 0.475045122905028 0.44747412382445145 0.523635527932961 0.4559987868338558 0.48124828212290505 0.43345919278996864 0.43644001955307266
1 0.18854775548589342 0.1327646284916201 0.14707407836990596 0.07921226256983241 0.13494390438871473 0.08553534078212291 0.12026555956112853 0.07600468994413408 0.10324260344827586 0.07915088547486034 0.09961072257053291 0.12471501396648045 0.1901205830721003 0.20389442458100557 0.205557526645768 0.17043257541899443 0.18854775548589342 0.1327646284916201
1 0.33602386677115986 0.38914935474860335 0.37549123040752347 0.39613906424581 0.3800720830721003 0.37692715921787706 0.3224292351097179 0.3182008491620112 0.2877462821316615 0.32052980726256985 0.28114593103448277 0.33399320391061454 0.2853884843260188 0.3740207988826816 0.30410582445141066 0.39504847206703914 0.31558577115987463 0.4255761061452514 0.32409724921630095 0.4240030083798883 0.33602386677115986 0.38914935474860335
1 0.5537592272727273 0.5101135893854749 0.5464266473354232 0.4849411927374302 0.5236703119122257 0.4524164972067039 0.5028251018808777 0.4317821005586592 0.48505673197492166 0.43710664804469274 0.47548791222570536 0.41846931005586596 0.46739673354231975 0.43628941340782124 0.4591839984326019 0.5010654441340782 0.48948965673981193 0.5464789636871508 0.5336330611285267 0.5689291284916201 0.5537592272727273 0.5101135893854749
1 0.748889065830721 0.7903402849162011 0.7400656598746082 0.7695245921787709 0.722730775862069 0.750282 0.7092181457680251 0.7548199999999999 0.6824916269592477 0.82709893575419 0.7225828479623825 0.8788662234636873 0.7571574310344827 0.8826790502793296 0.7729194874608151 0.8307918435754189 0.7642044529780564 0.8038343687150837 0.748889065830721 0.7903402849162011
1 0.8814609905956113 1 0.8708571144200628 0.9698160167597766 0.8501202758620691 0.9430398324022345 0.8367160172413793 0.9414360474860336 0.8139333087774294 0.9905396452513967 0.8212598887147335 1 0.8814609905956113 1
1 0.793751512539185 0.8922403882681564 0.8288415799373041 0.9469725782122905 0.8408633840125391 0.946791282122905 0.8580078965517242 0.896689156424581 0.8387618855799374 0.8655562681564246 0.8030215893416928 0.8476747905027934 0.793751512539185 0.8922403882681564
1 0.7127416567398119 0.7153976620111733 0.7245730877742946 0.6458716480446928 0.699688882445141 0.6137402290502793 0.6674589106583072 0.5972505558659218 0.6342535987460816 0.6360369525139665 0.6274365047021944 0.6617839189944135 0.6681647680250784 0.7175146396648046 0.6953935877742947 0.7369692122905027 0.7067783479623824 0.7328244888268156 0.7127416567398119 0.7153976620111733
0 0.5247657946708464 0.8578340782122905 0.6112354968652038 0.990397343575419 0.6740632178683386 0.9573548240223464 0.6106957507836991 0.8629783659217878 0.5247657946708464 0.8578340782122905
0 0.19990743260188087 0.3827688491620112 0.27460498119122256 0.492910217877095 0.32684366614420063 0.4677632541899442 0.30345544200626956 0.4196293240223463 0.19990743260188087 0.3827688491620112
0 0.6825775815047022 0.9512298184357542 0.7250611206896552 0.9314634162011174 0.6870002601880878 0.8747694329608939 0.6386953902821316 0.888861159217877 0.6825775815047022 0.9512298184357542
0 0.4544764420062696 0.5779497932960894 0.5007874780564263 0.6018983100558659 0.4768737978056426 0.5463829636871508 0.4395566473354232 0.5347181368715084 0.4544764420062696 0.5779497932960894
0 0.2864935141065831 0.2166914944134078 0.24273842946708465 0.18014772067039106 0.27977381974921633 0.25193577374301673 0.33997999529780565 0.29201443016759776 0.2864935141065831 0.2166914944134078
0 0.3358417147335423 0.29351859497206706 0.2888601692789969 0.26138591061452515 0.32168457523510974 0.30947634636871507 0.37326791849529783 0.34298595810055865 0.3358417147335423 0.29351859497206706
0 0.38877314890282133 0.35732477653631284 0.35992606426332285 0.34173620111731845 0.3863308056426332 0.3895261480446927 0.4272417946708464 0.41610279888268153 0.38877314890282133 0.35732477653631284
0 0.5450942429467085 0.5677384134078212 0.49559095611285264 0.5488671899441341 0.5427597163009404 0.6143383407821229 0.5815066018808778 0.6324142905027933 0.5450942429467085 0.5677384134078212
0 0.6033432084639498 0.7062611759776536 0.6446632836990596 0.7162929776536313 0.5984059514106583 0.6359751229050279 0.5653416206896552 0.6309430363128492 0.6033432084639498 0.7062611759776536
0 0.6673331363636363 0.7797572932960894 0.6903879043887148 0.7839003016759776 0.6536558228840126 0.7095984134078213 0.6248052163009404 0.7134309860335195 0.6673331363636363 0.7797572932960894
0 0.7828618981191222 0.9617246731843576 0.8150838636363636 0.9571706173184358 0.7753723620689655 0.8904256061452513 0.7368156034482758 0.8908553100558659 0.7828618981191222 0.9617246731843576
0 0.9250740062695925 1 0.9042061739811913 0.9713851675977654 0.884165210031348 0.9714285 0.9038384686520377 1 0.9250740062695925 1
0 0.865029394984326 0.9141863072625699 0.8550462398119122 0.9179713910614525 0.8900756191222571 0.973774405027933 0.9040028134796237 0.9686320698324022 0.865029394984326 0.9141863072625699
0 0.7760119545454545 0.7921329832402235 0.7549893009404389 0.7861312290502793 0.7924355564263323 0.8483586173184358 0.812193145768025 0.8465815474860335 0.7760119545454545 0.7921329832402235
0 0.7390460125391849 0.7366340893854749 0.7133333589341693 0.7263969106145252 0.7512968181818181 0.7760775726256984 0.7706624811912226 0.783243374301676 0.7390460125391849 0.7366340893854749
0 0.94959681661442 1 0.9277138542319749 0.9655512318435755 0.9087703040752351 0.9767702011173185 0.9263285689655172 1 0.94959681661442 1
0 0.8915154231974921 0.9103651340782122 0.8701600188087775 0.9130398715083798 0.9062644545454546 0.9669272234636871 0.9226764451410657 0.9643327234636871 0.8915154231974921 0.9103651340782122
0 0.8514969639498432 0.8586917960893854 0.8336078322884013 0.8592349888268157 0.866668090909091 0.9085309608938547 0.8844461614420063 0.9043965307262569 0.8514969639498432 0.8586917960893854
0 0.8072269278996864 0.7949163324022346 0.7882805188087775 0.7967421759776536 0.8261761786833857 0.8502995810055866 0.8379306724137932 0.8502805949720671 0.8072269278996864 0.7949163324022346
0 0.7719664420062696 0.7477335893854749 0.7489525203761755 0.7400138798882681 0.781565026645768 0.7893923212290502 0.7999687304075235 0.7920124413407822 0.7719664420062696 0.7477335893854749
0 0.8914152288401255 0.8738679106145252 0.8725622053291536 0.877819033519553 0.896512711598746 0.9120484888268156 0.9266708793103448 0.9146495307262569 0.8914152288401255 0.8738679106145252
0 0.861248 0.8332617737430167 0.8337030689655173 0.8283034329608938 0.8660713887147335 0.8661341787709497 0.8825949028213166 0.8656658016759777 0.861248 0.8332617737430167
0 0.8230200438871472 0.7855534832402234 0.8022545595611286 0.7804278351955307 0.8294060266457679 0.8187904916201117 0.8466683730407524 0.8186153994413409 0.8230200438871472 0.7855534832402234
0 0.7965478934169279 0.7464123994413409 0.7678961363636364 0.7287948966480446 0.7935247178683386 0.7691555335195531 0.8143905485893418 0.7756155698324022 0.7965478934169279 0.7464123994413409
0 0.644128579937304 0.5909299636871509 0.5871336927899686 0.5495677905027934 0.6220062084639498 0.6058290251396647 0.6560362570532915 0.6167332541899441 0.644128579937304 0.5909299636871509
0 0.8936939937304076 1 0.8821195862068965 0.9761803100558659 0.8722905313479623 0.9767033268156424 0.8789520579937304 1 0.8936939937304076 1
0 0.779907829153605 0.8739336424581006 0.7980755470219435 0.8707131675977653 0.7758870282131661 0.8231512988826817 0.7632837288401253 0.812163282122905 0.779907829153605 0.8739336424581006