1 0.0754764214092141 0.7268999275362319 0.0867459972899729 0.6616822342995169 0.017058256097560977 0.5886718285024155 0.0019852303523035233 0.6317184710144927 0.0754764214092141 0.7268999275362319
1 0.3299452479674797 1 0.32577350948509487 0.9279726570048309 0.22853521815718156 0.845319270531401 0.2279050216802168 0.8733587439613526 0.23065444173441735 0.927877347826087 0.28634154471544715 1 0.3299452479674797 1
1 0.45445770325203255 1 0.45229413414634145 0.9752089903381642 0.4058356463414634 0.9186458937198066 0.3446687886178862 0.9648441763285024 0.3467188943089431 1 0.45445770325203255 1
1 0 0.40023975362318837 0.013317850948509485 0.41629162560386473 0.055817742547425477 0.31863937681159415 0.007586859078590786 0.24655493478260868 0 0.26162560869565216 0 0.40023975362318837
1 0.1360825081300813 0.40816559420289855 0.08597503929539295 0.35889963768115946 0.05606683468834688 0.4556997463768116 0.11373817886178862 0.5259104178743961 0.1360825081300813 0.40816559420289855
1 0.1387978157181572 0.5508156594202899 0.1967742140921409 0.6202281280193237 0.21401771815718157 0.49347249516908215 0.17895939566395663 0.44205539130434784 0.14537532249322493 0.4598779082125604 0.1387978157181572 0.5508156594202899
1 0.25770492276422763 0.5452442632850242 0.22059841598915989 0.5849558743961353 0.2309685325203252 0.6641735507246377 0.2839488170731707 0.7259175942028985 0.29896971273712736 0.6576019975845411 0.2934835311653117 0.5915826062801932 0.25770492276422763 0.5452442632850242
1 0.44393247154471543 0.7539723333333334 0.41426470731707316 0.7323809855072464 0.3738231029810298 0.7649637536231885 0.3894388929539296 0.8661491352657005 0.45467989837398376 0.9229918937198068 0.4646788590785908 0.8421605531400966 0.44393247154471543 0.7539723333333334
1 0.45499775203252035 0.8212058140096617 0.47066022357723575 0.9400817415458937 0.5216876951219512 0.9821229879227052 0.523620512195122 0.9028680265700484 0.5126340040650407 0.8321296449275362 0.4826820325203252 0.8029561714975846 0.45499775203252035 0.8212058140096617
1 0.596538554200542 1 0.5925142235772357 0.9272742391304347 0.5796574688346884 0.8925743695652173 0.5572662154471545 0.8605664468599035 0.5441163089430895 0.8555678381642512 0.5238480894308943 0.8804552222222223 0.5226666124661247 0.9661597463768116 0.5320027181571816 0.9722351352657004 0.5333144430894309 0.9979987487922706 0.535131403794038 1 0.596538554200542 1
1 0.10976979674796748 0.3231087801932367 0.09331537804878048 0.34691938647342996 0.09944173170731707 0.3608700652173913 0.0962319783197832 0.3687453574879227 0.11832120731707317 0.3973540217391305 0.13056504471544716 0.3921548647342995 0.14089310975609756 0.3543935797101449 0.1256290406504065 0.32560017874396135 0.10976979674796748 0.3231087801932367
1 0.2312605596205962 0.4804564541062802 0.21440935636856367 0.5218017270531401 0.2169291734417344 0.5611623671497585 0.23018271138211382 0.5783275652173914 0.24362576964769647 0.5536249178743962 0.2720308739837398 0.5543164130434782 0.26970944715447154 0.5061884396135266 0.24982914227642278 0.48044064009661835 0.2312605596205962 0.4804564541062802
1 0.3984487682926829 0.7451182536231884 0.4215299566395664 0.7298902487922705 0.42302232926829264 0.680685497584541 0.4002254227642276 0.6331117270531401 0.38837836991869923 0.6207762149758455 0.3791458943089431 0.626867417874396 0.3568760149051491 0.6732271183574879 0.35477072357723577 0.6825328405797102 0.3664193861788618 0.7036356859903382 0.36441772628726293 0.725108 0.3688355704607046 0.7308297342995169 0.38027696883468837 0.7275993985507246 0.3984487682926829 0.7451182536231884
1 0.4484160731707317 0.6804849468599035 0.42352274525745254 0.6753174178743961 0.41891537804878054 0.7114635338164251 0.422436027100271 0.7400880169082126 0.4467341788617886 0.7715575507246377 0.4587884945799458 0.8082262439613527 0.48357819241192407 0.8012271835748792 0.49080013550135504 0.7835077801932367 0.48667544173441735 0.7480847874396136 0.4484160731707317 0.6804849468599035
1 0.560967512195122 0.8142225628019324 0.5440126788617886 0.8434012463768116 0.5735311151761517 0.878623690821256 0.5922121991869919 0.9238749830917874 0.615405891598916 0.9539140845410629 0.6112811964769648 0.9184910917874396 0.6148877330623306 0.8930811328502416 0.5859644715447154 0.8315566835748793 0.560967512195122 0.8142225628019324
1 0.6689880934959349 1 0.663484039295393 0.9560202004830919 0.624422231707317 0.8903891859903382 0.6168982642276423 0.9047093333333334 0.6288578211382114 0.9623119516908213 0.6160188089430894 0.9938131111111111 0.616568512195122 1 0.6689880934959349 1
1 0.5724859281842819 0.723857270531401 0.5586283441734418 0.6998935579710146 0.5390500609756097 0.6775450120772947 0.526202177506775 0.6759456570048309 0.5045363455284553 0.7291038695652173 0.5244255230352303 0.7879521835748792 0.5514330149051491 0.8169145072463768 0.5784227615176152 0.7796757995169081 0.584540243902439 0.760525961352657 0.5740996761517615 0.7530201400966183 0.5724859281842819 0.723857270531401
1 0.368971864498645 0.4903587874396135 0.3577288577235772 0.4848217874396135 0.348289120596206 0.46657981159420286 0.33433677506775067 0.46355002415458935 0.31477623441734415 0.5074025096618358 0.3242248441734418 0.5587450072463769 0.3562542262872629 0.6002275748792271 0.3824326653116531 0.5318571690821257 0.38142296476964765 0.5094928115942029 0.368971864498645 0.4903587874396135
1 0.21879171680216802 0.39512139613526565 0.22201034146341464 0.4203466231884058 0.25403972357723575 0.461829190821256 0.27078729539295393 0.4083173236714976 0.2670682574525745 0.3884601763285024 0.2505013346883469 0.36700367632850245 0.2324331680216802 0.36165141304347825 0.21879171680216802 0.39512139613526565
1 0.12429957317073172 0.23363553381642513 0.10965729403794038 0.2778416739130435 0.14469803794037941 0.3202162850241546 0.1535248590785908 0.2985592391304348 0.15702776422764228 0.26098268599033814 0.14397261788617885 0.23505015217391304 0.1343344864498645 0.22557550724637682 0.12429957317073172 0.23363553381642513
1 0.07199310027100271 0.1839398309178744 0.057549212737127375 0.21937864009661834 0.09148549593495935 0.26032281884057973 0.1038240921409214 0.23418973671497584 0.10823306639566395 0.20681095169082125 0.0940734593495935 0.17944798309178744 0.08664425203252032 0.17283420772946861 0.07199310027100271 0.1839398309178744
1 0.05823027642276423 0.1390421956521739 0.043302775067750675 0.11770357729468599 0.01909588753387534 0.1770963961352657 0.036366052845528456 0.2009677415458937 0.06054283062330623 0.15406965217391305 0.05823027642276423 0.1390421956521739
1 0.2700884891598916 0.4224527391304348 0.3023162628726287 0.45516797101449274 0.32007353658536586 0.424020463768116 0.30410178861788617 0.37626195893719805 0.28592999051490514 0.3587431038647343 0.2674739105691057 0.4040260241545894 0.2700884891598916 0.4224527391304348
1 0.4274817086720867 0.4668702101449275 0.399189108401084 0.5114458188405797 0.39276960162601626 0.5271964009661836 0.3934772804878049 0.5461615024154589 0.4082409349593496 0.5803229830917874 0.44217721680216804 0.6212671618357488 0.4521084986449864 0.6010405483091787 0.46192727777777776 0.5355468236714976 0.4473620162601626 0.4926180096618358 0.4274817086720867 0.4668702101449275
0 0.20503106910569105 0.8946914661835749 0.20718434010840106 0.8223042004830918 0.10530545392953929 0.6937919710144927 0.09929571815718158 0.7577492753623187 0.20503106910569105 0.8946914661835749
0 0.3563812466124661 0.7235416763285023 0.3001685379403794 0.6627616376811594 0.2995475880758808 0.7712994927536232 0.3779362669376694 0.8527974347826086 0.3563812466124661 0.7235416763285023
0 0.017989044715447152 0.2579504685990338 0.06946482791327913 0.3333630966183575 0.08520987398373983 0.29473183333333336 0.0314464322493225 0.22959940579710145 0.017989044715447152 0.2579504685990338
0 0.19911860298102982 0.47286440821256037 0.19884491327913278 0.42988199033816427 0.15576900677506775 0.3988185652173913 0.15218525474254743 0.4404977149758454 0.19911860298102982 0.47286440821256037
0 0.3385836544715447 0.6906540700483093 0.33402583604336045 0.6115184782608696 0.3002588428184282 0.5750147608695652 0.30098579810298104 0.6474246642512078 0.3385836544715447 0.6906540700483093
0 0.540855027100271 0.8597169806763284 0.5272967086720867 0.8071803115942029 0.4972260894308943 0.7918302995169082 0.5182681449864499 0.8534173550724637 0.540855027100271 0.8597169806763284
0 0.7304331260162602 1 0.7167213577235773 0.9721916763285023 0.6712044444444445 0.9192354589371982 0.7025411002710027 0.9958906714975846 0.7082095867208672 1 0.7304331260162602 1
0 0.6410545338753387 0.8878382898550724 0.6675341612466125 0.9538308550724637 0.6962978130081301 0.9856187198067633 0.6714627547425475 0.9261282198067633 0.6410545338753387 0.8878382898550724
0 0.5964102520325203 0.8332966739130435 0.6174113780487805 0.8856356763285024 0.6446020081300813 0.9077351231884059 0.6311962506775067 0.8696284903381641 0.5964102520325203 0.8332966739130435
0 0.46554669512195124 0.680205270531401 0.4822790718157182 0.7324807632850241 0.5219946531165311 0.7795459275362319 0.5024967411924119 0.7111483671497584 0.46554669512195124 0.680205270531401
0 0.4698256951219512 0.7043286376811595 0.4601730040650407 0.6557572125603865 0.4140536775067751 0.615744538647343 0.4277826043360433 0.6750164106280193 0.4698256951219512 0.7043286376811595
0 0.41977965989159893 0.6449770845410628 0.4150172330623306 0.5994602222222223 0.3737110853658537 0.5716990845410628 0.3807239295392954 0.6053246473429952 0.41977965989159893 0.6449770845410628
0 0.31569768563685635 0.5415824106280193 0.3072445758807588 0.4825414516908213 0.26863392276422765 0.44734939855072464 0.273831081300813 0.49828949516908216 0.31569768563685635 0.5415824106280193
0 0.2145669701897019 0.42291866908212555 0.21337506910569104 0.3656307801932367 0.16395761382113822 0.3109772777777778 0.15328244850948508 0.3610349396135266 0.2145669701897019 0.42291866908212555
0 0.09781621138211383 0.13852160628019325 0.06345071002710027 0.09211505555555555 0.04881859214092141 0.10722097101449275 0.08567839295392954 0.15697291062801932 0.09781621138211383 0.13852160628019325
0 0.09798498780487805 0.13810750483091788 0.08394593766937669 0.1559946256038647 0.12226354336043362 0.20751985748792268 0.13441865582655826 0.1848377777777778 0.09798498780487805 0.13810750483091788
0 0.13422958265582655 0.1825180434782609 0.12551532791327913 0.2047704541062802 0.16188725745257454 0.2506115942028986 0.16771145799457995 0.22953985990338163 0.13422958265582655 0.1825180434782609
0 0.16567799322493224 0.223880961352657 0.16465477371273712 0.2516647439613527 0.20556820325203254 0.29769252898550724 0.20269360704607048 0.2700970531400966 0.16567799322493224 0.223880961352657
0 0.2062760189701897 0.273297115942029 0.20751391734417346 0.30337652173913043 0.24679998509485093 0.34729669323671497 0.2423261178861789 0.3166771231884058 0.2062760189701897 0.273297115942029
0 0.24359708265582655 0.31593796376811595 0.2444307452574526 0.3391657922705314 0.2771215243902439 0.3713800700483092 0.27656801219512195 0.35469237922705316 0.24359708265582655 0.31593796376811595
0 0.31850387669376695 0.40959844202898554 0.3221425447154472 0.44044632367149755 0.35823459485094855 0.4739017608695652 0.35085004200542 0.4440879855072464 0.31850387669376695 0.40959844202898554
0 0.3560060420054201 0.44886735265700484 0.3635372046070461 0.475707038647343 0.3941608157181572 0.5147360434782609 0.38383963550135497 0.4793753961352657 0.3560060420054201 0.44886735265700484
0 0.05789919647696477 0.08189052415458936 0.06249859078590785 0.08835070289855072 0.07216082384823848 0.080457 0.0636463970189702 0.06778947584541063 0.05789919647696477 0.08189052415458936
0 0.07793549593495935 0.0792347270531401 0.06378833197831979 0.09128668599033816 0.09631619241192411 0.13784450966183576 0.10756530623306233 0.11997796859903381 0.07793549593495935 0.0792347270531401
0 0.10860351897018969 0.12338384541062801 0.1000965758807588 0.1364126038647343 0.13367876016260163 0.17864063285024154 0.14270641463414635 0.16232424396135264 0.10860351897018969 0.12338384541062801
0 0.14277800406504065 0.16764462077294684 0.13323596341463415 0.1805984685990338 0.17218444986449866 0.22534691304347826 0.1759992181571816 0.20702632850241545 0.14277800406504065 0.16764462077294684
0 0.17642087940379406 0.20362317149758455 0.17178315176151762 0.22545997101449275 0.20574437804878049 0.26501504106280194 0.20532736856368564 0.2418440072463768 0.17642087940379406 0.20362317149758455
0 0.20510172628726286 0.2439329299516908 0.20509139024390247 0.2692316835748792 0.23890603387533876 0.31176077536231883 0.23965234823848236 0.27855596618357487 0.20510172628726286 0.2439329299516908
0 0.2413240704607046 0.2857836256038647 0.2438488319783198 0.3118343647342995 0.2759279972899729 0.34642067632850243 0.2723306449864499 0.31279062801932367 0.2413240704607046 0.2857836256038647
0 0.27657211517615177 0.32130987198067634 0.27871774390243903 0.35003379227053144 0.30807084552845526 0.38172216183574875 0.3043018970189702 0.3541979106280193 0.27657211517615177 0.32130987198067634
0 0.311087162601626 0.3717069685990338 0.3137140514905149 0.38966360869565214 0.34604795528455284 0.42711096618357486 0.3426128590785908 0.39748318115942033 0.311087162601626 0.3717069685990338
0 0.34553262195121953 0.4074594396135266 0.35082488753387536 0.4345633550724638 0.3801143075880759 0.4655365531400966 0.371518674796748 0.4333370821256039 0.34553262195121953 0.4074594396135266
0 0.06761923712737128 0.058041913043478256 0.08222227642276422 0.07656034782608695 0.0932869566395664 0.06348852415458937 0.0742716436314363 0.04171989855072463 0.06761923712737128 0.058041913043478256
0 0.09869427371273713 0.0675192270531401 0.09080183468834688 0.0851407657004831 0.11331087533875338 0.11619157729468599 0.12345978048780488 0.09623376086956523 0.09869427371273713 0.0675192270531401
0 0.12927344715447153 0.10142838164251207 0.11616426693766937 0.1205200120772947 0.14488363821138212 0.15202031400966184 0.15453181978319783 0.13331001690821256 0.12927344715447153 0.10142838164251207
0 0.15114873035230353 0.13229112801932366 0.1439759268292683 0.15337601690821256 0.1755516937669377 0.19616942028985507 0.17952752574525743 0.16568298309178744 0.15114873035230353 0.13229112801932366
0 0.17819928726287265 0.16352860628019325 0.17455811246612468 0.19424975120772947 0.20443688211382113 0.2202909033816425 0.2018801327913279 0.19146634782608693 0.17819928726287265 0.16352860628019325
0 0.26254191463414633 0.26074092995169085 0.27046102032520325 0.3058014758454106 0.29106580352303524 0.32932355797101454 0.28859758130081303 0.29902804830917873 0.26254191463414633 0.26074092995169085
0 0.294225743902439 0.3093696256038647 0.29772181978319784 0.3347800217391304 0.32181675474254745 0.3697832173913043 0.31343432791327913 0.3296119347826087 0.294225743902439 0.3093696256038647
0 0.3232219810298103 0.3462910483091788 0.3270142411924119 0.37271783574879225 0.3501763116531165 0.39955196618357486 0.34323935907859077 0.36979685748792274 0.3232219810298103 0.3462910483091788
0 0.34959732384823844 0.37918520289855073 0.35715069376693764 0.4085847729468599 0.3808606138211382 0.4323316376811594 0.36659559620596205 0.3952968599033816 0.34959732384823844 0.37918520289855073
0 0.4558167032520325 0.5604178212560387 0.46829952845528455 0.608225002415459 0.5011590880758808 0.6400250362318841 0.4699711192411924 0.5687629178743961 0.4558167032520325 0.5604178212560387
0 0.24711450542005423 0.36744078985507245 0.24514363685636856 0.3522321690821256 0.22093660975609758 0.33647090338164254 0.22364595257452574 0.36488906521739134 0.24711450542005423 0.36744078985507245
0 0.344788445799458 0.47116140821256036 0.33707217208672086 0.456105345410628 0.3109283265582656 0.44035721256038646 0.3135681056910569 0.46932766183574876 0.344788445799458 0.47116140821256036
0 0.043681443089430894 0.11677449758454106 0.07250993089430895 0.15936362560386472 0.07849174254742548 0.1421395458937198 0.0495234756097561 0.10244077777777778 0.043681443089430894 0.11677449758454106