1 1 0.5229053275862069 0.948544705801105 0.45533116502463056 0.8774099986187844 0.5450978596059113 0.9450588549723757 0.6878437512315271 1 0.6097818817733991 1 0.5229053275862069
1 0.9031641809392265 0.7473688374384237 0.863289906077348 0.6514083374384236 0.7991982472375692 0.7229419581280788 0.8305325151933701 0.8505658768472907 0.9031641809392265 0.7473688374384237
1 0.6762929488950277 1 0.6744161781767956 0.9329139630541872 0.6715682361878452 0.9042821354679803 0.5806192085635359 0.9844871256157636 0.5809389033149172 1 0.6762929488950277 1
1 0.9171271906077348 0.21047547044334974 0.9118609917127072 0.2092669088669951 0.8918251560773481 0.24140327586206897 0.87679491160221 0.2940754384236453 0.9257786367403315 0.3728928694581281 0.9694942886740331 0.3157592783251231 0.9292015593922652 0.23003713300492612 0.9171271906077348 0.21047547044334974
1 0.8534151988950277 0.47570880295566503 0.9048986629834254 0.4083339655172414 0.8457450000000001 0.3027903620689655 0.8030907320441989 0.3742875615763547 0.8534151988950277 0.47570880295566503
1 0.7614074433701659 0.5832885172413793 0.8136739046961327 0.514102487684729 0.7760399986187846 0.41408355665024627 0.729700935082873 0.46222248522167486 0.7614074433701659 0.5832885172413793
1 0.6893952610497237 0.4949811059113301 0.6583130414364641 0.5459515763546798 0.6856181477900553 0.6759942980295567 0.7382535151933701 0.6076354901477833 0.7244720593922652 0.5145847167487685 0.6893952610497237 0.4949811059113301
1 0.6589464737569061 0.6390020295566502 0.6186083674033149 0.5969186231527094 0.5864026450276243 0.6426773866995074 0.586120726519337 0.7097964581280789 0.6065787127071823 0.7801260788177339 0.6548115511049725 0.7193789236453202 0.6589464737569061 0.6390020295566502
1 0.47644741850828726 0.7812038866995074 0.4484119033149171 0.8019750591133005 0.43458373895027624 0.8910642709359605 0.4509964309392265 0.9739495640394088 0.511908067679558 0.9187215443349753 0.5195655262430939 0.8161557955665025 0.47644741850828726 0.7812038866995074
1 0.42541413121546956 1 0.43632683425414365 0.9907077783251231 0.4426328770718232 0.8700965615763547 0.41343688397790057 0.8503069334975368 0.3857157209944751 0.8788011625615764 0.3802926809392265 0.9505016108374384 0.3853086864640884 1 0.42541413121546956 1
1 0.3848767872928177 1 0.37829308563535907 0.9276270098522167 0.35600708977900547 0.9013796305418719 0.34321933977900554 0.9059224802955665 0.32330185082872925 0.9376283719211823 0.31315549447513813 0.9724840886699507 0.3137924958563536 1 0.3848767872928177 1
1 0.8516880276243094 0.23798172906403942 0.8475066850828729 0.264362197044335 0.875553026243094 0.3028646206896552 0.8709574046961326 0.2719217832512315 0.9037308660220995 0.2287629458128079 0.8882334986187845 0.20990301970443348 0.8735597430939227 0.20690580295566502 0.8516880276243094 0.23798172906403942
1 0.7336548190607736 0.3784338374384236 0.720628291436464 0.40716203694581277 0.7339667665745856 0.4461222906403941 0.7466521837016575 0.45194459359605915 0.7665355607734807 0.42369375123152714 0.7626953301104973 0.41552372167487683 0.7677343977900553 0.4015509113300493 0.7493568549723757 0.3765634630541872 0.7336548190607736 0.3784338374384236
1 0.621381958563536 0.5311409950738917 0.6034869198895028 0.5565667512315271 0.6049635897790054 0.6055674137931034 0.6333851533149172 0.6060642931034483 0.6488142983425415 0.6318343152709359 0.6607443259668508 0.6148838103448276 0.6601594903314917 0.5748357536945813 0.6399982776243094 0.5319430935960591 0.621381958563536 0.5311409950738917
1 0.5321504834254144 0.7328683349753694 0.5293044212707183 0.7232857635467981 0.5033146408839779 0.6750481527093596 0.4935776187845304 0.668443275862069 0.48267587154696134 0.6805261896551724 0.4635819958563536 0.72809478817734 0.4689671201657459 0.778355381773399 0.49330967541436466 0.7948675763546798 0.5101423232044199 0.7777644630541872 0.5218676837016575 0.7815442561576355 0.5258443577348066 0.7758940862068965 0.5221405718232044 0.753903854679803 0.5321504834254144 0.7328683349753694
1 0.4626560497237569 0.7225972315270937 0.4381088273480663 0.7268153349753694 0.4050965870165745 0.7941595221674876 0.4037613066298343 0.8301225615763547 0.41240182734806624 0.8485051305418719 0.4378067720994475 0.8566946847290641 0.44699307044198894 0.8197964556650246 0.46886478729281766 0.7887205320197044 0.4701318439226519 0.759667591133005 0.4626560497237569 0.7225972315270937
1 0.31215637983425415 0.8751127290640395 0.2880234378453039 0.9366541379310346 0.29364733977900553 0.9627293842364533 0.2923120593922652 0.9986924261083744 0.31318960635359117 0.9690290418719212 0.32834091712707186 0.9236555615763548 0.3551493660220995 0.8889719753694582 0.33584587845303865 0.8584869704433498 0.31215637983425415 0.8751127290640395
1 0.28034422237569057 1 0.2869269350828729 0.9484318300492611 0.2782523038674033 0.9335043103448276 0.24428000690607735 0.9988059901477833 0.24422538674033148 1 0.28034422237569057 1
1 0.35976920856353595 0.7188919556650246 0.347015567679558 0.7199797561576354 0.32915463950276247 0.7419504630541872 0.3171563908839779 0.7658110689655172 0.3178435593922652 0.7954939753694581 0.3079700925414365 0.8027092955665024 0.31561644337016576 0.8225044064039408 0.34561701104972375 0.8616367980295567 0.3704030096685083 0.8332333448275862 0.3856907665745856 0.7740396674876847 0.35976920856353595 0.7188919556650246
1 0.5135583839779005 0.531043381773399 0.5027248591160222 0.536216197044335 0.49175489088397795 0.5552092093596059 0.4925102817679558 0.5779820147783251 0.5241580759668508 0.6488398201970443 0.552988973756906 0.6078760985221675 0.5584032624309392 0.5558977413793104 0.5353277651933701 0.5103326059113301 0.5215799571823204 0.512832948275862 0.5135583839779005 0.531043381773399
1 0.5968297914364641 0.4365751945812808 0.5946708991712708 0.45667552955665025 0.6156898342541436 0.5119758472906404 0.6445207320441989 0.4710121280788177 0.6457536795580111 0.44541423645320194 0.6294326975138121 0.41069160591133 0.6117423259668509 0.41538706403940884 0.5968297914364641 0.4365751945812808
1 0.6970702941988951 0.3111836945812808 0.7035519185082872 0.3496665960591133 0.7141125538674032 0.37213418226600986 0.7458918466850829 0.3303878842364532 0.7277189723756905 0.28467014039408867 0.7170218936464088 0.2760227512315271 0.7081084834254143 0.28528058128078815 0.6970702941988951 0.3111836945812808
1 0.7417055593922652 0.2579844482758621 0.7482895179558011 0.28610220443349754 0.7627244958563536 0.3132847709359606 0.7935096201657458 0.2729510123152709 0.7762285801104973 0.23618587438423644 0.7606629903314918 0.22423605172413794 0.7537379198895027 0.23066879556650247 0.7417055593922652 0.2579844482758621
1 0.7922273522099447 0.18181166748768474 0.7864772693370166 0.19096500738916256 0.7853466574585635 0.2061977487684729 0.8132906643646409 0.2550653226600985 0.8441440110497237 0.20782146798029558 0.8367176174033149 0.19202193103448276 0.7922273522099447 0.18181166748768474
1 0.5667659475138122 0.5031368078817734 0.596488679558011 0.4711256945812808 0.5976534046961326 0.4524379039408867 0.5755720773480663 0.4054602266009852 0.558739429558011 0.4225633399014779 0.5465024019337016 0.47060929556650244 0.5667659475138122 0.5031368078817734
1 0.4740986284530387 0.556449618226601 0.4422120566298342 0.5097771625615763 0.4243170165745856 0.5352029187192118 0.4131082693370166 0.5783812807881773 0.4281280828729282 0.6456119039408866 0.439682885359116 0.6666669458128079 0.47046801104972374 0.6263331921182266 0.48256859254143647 0.5921074359605911 0.4817790897790055 0.5727896798029556 0.4740986284530387 0.556449618226601
0 0.725358476519337 1 0.8053598287292818 0.8863319113300492 0.7831301961325967 0.7549139064039408 0.6911535179558012 0.881706487684729 0.7037605455801105 1 0.725358476519337 1
0 0.522384208563536 0.9055873620689655 0.5945277569060773 0.8257632684729064 0.5853267044198895 0.7150094482758621 0.5337771588397789 0.774636330049261 0.522384208563536 0.9055873620689655
0 0.8204855718232045 0.2844828497536946 0.77173542679558 0.3486535960591133 0.7905732030386741 0.3887306699507389 0.8362174447513812 0.3139754950738916 0.8204855718232045 0.2844828497536946
0 0.7161133190607735 0.4945252931034482 0.7092263853591161 0.45185360098522165 0.6684978052486188 0.48172040640394087 0.6716206491712707 0.525558381773399 0.7161133190607735 0.4945252931034482
0 0.5832952058011049 0.6993284679802957 0.5783008922651933 0.6254885123152709 0.5473345193370166 0.6612993891625616 0.5490199599447514 0.7418385689655173 0.5832952058011049 0.6993284679802957
0 0.38174999861878456 0.9002798596059113 0.39797705524861876 0.8383409876847291 0.36904437845303867 0.8527278571428571 0.3596044737569061 0.9057505246305418 0.38174999861878456 0.9002798596059113
0 0.22075345718232045 1 0.23363290331491715 0.960952354679803 0.20256942679558013 1 0.22075345718232045 1
0 0.23701142541436465 1 0.24004670303867404 0.9964010467980295 0.26137674723756904 0.9301979458128079 0.23391873204419888 0.967973236453202 0.2230737527624309 1 0.23701142541436465 1
0 0.269820455801105 0.9120380541871921 0.2593929848066298 0.9503460295566503 0.2849050041436464 0.928951657635468 0.3018219723756906 0.8764456773399015 0.269820455801105 0.9120380541871921
0 0.3863163218232044 0.7558082561576355 0.3721755593922652 0.8247603891625616 0.4082706629834254 0.7784267857142857 0.4209132140883978 0.7258049137931035 0.3863163218232044 0.7558082561576355
0 0.45836173480662984 0.7221098374384237 0.467440341160221 0.6622233103448276 0.4243680483425414 0.7010910886699507 0.41853014779005526 0.7502338325123153 0.45836173480662984 0.7221098374384237
0 0.5000299709944751 0.6530039753694582 0.5044026947513812 0.6189968768472907 0.4651873024861879 0.6455696847290641 0.4640104848066299 0.691803236453202 0.5000299709944751 0.6530039753694582
0 0.5987306546961326 0.5483339926108375 0.5999146533149171 0.49658619704433493 0.5639888232044199 0.5308539236453201 0.5601809917127072 0.5907281945812808 0.5987306546961326 0.5483339926108375
0 0.7087328508287293 0.41341296798029553 0.6940745331491712 0.36189356650246307 0.6488530290055249 0.41555794334975366 0.652186026243094 0.4739511256157636 0.7087328508287293 0.41341296798029553
0 0.7603776312154696 0.20809564532019706 0.7799157693370165 0.1789862290640394 0.7568566671270719 0.17369429802955666 0.7467510856353591 0.18875833497536948 0.7603776312154696 0.20809564532019706
0 0.7137177113259668 0.23445960344827588 0.7276959875690608 0.25811377832512317 0.7620371035911603 0.2071709581280788 0.7465491546961326 0.1883287290640394 0.7137177113259668 0.23445960344827588
0 0.6838746919889502 0.27865431034482757 0.6913789295580111 0.3003976822660099 0.7242187555248619 0.25517126600985224 0.71372391160221 0.23210107142857142 0.6838746919889502 0.27865431034482757
0 0.6520104972375691 0.3185490049261084 0.6513097790055248 0.3465795295566502 0.6886877237569061 0.30135493349753695 0.6854659848066299 0.27296732019704434 0.6520104972375691 0.3185490049261084
0 0.6159603301104972 0.36439124630541875 0.6138953535911602 0.39543917487684727 0.6498084406077348 0.3522958325123153 0.6486720428176795 0.3216619926108375 0.6159603301104972 0.36439124630541875
0 0.5846373370165745 0.40172404926108374 0.585401388121547 0.41872497783251234 0.6156278812154696 0.3872445246305418 0.6146277624309392 0.36358337438423644 0.5846373370165745 0.40172404926108374
0 0.5172349295580111 0.4897789679802955 0.5121882900552486 0.5198816428571429 0.5457264709944751 0.487278960591133 0.546936111878453 0.45596275862068963 0.5172349295580111 0.4897789679802955
0 0.48695176795580114 0.5243819039408867 0.47939956077348067 0.5600190541871921 0.5070150897790056 0.52149889408867 0.5124437679558012 0.4944365123152709 0.48695176795580114 0.5243819039408867
0 0.703629794198895 0.21114107389162562 0.7139696533149171 0.22816875369458128 0.744298320441989 0.18651026108374386 0.7347403190607735 0.17285857389162562 0.703629794198895 0.21114107389162562
0 0.673786773480663 0.2553357857142857 0.6790591035911603 0.2741874458128079 0.7145682997237569 0.23018483004926107 0.7039785331491712 0.21656575369458128 0.673786773480663 0.2553357857142857
0 0.6471370953038674 0.28961449261083744 0.6485504212707183 0.31323533743842363 0.6794703425414365 0.2743197684729064 0.6730950801104972 0.2518461231527094 0.6471370953038674 0.28961449261083744
0 0.6156277983425414 0.3256141921182266 0.6190004005524862 0.35952047783251234 0.6495383135359116 0.3175646847290641 0.6475284074585635 0.29175511083743844 0.6156277983425414 0.3256141921182266
0 0.5855735069060773 0.35915631773399015 0.5846251767955801 0.39331256403940884 0.6140510455801105 0.3593863325123153 0.6145231464088398 0.3329169039408867 0.5855735069060773 0.35915631773399015
0 0.5567949337016574 0.4000456945812808 0.5551919958563536 0.427965697044335 0.5821140193370166 0.39688048768472906 0.5819947582872929 0.3676679014778325 0.5567949337016574 0.4000456945812808
0 0.5218092127071823 0.4425826009852217 0.5207072209944752 0.4726627093596059 0.5501623314917127 0.43582849261083745 0.5513765524861878 0.4176207807881773 0.5218092127071823 0.4425826009852217
0 0.49566482872928175 0.4779363128078818 0.48959263674033154 0.5104215566502464 0.5165073453038674 0.4800632487684729 0.5196706367403314 0.4526365369458128 0.49566482872928175 0.4779363128078818
0 0.6894815745856354 0.18104095812807883 0.7006327223756906 0.20053710837438424 0.726934294198895 0.1696169384236453 0.7244824254143646 0.1662645935960591 0.7036571698895028 0.161485315270936 0.6894815745856354 0.18104095812807883
0 0.6669819627071824 0.2130090197044335 0.6733773162983425 0.2442787857142857 0.7016498577348067 0.20195858374384237 0.6927926035911602 0.1801447142857143 0.6669819627071824 0.2130090197044335
0 0.6466112458563537 0.2383664088669951 0.6463263135359116 0.26766426108374386 0.6742216602209945 0.2423624458128079 0.6681432513812154 0.21086739901477836 0.6466112458563537 0.2383664088669951
0 0.56817808839779 0.34442754679802956 0.5680981629834254 0.3752297709359606 0.5868954088397791 0.35210530049261085 0.5912728743093923 0.3064708866995074 0.56817808839779 0.34442754679802956
0 0.545696429558011 0.374577157635468 0.5404680511049724 0.41520406157635464 0.5618567472375691 0.3805145812807882 0.563353205801105 0.35473953201970443 0.545696429558011 0.374577157635468
0 0.5189928908839779 0.41431120689655176 0.5143903356353592 0.4443729778325123 0.535489497237569 0.4179778866995074 0.537202546961326 0.3911784729064039 0.5189928908839779 0.41431120689655176
0 0.4975936325966851 0.4393370369458128 0.48622003453038676 0.4765151600985222 0.5081124240331492 0.4532928078817734 0.5133610386740332 0.42361983743842363 0.4975936325966851 0.4393370369458128
0 0.40766960359116017 0.6119270073891625 0.38203592265193365 0.6833066773399015 0.4124643577348066 0.6522559704433497 0.4211998812154696 0.6040126773399015 0.40766960359116017 0.6119270073891625
0 0.6384978066298342 0.4143665197044335 0.6389678370165746 0.38548972167487683 0.615945935082873 0.4005443325123153 0.6151721809392265 0.4159763522167488 0.6384978066298342 0.4143665197044335
0 0.5566050787292818 0.51710589408867 0.5569617196132596 0.487662724137931 0.531997114640884 0.5026219556650247 0.5254515124309392 0.5176551502463054 0.5566050787292818 0.51710589408867
0 0.7737680179558011 0.2110919802955665 0.7915651629834254 0.18165969950738917 0.7763662776243094 0.17817164285714288 0.766409885359116 0.19326722167487687 0.7737680179558011 0.2110919802955665