1 0.9807571358024691 1 0.9464136592592592 0.8817804823788546 0.8631666283950618 0.8929565330396476 0.876612525925926 1 0.9807571358024691 1
1 0.8268690148148149 1 0.8234522999999999 0.9591768436123349 0.7508965580246914 0.9624873766519824 0.7485880666666666 1 0.8268690148148149 1
1 0.47524364444444445 1 0.43421903333333334 0.9159624933920705 0.38426286296296297 0.9244618700440529 0.3559174308641975 1 0.47524364444444445 1
1 0.9934162172839507 0.7237380374449339 0.9829595962962963 0.6751781960352422 0.9548546333333333 0.684200962555066 0.9284324716049382 0.7109396299559472 0.9489033641975309 0.8049553942731278 0.9924478320987654 0.7979685859030837 0.9934162172839507 0.7237380374449339
1 0.861205074074074 0.8246409162995595 0.922085435802469 0.8148117555066079 0.9000798913580247 0.6937820947136565 0.8455320197530865 0.7132638964757708 0.861205074074074 0.8246409162995595
1 0.7557654962962964 0.8329290440528635 0.8177778802469136 0.8223815528634361 0.8123920358024691 0.7216074581497797 0.7608716975308641 0.7214112246696035 0.7557654962962964 0.8329290440528635
1 0.7184473777777778 0.7146498656387664 0.678994298765432 0.7280292731277532 0.6678403753086419 0.8427138898678415 0.7299457049382716 0.8330434229074889 0.7427597555555555 0.7553314273127754 0.7184473777777778 0.7146498656387664
1 0.6551415641975309 0.7958066872246696 0.6323029086419752 0.7348912709251102 0.5932723320987654 0.7436524162995595 0.575446598765432 0.7919833259911894 0.5741922493827161 0.8583068656387665 0.6306066296296295 0.8508150837004405 0.6551415641975309 0.7958066872246696
1 0.4646546530864198 0.760762127753304 0.4356734617283951 0.7546018898678414 0.40071718765432096 0.8085874801762115 0.3927761987654321 0.8809353898678414 0.45838907037037036 0.8870151387665198 0.49169619259259256 0.8186201872246697 0.4646546530864198 0.760762127753304
1 0.37606834074074075 0.8819717643171806 0.4129697925925926 0.7995043149779736 0.39364354567901233 0.7631316189427313 0.3629023938271605 0.7627946057268722 0.3395597148148148 0.8105544823788546 0.3252359296296296 0.8752883480176211 0.37606834074074075 0.8819717643171806
1 0.3438753567901235 0.7924995616740088 0.3320428814814814 0.7566773303964757 0.3201161012345679 0.7503008149779736 0.2950850913580247 0.7581829185022025 0.27743225679012345 0.775725986784141 0.2558271827160494 0.841688167400881 0.2633818419753086 0.8829974867841409 0.3123881086419753 0.8787873920704845 0.3186557395061729 0.8592730925110132 0.32763124814814815 0.8617852246696035 0.3438753567901235 0.7924995616740088
1 0.21242527654320986 0.8310596982378855 0.20676612962962965 0.8051688810572687 0.1735445777777778 0.7967820925110133 0.14049951358024693 0.8200436629955947 0.12034267901234567 0.867573345814978 0.1197068012345679 0.8926137709251101 0.12801903827160493 0.899801640969163 0.17139354938271606 0.8900654207048458 0.18368541975308642 0.8691988678414097 0.2079040666666667 0.8547088325991189 0.21242527654320986 0.8310596982378855
1 0.0373025024691358 0.8567887202643172 0.038629046913580246 0.8474372488986784 0.046399707407407405 0.8502198303964758 0.0375185024691358 0.818261986784141 0.020650635802469137 0.8220482929515418 0.018015283950617283 0.8207536585903084 0.023656693827160496 0.8666420572687225 0.0373025024691358 0.8567887202643172
1 0.9220530925925926 0.6513996189427314 0.9116293432098765 0.6673199845814979 0.9250865444444445 0.7163580748898678 0.9293369666666667 0.690506295154185 0.9681628753086421 0.6840545198237885 0.9600940333333333 0.6587046035242291 0.9485597395061729 0.6454497070484582 0.9220530925925926 0.6513996189427314
1 0.786148712345679 0.6637984889867841 0.7676835148148149 0.6747336255506609 0.768672361728395 0.7129899118942732 0.7777969617283951 0.7267857114537445 0.801893913580247 0.7213767004405286 0.800810761728395 0.712566127753304 0.8087031197530864 0.7062676850220264 0.7998219148148149 0.6743098414096916 0.786148712345679 0.6637984889867841
1 0.6518690592592593 0.6894132158590308 0.6301818024691358 0.6942813259911895 0.6185806 0.7308368303964757 0.6423124604938272 0.7526708898678414 0.6485131827160493 0.7829669933920705 0.6629713530864197 0.7797215859030837 0.672975224691358 0.7503149118942731 0.6672886827160494 0.7040594052863436 0.6518690592592593 0.6894132158590308
1 0.5240883086419753 0.7678913788546256 0.5242100049382715 0.7588103546255507 0.5150306185185185 0.704285178414097 0.5085865024691358 0.6921511211453745 0.49626723950617285 0.6926529823788546 0.4677707765432099 0.7126301079295154 0.4591208432098765 0.7530499977973568 0.4752311345679013 0.7833851387665198 0.4938454234567901 0.7837336674008811 0.5026992333333333 0.7953268215859031 0.5075186234567901 0.7942450220264318 0.5101717135802469 0.7755420726872246 0.5240883086419753 0.7678913788546256
1 0.46843404814814815 0.7079543700440529 0.4467193987654321 0.6924577885462555 0.40135506913580243 0.7162212224669604 0.3908096234567901 0.7412226101321586 0.393246712345679 0.7610463986784141 0.4124299703703704 0.7861649008810573 0.42981201728395063 0.766419191629956 0.45631866419753087 0.7604692775330397 0.46499599012345677 0.740414077092511 0.46843404814814815 0.7079543700440529
1 0.3021102975308642 0.7045471718061674 0.2657214765432099 0.7308227334801762 0.26360996296296296 0.7539309669603523 0.25306451728395063 0.7789323546255507 0.2783663160493827 0.7732528942731277 0.30297744814814814 0.7518844779735683 0.33457427283950614 0.7470554074889868 0.3263563395061728 0.7104218237885462 0.3021102975308642 0.7045471718061674
1 0.09234512592592593 0.7606865925110132 0.056199698765432106 0.7688001101321587 0.05207097530864197 0.7855708656387665 0.042039709876543215 0.7946128502202643 0.03456723086419753 0.8143976013215859 0.04612891975308642 0.8480171872246696 0.11396547283950617 0.8056288854625551 0.11177177777777778 0.7676430484581498 0.09234512592592593 0.7606865925110132
1 0.24020367777777776 0.7750289317180616 0.26171444938271604 0.7385124669603523 0.2583433012345679 0.7211617709251101 0.2127081839506173 0.7427225572687224 0.1962875913580247 0.7803598678414098 0.19697825679012346 0.7960488193832599 0.21080054938271606 0.8178438370044053 0.22619278024691358 0.8121253370044053 0.24080004074074074 0.8201635969162995 0.2445362814814815 0.8102712224669604 0.24020367777777776 0.7750289317180616
1 0.3830236901234568 0.6275355550660793 0.37203097160493825 0.6186859449339207 0.35127777530864196 0.6210809603524229 0.3349514839506173 0.6292725550660793 0.32774979382716046 0.6512599493392071 0.31756943703703705 0.6490182665198237 0.3188016790123457 0.6691125044052864 0.3337345160493827 0.7200827863436122 0.3619875839506173 0.7182677114537446 0.3903349567901234 0.6870069207048458 0.3830236901234568 0.6275355550660793
1 0.5613685222222222 0.6078735594713657 0.5509173790123457 0.6034292356828194 0.5367299962962964 0.6088772863436124 0.5313964246913581 0.6259184911894273 0.5393983580246914 0.7010788105726873 0.5743389370370371 0.6932357444933921 0.5925059530864197 0.6597332709251101 0.5850729888888889 0.6093429273127753 0.5728754222222222 0.600763768722467 0.5613685222222222 0.6078735594713657
1 0.6560372987654322 0.6024673678414098 0.6489573037037036 0.6153737378854626 0.6521124518518518 0.6712511696035243 0.6870530308641976 0.6634081013215859 0.694796298765432 0.6458259955947137 0.6901929074074074 0.6083810616740087 0.674110011111111 0.5984106101321587 0.6560372987654322 0.6024673678414098
1 0.7730566024691358 0.5875173281938326 0.7684136962962962 0.620247486784141 0.7713923604938272 0.6444765616740088 0.8090134222222223 0.6382952378854626 0.8057365765432098 0.5914988281938326 0.7990216728395061 0.5771621299559472 0.7891121037037037 0.5771230903083701 0.7730566024691358 0.5875173281938326
1 0.824472561728395 0.5827663325991189 0.8226318358024691 0.6080772114537445 0.8276277111111112 0.6386437643171806 0.8640439259259259 0.6327328898678415 0.8591697481481482 0.5930853149779736 0.8492327851851852 0.5726815859030837 0.841732912345679 0.5721016453744494 0.824472561728395 0.5827663325991189
1 0.8746836740740741 0.5782857907488986 0.8853386975308641 0.6347431607929516 0.9236230308641975 0.6238860991189427 0.9182072777777778 0.5798332356828193 0.9046557728395062 0.560240859030837 0.879624761728395 0.5681229647577092 0.8746836740740741 0.5782857907488986
1 0.6133534518518519 0.6278925396475772 0.6466966987654321 0.6271983039647577 0.6525718456790124 0.614562385462555 0.6463437283950617 0.5639015947136564 0.6277294407407408 0.5635530660792951 0.6048647320987655 0.5890563171806168 0.6133534518518519 0.6278925396475772
1 0.5215811592592593 0.5964337378854625 0.5070408061728395 0.538585077092511 0.4853535506172839 0.5434531872246696 0.46462774814814817 0.5662128942731277 0.4596197530864197 0.6261861233480176 0.4638032641975308 0.6501447466960352 0.5002194790123456 0.644233872246696 0.519347949382716 0.6286229977973568 0.5237474604938271 0.614054885462555 0.5215811592592593 0.5964337378854625
0 0.4706264962962963 0.8854313678414096 0.5521149938271604 0.8822085660792952 0.5734138543209877 0.7951536762114538 0.5145084209876544 0.7993291916299559 0.4706264962962963 0.8854313678414096
0 0.17121117283950618 0.912576127753304 0.24032371851851853 0.9069274207048458 0.25871464814814815 0.8360683876651982 0.23307553086419752 0.8288994933920706 0.17121117283950618 0.912576127753304
0 0.8836702938271604 0.6614557202643172 0.8259244160493827 0.6710327533039647 0.8312376765432098 0.714251922907489 0.889149637037037 0.6946729471365639 0.8836702938271604 0.6614557202643172
0 0.7409986728395062 0.7345077577092511 0.7463989950617284 0.6984418127753304 0.7043774320987654 0.68926940969163 0.6955112358024691 0.7233348061674009 0.7409986728395062 0.7345077577092511
0 0.5758175716049383 0.7822774427312775 0.590974761728395 0.7250990462555067 0.5555916283950617 0.7276017995594714 0.5359008049382716 0.7871253017621146 0.5758175716049383 0.7822774427312775
0 0.35394421975308643 0.7753326806167401 0.3837996049382716 0.7427961431718061 0.35573823086419754 0.731340577092511 0.33391773580246914 0.7625566850220264 0.35394421975308643 0.7753326806167401
0 0.16523977160493827 0.7136648876651982 0.13295372716049383 0.7352920374449339 0.17225452345679013 0.7437414889867842 0.21368895061728396 0.707300178414097 0.16523977160493827 0.7136648876651982
0 0.21208905061728398 0.712594 0.17950463086419755 0.7404692114537444 0.20978423703703702 0.7377845925110132 0.24504144074074075 0.7060196497797356 0.21208905061728398 0.712594
0 0.2568895098765432 0.6992653700440529 0.23809596790123455 0.7190928788546256 0.2651218061728395 0.7228956916299559 0.29308446543209876 0.6977027797356828 0.2568895098765432 0.6992653700440529
0 0.39563783333333336 0.6742936960352424 0.36569617283950623 0.713478936123348 0.40814282592592593 0.707240768722467 0.43254715679012345 0.6787343854625552 0.39563783333333336 0.6742936960352424
0 0.46495636790123457 0.7043571762114538 0.48827225185185186 0.6679037885462555 0.4419241913580247 0.6634704889867841 0.42414461604938275 0.6946020308370043 0.46495636790123457 0.7043571762114538
0 0.518049724691358 0.6858598876651982 0.5306327691358025 0.6645681607929516 0.49074485925925926 0.6541566960352423 0.4776409913580247 0.686705973568282 0.518049724691358 0.6858598876651982
0 0.6283460111111111 0.6847332488986785 0.6429009555555556 0.6482012202643171 0.6037583728395062 0.6458406365638767 0.5848709185185186 0.6862676365638767 0.6283460111111111 0.6847332488986785
0 0.7560582827160494 0.670266691629956 0.7572525407407407 0.6219297533039647 0.7052224987654321 0.6265742070484582 0.6927184444444444 0.6713254581497798 0.7560582827160494 0.670266691629956
0 0.979983387654321 0.5842796145374449 0.9236965469135803 0.6022068502202643 0.9360537061728395 0.633153127753304 0.9948547370370371 0.6134697709251101 0.9948786185185186 0.6116392268722467 0.979983387654321 0.5842796145374449
0 0.9658145802469136 0.5101786696035242 0.9271044987654321 0.5194484493392071 0.9382336814814816 0.5379008700440528 0.9731124419753087 0.524834037444934 0.9658145802469136 0.5101786696035242
0 0.9011239543209876 0.5476593810572687 0.9351985913580246 0.5420678193832599 0.9264833543209876 0.5186355528634361 0.8885558172839507 0.528101422907489 0.9011239543209876 0.5476593810572687
0 0.8532229172839506 0.5607924162995594 0.8938376012345679 0.5501607907488987 0.8847204518518519 0.52658159030837 0.8468498740740741 0.5365107797356828 0.8532229172839506 0.5607924162995594
0 0.8071394864197532 0.5446049845814978 0.8126765666666667 0.5722745550660794 0.8548584901234568 0.5613774933920705 0.8467929185185185 0.5360474933920705 0.8071394864197532 0.5446049845814978
0 0.7705024493827161 0.5540201299559472 0.7711048222222223 0.5754160704845815 0.8105282716049383 0.567519063876652 0.807762761728395 0.5429038612334802 0.7705024493827161 0.5540201299559472
0 0.7332953320987654 0.5587981321585903 0.7253614222222221 0.5785417797356828 0.7685944925925926 0.5740749911894273 0.7733287790123456 0.5511093568281938 0.7332953320987654 0.5587981321585903
0 0.6910151740740741 0.5647148744493392 0.6811451333333334 0.5856100616740088 0.7226029370370369 0.5815417268722467 0.7296766641975309 0.5585271431718062 0.6910151740740741 0.5647148744493392
0 0.6549337975308642 0.5680489052863437 0.6511200604938271 0.580922140969163 0.6847471888888889 0.580992334801762 0.6901080901234569 0.5631237246696036 0.6549337975308642 0.5680489052863437
0 0.5752689024691358 0.5808069537444933 0.563143238271605 0.5987656123348017 0.5998448703703704 0.6005263876651983 0.6090670962962963 0.5787909008810573 0.5752689024691358 0.5808069537444933
0 0.5407759283950617 0.5829522819383259 0.5250962975308642 0.6030206013215859 0.5583761308641976 0.5960265352422908 0.5700258148148148 0.5805554361233479 0.5407759283950617 0.5829522819383259
0 0.9582618209876543 0.5057884955947136 0.9452085345679012 0.4909785396475771 0.9155562901234567 0.5039470154185022 0.9246456580246913 0.5142865594713656 0.9582618209876543 0.5057884955947136
0 0.8798290641975309 0.510419295154185 0.8862678530864199 0.5243296387665198 0.9184450913580247 0.5147261057268723 0.9085894234567902 0.500273140969163 0.8798290641975309 0.510419295154185
0 0.8424794271604937 0.5140380088105727 0.8482318543209877 0.5371528920704846 0.8846065197530865 0.5256548414096917 0.875278361728395 0.5048935396475771 0.8424794271604937 0.5140380088105727
0 0.804780701234568 0.5201176387665198 0.8089995740740741 0.540245486784141 0.8453797148148148 0.5330316035242291 0.8409325691358025 0.5159362026431719 0.804780701234568 0.5201176387665198
0 0.768143662962963 0.5295327863436123 0.7676299716049382 0.5471509162995595 0.8089738555555556 0.5421559383259912 0.8036519160493827 0.5243045440528634 0.768143662962963 0.5295327863436123
0 0.736786239506173 0.5341889911894273 0.7317828209876543 0.5523406607929515 0.7679405604938271 0.5475573414096917 0.7684774234567902 0.5264862555066079 0.736786239506173 0.5341889911894273
0 0.7008977975308642 0.5364180881057269 0.6948439666666667 0.5634890969162996 0.7314776938271605 0.5562182929515418 0.7365538111111112 0.536032859030837 0.7008977975308642 0.5364180881057269
0 0.6668749691358025 0.5379691145374449 0.6571278814814815 0.5619561057268723 0.6907237580246914 0.5596524559471365 0.6980566296296297 0.5408651299559472 0.6668749691358025 0.5379691145374449
0 0.6319978037037037 0.5457979471365639 0.6233353728395062 0.5647799647577092 0.6540845716049383 0.5626392356828194 0.6616398135802469 0.5414210991189428 0.6319978037037037 0.5457979471365639
0 0.5914775160493827 0.5501283744493393 0.5826695962962963 0.5710511960352423 0.6170520839506173 0.5666664361233481 0.6228429777777778 0.5544151321585903 0.5914775160493827 0.5501283744493393
0 0.5602626123456791 0.5559438656387665 0.5466515493827161 0.574850832599119 0.5772041160493827 0.5732303083700441 0.5870473111111112 0.5557840308370045 0.5602626123456791 0.5559438656387665
0 0.9679801407407407 0.4788472114537445 0.9484784518518519 0.4592713414096916 0.9210350111111111 0.4679581674008811 0.9368431148148149 0.4863126784140969 0.9679801407407407 0.4788472114537445
0 0.8954965481481482 0.4735466740088106 0.9066377950617284 0.4949973986784141 0.9278271024691358 0.4892888480176211 0.9176241679012346 0.4677715088105727 0.8954965481481482 0.4735466740088106
0 0.8656924234567901 0.48023676872246696 0.8722553345679013 0.49938222246696035 0.8976732703703704 0.4941527577092511 0.8893650037037037 0.47744784140969165 0.8656924234567901 0.48023676872246696
0 0.8340499592592593 0.48257440088105724 0.8384682518518518 0.5064901497797357 0.8634047308641976 0.4994642246696035 0.8603910666666666 0.4791900859030837 0.8340499592592593 0.48257440088105724
0 0.8007901456790124 0.4876576343612335 0.8050432765432098 0.5101837929515419 0.8352283086419754 0.5076936321585903 0.828177162962963 0.48213577753303966 0.8007901456790124 0.4876576343612335
0 0.7735225419753087 0.493778359030837 0.7706974604938271 0.5212264273127754 0.8055247320987655 0.5119804008810572 0.803804875308642 0.4895111629955947 0.7735225419753087 0.493778359030837
0 0.7497746827160494 0.49672645594713655 0.7418577444444444 0.5177008612334801 0.7719085407407407 0.5204783964757709 0.7750587592592593 0.4931068744493392 0.7497746827160494 0.49672645594713655
0 0.6561299691358025 0.5141729317180617 0.6479909185185185 0.5363902753303965 0.6698325777777778 0.533868255506608 0.6854666234567902 0.5041706475770925 0.6561299691358025 0.5141729317180617
0 0.6293539777777778 0.5189920286343612 0.6143177777777777 0.5444250198237885 0.6413658518518519 0.5354966431718061 0.6493767827160494 0.5179855088105727 0.6293539777777778 0.5189920286343612
0 0.5965217222222222 0.5275531167400881 0.5847796209876543 0.5458177312775331 0.6094110024691358 0.5426695088105727 0.6178722197530864 0.5245811563876652 0.5965217222222222 0.5275531167400881
0 0.571997212345679 0.5294842709251102 0.5527054098765432 0.5477797444933921 0.5771713283950617 0.5475255550660794 0.5893539592592593 0.5300302907488986 0.571997212345679 0.5294842709251102
0 0.4512706703703704 0.5863655308370044 0.4110436777777778 0.6186227004405287 0.44472773456790127 0.6191562929515418 0.4647043777777778 0.5908646585903083 0.4512706703703704 0.5863655308370044
0 0.6968407209876543 0.6178883370044053 0.7048027222222223 0.5973583149779735 0.6815289086419752 0.5908517444933921 0.6768352098765432 0.6014283348017622 0.6968407209876543 0.6178883370044053
0 0.601161925925926 0.630318372246696 0.609177150617284 0.6092930462555065 0.5842972851851852 0.6012496277533039 0.5748621938271605 0.6071766894273127 0.601161925925926 0.630318372246696
0 0.9497115962962963 0.5460530704845815 0.9097081555555555 0.558632154185022 0.9190621296296296 0.5863870484581498 0.9576597740740741 0.5741043303964758 0.9497115962962963 0.5460530704845815
0 0.8952630604938272 0.5455032753303964 0.8621733493827161 0.5546255814977974 0.8636799555555557 0.5730769911894273 0.8980224814814814 0.5611927070484581 0.8952630604938272 0.5455032753303964