1 0.45289448837209295 1 0.46247622591362125 0.9346351952662723 0.41967085548172756 0.8762589467455622 0.37432702823920266 0.8879387573964497 0.3345234568106312 0.9431828165680474 0.3721639850498339 1 0.45289448837209295 1
1 0.2854574235880399 0.6737192603550296 0.2610431063122924 0.6194188550295858 0.19585913289036544 0.607042272189349 0.1460901810631229 0.6561977692307692 0.20594127242524918 0.7723287248520709 0.27791638372093025 0.769455825443787 0.2854574235880399 0.6737192603550296
1 0.1293456511627907 0.6288612218934911 0.21298162790697678 0.6198906183431953 0.21547471926910297 0.555774177514793 0.18597173255813954 0.5035363343195266 0.13563023754152825 0.5053997278106509 0.08412524750830565 0.537184147928994 0.1293456511627907 0.6288612218934911
1 0.15030522259136214 0.49707647928994086 0.1597177607973422 0.446099100591716 0.15190558803986712 0.42043015384615384 0.12313671262458471 0.3849500680473373 0.09587447176079734 0.37029344378698226 0.036620292358803985 0.3908363284023669 0.019882171096345515 0.4393308786982249 0.06967694850498339 0.5185002633136094 0.08708692358803986 0.5122132573964497 0.09429644186046511 0.5295528165680473 0.15030522259136214 0.49707647928994086
1 0 0.30892102071005917 0.0008740249169435217 0.3083032130177515 0.010471825581395349 0.27634726035502954 0 0.25195571893491125 0 0.30892102071005917
1 0.5000066561461795 1 0.514216219269103 0.9670874319526628 0.5078414817275747 0.9283637869822486 0.48405676910299006 0.8959271479289941 0.4515782392026578 0.9079405414201183 0.46180102990033217 0.9669270266272189 0.4513079435215947 1 0.5000066561461795 1
1 0.3387280880398671 0.7803163106508876 0.34412964451827244 0.7726677189349113 0.3669880398671096 0.7099972278106509 0.36782282059800664 0.6886131449704141 0.35562913787375416 0.6682301331360947 0.31647454152823923 0.6373551893491124 0.2845986661129568 0.6576979674556214 0.2825117109634551 0.711158174556213 0.3002922126245847 0.7429140177514792 0.3021001760797342 0.7679021715976331 0.3073856677740864 0.7751103106508875 0.320831523255814 0.7634172011834319 0.3387280880398671 0.7803163106508876
1 0.3198360066445183 0.6344319112426036 0.3078744518272425 0.5843354349112426 0.250220634551495 0.5282319940828403 0.2254850780730897 0.532036174556213 0.2163046661129568 0.5533000857988166 0.2202219219269103 0.6074410857988166 0.24850420598006645 0.6197350562130177 0.2775744102990033 0.6593798313609468 0.2976271312292359 0.6566968964497041 0.3198360066445183 0.6344319112426036
1 0.16113286212624583 0.350431349112426 0.11068856478405316 0.3116674704142012 0.09520261794019934 0.32808589940828403 0.07046706146179402 0.3318900769230769 0.0982158903654485 0.3697328224852071 0.13442641362126245 0.3928390029585799 0.167762061461794 0.4420545769230769 0.181138719269103 0.3964833076923077 0.16113286212624583 0.350431349112426
1 0.06031346843853821 0.3067817544378698 0.10234293687707641 0.31154730177514794 0.10918192857142857 0.29084401183431957 0.052548157807308975 0.2323779171597633 0.014784136212624584 0.23718316863905325 0.006322445182724253 0.2519197307692308 0.00699429900332226 0.294127275147929 0.02519219102990033 0.3151910769230769 0.034627064784053155 0.34682674852071005 0.043992737541528236 0.3445842633136095 0.06031346843853821 0.3067817544378698
1 0.28411426910299004 0.4205508550295858 0.2786435132890365 0.39432128698224855 0.25720021926910297 0.3613240295857988 0.23666090863787376 0.34082084615384617 0.21690951495016614 0.34766847633136094 0.20837862292358805 0.3285268816568047 0.1978768388704319 0.3479887544378698 0.18264535548172758 0.4173067662721894 0.21099684053156148 0.46347889644970414 0.2565730365448505 0.4843425857988166 0.28411426910299004 0.4205508550295858
1 0.46785429734219264 0.7049119289940828 0.46034345016611294 0.6834076775147929 0.4434669302325581 0.6641459082840236 0.42839837375415285 0.6698722928994083 0.39239545016611294 0.7484005917159763 0.43071526411960137 0.8006596183431953 0.4677605681063123 0.8023817130177514 0.4899002441860465 0.746238573964497 0.48310811794019937 0.7182069704142011 0.46785429734219264 0.7049119289940828
1 0.5624596893687708 0.8602072485207101 0.5481098504983388 0.8594062869822485 0.5186445913621263 0.9130666035502959 0.5569644053156146 0.9653256272189349 0.574675707641196 0.9632033136094675 0.5920164833887043 0.9230381479289941 0.5822802823920266 0.8872377810650888 0.5624596893687708 0.8602072485207101
1 0.506428573089701 0.8100705384615384 0.5390455033222592 0.8658134674556213 0.5520739684385382 0.8648123934911242 0.5755350182724253 0.8104712869822486 0.5577545166112957 0.7787154408284024 0.5208252757475083 0.7621366124260355 0.506428573089701 0.8100705384615384
1 0.4360721495016612 0.6277849201183432 0.45568514285714284 0.553180973372781 0.4319004302325581 0.5207443372781065 0.39863398172757475 0.5054069201183432 0.35889906810631234 0.5488156449704141 0.348999938538206 0.5766069053254438 0.3876210780730897 0.6330306213017751 0.4151846445182724 0.6518519408284024 0.4279117840531561 0.6466861775147928 0.4360721495016612 0.6277849201183432
0 0.21868542358803988 0.791637698224852 0.29928687209302324 0.9265494349112425 0.37051845514950166 0.8872458875739645 0.31118019102990035 0.7913189911242604 0.21868542358803988 0.791637698224852
0 0 0.4127087544378698 0.04267986544850499 0.39085498520710055 0.022081235880398672 0.34132961538461537 0 0.3347807840236687 0 0.4127087544378698
0 0.38033299667774084 0.8801709467455621 0.4282468338870432 0.8563295887573964 0.3926068438538206 0.7987038639053254 0.3389485033222591 0.8169125946745562 0.38033299667774084 0.8801709467455621
0 0.17002168106312293 0.49924308579881654 0.21779709136212622 0.5215516124260355 0.19735260631229237 0.46422555029585794 0.1581080365448505 0.4543523165680473 0.17002168106312293 0.49924308579881654
0 0.03179554651162791 0.1394292721893491 0.019106602990033222 0.1688197426035503 0.07410693355481728 0.20339816863905325 0.03179554651162791 0.1394292721893491
0 0.06948094518272425 0.20527332544378699 0.021781300664451827 0.1743216597633136 0.05259658637873754 0.22316615384615385 0.10514173754152824 0.2552700295857988 0.06948094518272425 0.20527332544378699
0 0.12051829734219269 0.26944906213017755 0.09082476910299003 0.2548406952662722 0.11472173754152826 0.303798 0.15639553986710963 0.3292597544378698 0.12051829734219269 0.26944906213017755
0 0.26909361129568105 0.4823076301775148 0.21736616279069768 0.4656038224852071 0.26200376411960136 0.5319346893491125 0.30216787209302326 0.5485177396449704 0.26909361129568105 0.4823076301775148
0 0.31856931561461793 0.6254440976331361 0.36230600332225915 0.6333144792899408 0.3201086611295681 0.5511611982248521 0.28481723754152827 0.5480431627218935 0.31856931561461793 0.6254440976331361
0 0.38062594518272425 0.6991627573964497 0.4051714867109634 0.7020102189349112 0.3726938272425249 0.6256027396449704 0.3410946777408638 0.6316119171597633 0.38062594518272425 0.6991627573964497
0 0.4878389551495017 0.8845668372781065 0.5231574418604652 0.8775649792899408 0.48671527242524915 0.8093802100591716 0.4449447724252492 0.8124297840236686 0.4878389551495017 0.8845668372781065
0 0.6185699833887043 1 0.5959505365448505 0.9641704940828403 0.557830892026578 0.9817468076923077 0.5684627441860465 1 0.6185699833887043 1
0 0.6957649916943521 1 0.662508684385382 0.9529879733727811 0.6433554634551495 0.9566576715976332 0.671147096345515 1 0.6957649916943521 1
0 0.6182189634551495 0.8866604467455622 0.5965251943521594 0.8880544437869822 0.6389449036544851 0.9545910562130177 0.6591703637873754 0.9466387692307693 0.6182189634551495 0.8866604467455622
0 0.5814206993355482 0.8285738106508876 0.5702456794019933 0.8332635059171597 0.6026920681063123 0.8901472928994082 0.6182684700996677 0.8837514615384615 0.5814206993355482 0.8285738106508876
0 0.4970327524916943 0.7049906923076923 0.4748685049833887 0.7000333224852071 0.509301476744186 0.7635745946745562 0.5308583355481729 0.7603591390532545 0.4970327524916943 0.7049906923076923
0 0.4624607209302326 0.6485600177514793 0.435635426910299 0.6394218165680473 0.471856780730897 0.6896088224852072 0.49211374750830567 0.6959133905325444 0.4624607209302326 0.6485600177514793
0 0.7038552956810631 1 0.7152995132890365 0.984491875739645 0.680200599667774 0.9376023017751479 0.6648048588039868 0.944847023668639 0.7013222990033223 1 0.7038552956810631 1
0 0.6442316611295681 0.8788860177514792 0.6226312093023255 0.8920701508875739 0.662253792358804 0.9476852130177515 0.678903157807309 0.9388043165680473 0.6442316611295681 0.8788860177514792
0 0.6104596445182725 0.8227357810650888 0.5870856312292358 0.8270116686390533 0.6208830996677741 0.8817894940828402 0.6388992009966777 0.8779312899408284 0.6104596445182725 0.8227357810650888
0 0.5722093787375415 0.7705716005917159 0.5527955033222591 0.7723515059171597 0.5837479900332226 0.8224599289940829 0.603393342192691 0.8168750650887574 0.5722093787375415 0.7705716005917159
0 0.5305429003322258 0.7058458846153846 0.5098591710963455 0.7090585562130177 0.5456275215946843 0.7633656360946746 0.5583507940199336 0.7625548461538462 0.5305429003322258 0.7058458846153846
0 0.49700225581395346 0.6581288372781064 0.4728511677740864 0.6514816390532544 0.5033109966777409 0.701707724852071 0.5229720083056478 0.7032513461538462 0.49700225581395346 0.6581288372781064
0 0.7627834750830564 1 0.7392053870431894 0.9647278402366865 0.7205048355481728 0.9836940295857989 0.7330184302325581 1 0.7627834750830564 1
0 0.7145471212624586 0.9271485680473373 0.6946941561461794 0.9319114319526627 0.7221101196013289 0.9850935355029585 0.7410802458471761 0.9667429674556213 0.7145471212624586 0.9271485680473373
0 0.6139251877076413 0.7839974230769231 0.5931344086378737 0.7894599881656804 0.6157031644518273 0.8241866863905326 0.6480874252491695 0.8249194230769231 0.6139251877076413 0.7839974230769231
0 0.5852527574750831 0.7429194556213018 0.5559275365448505 0.7395084644970414 0.5872538953488372 0.7774920532544378 0.6051824933554817 0.7758834201183432 0.5852527574750831 0.7429194556213018
0 0.5485520049833886 0.6948440946745562 0.5265802890365449 0.6907994881656805 0.552208573089701 0.7296986449704141 0.5709080581395348 0.7283516656804734 0.5485520049833886 0.6948440946745562
0 0.5237351445182725 0.6550728786982248 0.49445169435215947 0.6382974881656804 0.518236169435216 0.6794201124260355 0.5401858189368771 0.6848745414201184 0.5237351445182725 0.6550728786982248
0 0.3740034485049834 0.5002662928994083 0.3163705631229236 0.46019020710059166 0.3486023139534884 0.5175709911242604 0.38436386710963455 0.5268578786982249 0.3740034485049834 0.5002662928994083
0 0.592906938538206 0.9424945177514793 0.6125448687707641 0.938192150887574 0.5938459784053156 0.8932365118343196 0.5831571744186046 0.8944528698224852 0.592906938538206 0.9424945177514793
0 0.4932387956810631 0.7915674319526628 0.5132163488372092 0.7869266094674556 0.49386009302325584 0.7379278431952663 0.4812960481727575 0.7271107928994083 0.4932387956810631 0.7915674319526628