1 0.6128441498637602 1 0.6386248841961853 0.9613502014563107 0.6390220953678474 0.9293997257281553 0.5760742288828338 0.8903715606796117 0.5324377615803815 0.9519534902912621 0.5304656934604906 1 0.6128441498637602 1
1 0.943634993188011 0.34572827669902917 0.9969668610354224 0.27119777427184466 0.9416041866485013 0.17613100485436892 0.8969116907356948 0.2533634708737864 0.943634993188011 0.34572827669902917
1 0.8487386076294279 0.46625422815533984 0.9029070136239782 0.3898133980582524 0.8687476566757494 0.2968650558252427 0.821149113079019 0.35159875 0.8487386076294279 0.46625422815533984
1 0.7800425476839238 0.3902058082524272 0.7475115871934604 0.4453695024271844 0.7704376621253407 0.5695737694174757 0.8249458678474114 0.4938927402912622 0.8142609155313352 0.40412667718446604 0.7800425476839238 0.3902058082524272
1 0.7451327425068119 0.5371747718446601 0.7064135108991826 0.5018673276699029 0.6729347343324251 0.5520578300970873 0.6704847356948229 0.6183933325242719 0.6885380068119891 0.6846826359223301 0.7384258038147139 0.6172023640776699 0.7451327425068119 0.5371747718446601
1 0.5592053569482288 0.7059331334951456 0.5306778991825614 0.7307971504854369 0.5140581471389646 0.8209332888349514 0.527686121253406 0.9002510145631067 0.589993083106267 0.8362551116504854 0.6009173365122616 0.7337657451456311 0.5592053569482288 0.7059331334951456
1 0.5125687084468665 0.919078218446602 0.5227335926430517 0.7989754417475728 0.49436437602179834 0.7839586213592232 0.4658995776566757 0.8164017427184467 0.4581932752043597 0.888059645631068 0.4637259386920981 0.9667254805825244 0.5125687084468665 0.919078218446602
1 0.4402762356948229 1 0.45288379019073566 0.9838492402912622 0.4530150476839237 0.9580565485436893 0.46202507220708444 0.9509479368932039 0.4569459986376022 0.8657771699029126 0.4356512942779292 0.8433103155339806 0.42279858446866486 0.8497808058252427 0.40198364850136237 0.884185495145631 0.390775431880109 0.9201854951456311 0.390018970027248 1 0.4402762356948229 1
1 0.9445969305177112 0.13790322330097088 0.9712188937329701 0.1715805218446602 0.9676530544959128 0.1417319563106796 0.9750815490463216 0.13129524271844661 0.9589055490463215 0.09725518203883496 0.9496043433242507 0.1111993058252427 0.9445969305177112 0.13790322330097088
1 0.8277864713896458 0.2682295388349515 0.8139146253405994 0.2986243131067961 0.8259081239782016 0.335035286407767 0.8383240640326977 0.33881806310679613 0.8589934073569483 0.30783112621359227 0.8554419005449592 0.30035749514563104 0.8609004182561307 0.28577525242718443 0.843448401907357 0.2639465194174757 0.8277864713896458 0.2682295388349515
1 0.7112958583106266 0.43647022330097085 0.6926934495912807 0.46435846601941744 0.692576521798365 0.5125260922330097 0.7207999822888284 0.5086080922330097 0.7352971880108992 0.531667109223301 0.7476987942779292 0.5130749490291262 0.7484124155313351 0.47361123786407766 0.7297670095367847 0.4343746723300971 0.7112958583106266 0.43647022330097085
1 0.616114280653951 0.6495526941747573 0.613596242506812 0.6405297160194174 0.5893323950953678 0.5969182111650486 0.5798712670299728 0.5919051504854369 0.5686487179836512 0.6055302111650486 0.5481392983651227 0.6554743300970874 0.5518650585831063 0.7042800800970873 0.575517878746594 0.7168127305825243 0.5927956389645777 0.6973093446601941 0.6043237016348774 0.6992237111650486 0.6084575708446867 0.6930263228155339 0.6054884277929156 0.6718816723300971 0.616114280653951 0.6495526941747573
1 0.5473970122615803 0.6501881674757282 0.5228706471389646 0.6581620461165049 0.48789268664850133 0.7297970194174758 0.485403310626703 0.7655239126213592 0.49339420027247954 0.7823395849514564 0.5183716675749319 0.7864873786407767 0.5286920081743869 0.7486189733009708 0.5514282861035422 0.7145333446601942 0.5536264795640327 0.6856419611650485 0.5473970122615803 0.6501881674757282
1 0.39293062942779294 0.8241693009708738 0.366962689373297 0.8886956626213591 0.37170758583106267 0.9135771262135922 0.36921821117166215 0.9493040242718446 0.39092102316076294 0.9167677402912621 0.40744216621253404 0.8696032524271845 0.4352001907356948 0.8311886432038835 0.4170058882833787 0.8040737475728156 0.39293062942779294 0.8241693009708738
1 0.3699610490463215 1 0.3704259332425068 0.9890867936893204 0.35621991008174386 0.9591922669902913 0.36549244959128063 0.9004982718446602 0.35735597138964575 0.887100354368932 0.3214901335149864 0.9568669199029126 0.3181175613079019 1 0.3699610490463215 1
1 0.4452889455040872 0.6624883737864077 0.43258182697547687 0.665541109223301 0.4141250068119891 0.6900115970873787 0.40143221798365125 0.7154392669902914 0.40115536920980926 0.744649713592233 0.39111188010899184 0.753307672330097 0.3980693010899182 0.7716726917475728 0.42661260626702996 0.8056690533980583 0.45215810626702996 0.7737708932038835 0.46926161171662123 0.7129353883495145 0.4452889455040872 0.6624883737864077
1 0.6041660463215259 0.45309940776699026 0.5932346798365122 0.4598889587378641 0.5817209495912806 0.4803495291262136 0.5817352820163487 0.5027244660194174 0.6108896158038147 0.5677996820388349 0.6408601648501363 0.5228686262135922 0.6479201798365123 0.4706910800970874 0.6264655544959128 0.42926704126213594 0.6127249673024523 0.43386912378640774 0.6041660463215259 0.45309940776699026
1 0.6899581580381471 0.34687855825242714 0.6871632711171662 0.3670660266990291 0.7062597806539509 0.4184242645631068 0.7362303297002725 0.3734932063106796 0.738282931880109 0.3480195752427184 0.7231890313351498 0.3162566432038835 0.705460166212534 0.323638354368932 0.6899581580381471 0.34687855825242714
1 0.7936103923705723 0.20748330097087378 0.79880639373297 0.2444864417475728 0.8085730340599455 0.2650389296116505 0.8414983950953678 0.21887758495145632 0.8249199223433242 0.17654232524271846 0.8145709182561307 0.1696608567961165 0.8054153051771118 0.18018722087378639 0.7936103923705723 0.20748330097087378
1 0.8396796457765667 0.14801595873786408 0.8453124182561307 0.17476583252427186 0.8587761566757492 0.1993741990291262 0.8906680490463216 0.1547622014563107 0.874686272479564 0.12113085922330098 0.8596067029972753 0.11174285922330097 0.8525180245231608 0.11917053398058253 0.8396796457765667 0.14801595873786408
1 0.8847154305177112 0.09009796359223302 0.9109006198910081 0.1340285291262136 0.9430836948228883 0.0825810218446602 0.9253261648501362 0.045212864077669904 0.9071461948228884 0.040472905339805826 0.8863312602179836 0.0748775995145631 0.8847154305177112 0.09009796359223302
1 0.657935006811989 0.41728324514563103 0.688502250681199 0.3810561067961165 0.6902636716621253 0.36241798543689324 0.6698425122615803 0.31944460194174756 0.6525647506811989 0.33894798786407765 0.6388528283378747 0.38829994417475727 0.657935006811989 0.41728324514563103
1 0.5641376757493187 0.4843134878640777 0.5339642070844687 0.4431625558252427 0.5153617970027248 0.4710507985436893 0.502828931880109 0.5154356504854369 0.5155790490463216 0.5795077257281553 0.5263791580381472 0.5985108665048544 0.5582710504087194 0.5538988689320389 0.5714006103542234 0.5182179344660194 0.5712406880108992 0.49926075242718443 0.5641376757493187 0.4843134878640777
0 0.6008267384196185 0.8216577597087378 0.6750888351498637 0.7316266553398059 0.6695272683923705 0.6236652330097088 0.6163802234332425 0.690553531553398 0.6008267384196185 0.8216577597087378
0 0.917098408719346 0.16196738834951457 0.8665859346049046 0.23290930097087378 0.8840074073569483 0.26957027427184466 0.931776053133515 0.18865618446601942 0.917098408719346 0.16196738834951457
0 0.8066042098092644 0.385611109223301 0.8011409182561308 0.34453368203883494 0.7597076444141689 0.3803501723300971 0.761393250681199 0.4231633932038835 0.8066042098092644 0.385611109223301
0 0.6680157288828338 0.6084926626213593 0.6654405708446867 0.5363375655339806 0.633514810626703 0.5765105485436893 0.6325857098092643 0.655795567961165 0.6680157288828338 0.6084926626213593
0 0.4612648746594006 0.8382308567961165 0.47939041553133516 0.7745382912621359 0.4501779386920981 0.7932358689320388 0.4390843324250681 0.8470693082524271 0.4612648746594006 0.8382308567961165
0 0.2847996008174387 1 0.31213499046321524 0.9211314417475728 0.2692708297002725 0.9790162402912621 0.2603910858310627 1 0.2847996008174387 1
0 0.3121920122615804 0.9280214490291262 0.2901980204359673 0.9900585024271845 0.3173616934604904 0.9551482888349515 0.34069539237057217 0.8864524805825242 0.3121920122615804 0.9280214490291262
0 0.34967211035422346 0.86720663592233 0.33807297002724795 0.9066599441747574 0.364113242506812 0.8815718495145631 0.3826193201634877 0.827088890776699 0.34967211035422346 0.86720663592233
0 0.47047256267029974 0.6948316601941747 0.45419322207084467 0.7651274174757282 0.49155505449591275 0.7137658398058253 0.5058178365122615 0.6598314635922331 0.47047256267029974 0.6948316601941747
0 0.5431459591280654 0.6503729150485437 0.554102485013624 0.5898162645631068 0.5100495149863761 0.6348863446601941 0.5026602738419619 0.6843289368932038 0.5431459591280654 0.6503729150485437
0 0.5867814291553133 0.5756552645631068 0.5922255599455041 0.5413890339805825 0.5524022711171662 0.5737174004854368 0.549738310626703 0.6195636334951456 0.5867814291553133 0.5756552645631068
0 0.6882338038147139 0.4569649708737864 0.6910831702997275 0.4056713495145631 0.65427960626703 0.4450895145631068 0.6485604931880109 0.5048164563106796 0.6882338038147139 0.4569649708737864
0 0.8018932888283378 0.30664341747572815 0.7889944250681198 0.25803283737864074 0.7423276512261581 0.3180505145631068 0.7437515122615803 0.37520693932038834 0.8018932888283378 0.30664341747572815
0 0.9002428678474115 0.0319168713592233 0.9162382520435967 0.009496601941747573 0.8939457288828337 0.009265546116504854 0.8829802942779291 0.02616225485436893 0.9002428678474115 0.0319168713592233
0 0.8598449741144414 0.09584566504854368 0.8942437397820163 0.042134543689320396 0.8790008910081744 0.028762735436893203 0.8469308610354224 0.07886045145631068 0.8598449741144414 0.09584566504854368
0 0.8126315926430517 0.12912255339805825 0.8257556226158039 0.15031685922330096 0.861523711171662 0.09467495631067961 0.8467441117166212 0.07846746844660195 0.8126315926430517 0.12912255339805825
0 0.7815509495912807 0.17740177427184464 0.788304182561308 0.19771308009708738 0.8223957901907357 0.14795000242718448 0.8127140013623978 0.1267921286407767 0.7815509495912807 0.17740177427184464
0 0.7486010926430517 0.2217475072815534 0.7469986648501362 0.2495412233009709 0.785599265667575 0.19907599514563107 0.7833159046321526 0.1715380412621359 0.7486010926430517 0.2217475072815534
0 0.7112997956403271 0.2726168058252427 0.7082442983651226 0.30360236165048543 0.7453221416893734 0.2554199587378641 0.7451833801089919 0.2253399854368932 0.7112997956403271 0.2726168058252427
0 0.6789704945504087 0.3143482742718447 0.6791800313351499 0.33102113106796116 0.7102306525885559 0.29523996844660194 0.7100018814713897 0.2720256019417476 0.6789704945504087 0.3143482742718447
0 0.6091530790190736 0.41177330339805823 0.6031655762942779 0.44228777669902913 0.6375429536784741 0.40488450485436894 0.6397572683923706 0.3737666626213592 0.6091530790190736 0.41177330339805823
0 0.5779452057220708 0.45064725485436896 0.5692892588555858 0.4870166480582524 0.5979732261580382 0.4446875606796116 0.6042420326975476 0.417116645631068 0.5779452057220708 0.45064725485436896
0 0.8797765122615804 0.024907667475728153 0.889435780653951 0.009218800970873787 0.8750838310626704 0.009070046116504854 0.8698057929155314 0.0181493713592233 0.8797765122615804 0.024907667475728153
0 0.8363886335149864 0.06151173058252427 0.8483921076294277 0.07801595145631068 0.8786273215258856 0.027976616504854366 0.8640059713896457 0.017589388349514564 0.8363886335149864 0.06151173058252427
0 0.8033621498637602 0.1076562791262136 0.8130852970027248 0.12287016262135922 0.8445664836512261 0.07702055825242718 0.835511046321526 0.0650197791262136 0.8033621498637602 0.1076562791262136
0 0.7722815068119891 0.15593550485436894 0.7769106144414168 0.17373695873786407 0.8136149318801089 0.12476852427184466 0.8035332806539509 0.11296 0.7722815068119891 0.15593550485436894
0 0.744694325613079 0.1939255995145631 0.7453349618528611 0.2170360582524272 0.7773149414168937 0.17380386165048545 0.7717070599455041 0.1525961504854369 0.744694325613079 0.1939255995145631
0 0.7122230136239782 0.23436929368932038 0.7144778610354223 0.2673344975728155 0.7461765653950952 0.22115880339805827 0.7450139264305178 0.1959791286407767 0.7122230136239782 0.23436929368932038
0 0.6812768392370573 0.27216000728155343 0.6792303487738419 0.306042354368932 0.7095645422343324 0.26796975 0.7108893487738419 0.24175334708737864 0.6812768392370573 0.27216000728155343
0 0.6513606839237057 0.3170095218446602 0.648865386920981 0.34483403640776694 0.6766199277929156 0.3099558300970874 0.677445840599455 0.2811218131067961 0.6513606839237057 0.3170095218446602
0 0.6152238732970027 0.36444911165048544 0.6131564809264305 0.3943293980582524 0.643613742506812 0.35338011893203886 0.6454088215258855 0.3352084805825243 0.6152238732970027 0.36444911165048544
0 0.5881039945504087 0.40342257524271846 0.5810204822888284 0.4364493300970874 0.6087442534059946 0.4022902038834951 0.6127739604904633 0.374710859223301 0.5881039945504087 0.40342257524271846
0 0.8194966280653951 0.03968541747572815 0.8305009659400545 0.05839626941747573 0.8514766634877384 0.024930834951456312 0.8430568964577657 0.008738094660194175 0.8424938133514986 0.008732257281553399 0.8194966280653951 0.03968541747572815
0 0.7902776539509537 0.08012184708737864 0.8007270899182561 0.09764792233009709 0.8278598160762942 0.06302896844660194 0.8139503065395095 0.04551685679611651 0.7902776539509537 0.08012184708737864
0 0.7668886607629428 0.11518601456310679 0.7722321335149864 0.14507831067961166 0.801691757493188 0.0988940995145631 0.7935964523160762 0.07872304126213592 0.7668886607629428 0.11518601456310679
0 0.7458286389645776 0.1433907572815534 0.744598363760218 0.17237168932038832 0.7731330217983652 0.1430546140776699 0.7681117465940055 0.11289065291262135 0.7458286389645776 0.1433907572815534
0 0.6644690027247957 0.2603111601941748 0.66339378746594 0.29074611893203883 0.6828182247956404 0.26499084708737863 0.6886429645776566 0.21923988106796116 0.6644690027247957 0.2603111601941748
0 0.6411566348773842 0.2935765072815534 0.63464831880109 0.33451367475728155 0.6570214959128066 0.2969339563106796 0.6593416485013625 0.2712444733009709 0.6411566348773842 0.2935765072815534
0 0.6133395722070845 0.3369630558252427 0.6077946321525886 0.3673682378640777 0.629611978201635 0.33802558252427184 0.6321804523160762 0.3112907669902913 0.6133395722070845 0.3369630558252427
0 0.5912683188010899 0.3649998737864078 0.5787656389645777 0.40348401699029124 0.6012685613079018 0.3771519514563107 0.6074428542234332 0.3470305582524272 0.5912683188010899 0.3649998737864078
0 0.4963406008174387 0.5494115461165049 0.46856347820163485 0.6238876990291262 0.4998008555858311 0.5884996577669903 0.5100400803814714 0.5394959490291262 0.4963406008174387 0.5494115461165049
0 0.732077272479564 0.31848007766990294 0.733477848773842 0.2898862985436893 0.7101167016348773 0.30832650728155336 0.7088490027247957 0.32368834223300974 0.732077272479564 0.31848007766990294
0 0.647387613079019 0.4326563082524272 0.6486938351498638 0.40352072572815534 0.6234055122615804 0.4221680825242718 0.6164158283378747 0.4380313349514563 0.647387613079019 0.4326563082524272
0 0.9210179346049046 0.01752616990291262 0.9113424455040872 0.0335111213592233 0.9280133269754769 0.050719793689320385 0.9329222833787466 0.042577150485436886 0.9210179346049046 0.01752616990291262
0 0.8942100572207085 0.03605366019417476 0.8663179795640327 0.08026428883495144 0.873052727520436 0.09672794902912621 0.9013008596730245 0.04847683009708738 0.8942100572207085 0.03605366019417476