1 0.5489736244075829 0.7450716476793249 0.4630277452606635 0.8314214852320676 0.4729960734597156 0.8456214746835443 0.5393788791469194 0.9145084219409283 0.5672232026066351 0.896557082278481 0.6397579312796209 0.8360863987341772 0.5489736244075829 0.7450716476793249
1 0.6385877191943128 0.6039307130801688 0.5912358696682465 0.6370371223628692 0.5733398424170616 0.7382260485232067 0.6651069573459716 0.8300572573839662 0.7562150094786729 0.7558494873417722 0.7321135509478672 0.685443023206751 0.6385877191943128 0.6039307130801688
1 0.7904712547393364 0.725105105485232 0.8535898104265403 0.6423641455696203 0.802572297393365 0.6073590611814346 0.7536553850710901 0.5692807784810127 0.6802064869668247 0.6252280253164557 0.7904712547393364 0.725105105485232
1 0.9734854016587677 0.5610525843881856 0.9737484466824645 0.5543544831223629 0.9006235509478673 0.4951565379746835 0.8605352642180094 0.49263989240506334 0.8022886718009478 0.5456616919831223 0.7999007156398105 0.5900111751054853 0.90282822985782 0.6269495253164558 0.9734854016587677 0.5610525843881856
1 0.8728953187203792 0.4784439240506329 0.9749619691943128 0.5234537974683544 0.9790250710900473 0.4199924789029536 0.9415325 0.40690236286919834 0.8728953187203792 0.4784439240506329
1 0.05594971682464455 0.9891347194092827 0.09792255213270143 0.9593752679324894 0.09461336611374407 0.8678288459915612 0.06438693957345971 0.8675486898734177 0.036759162322274885 0.882782052742616 0.04091610545023696 0.9908501371308016 0.05594971682464455 0.9891347194092827
1 0.16662518601895734 0.8045755168776371 0.11254457938388625 0.8325658818565401 0.12075299407582939 0.9469440949367088 0.17833633886255926 0.9061751666666668 0.16662518601895734 0.8045755168776371
1 0.2492370912322275 0.7423589493670887 0.20249030924170616 0.7836696097046413 0.2210746362559242 0.8685716814345991 0.2798534620853081 0.8274730379746835 0.2492370912322275 0.7423589493670887
1 0.3033305059241706 0.8069400379746835 0.36198944075829387 0.7650657004219409 0.32514260189573463 0.6822496160337553 0.28619318246445496 0.7030632151898734 0.27358888151658767 0.7550210379746836 0.3033305059241706 0.8069400379746835
0 0.38130257464454975 0.6978554388185654 0.3523431066350711 0.7243835337552743 0.39465833886255924 0.7609473459915611 0.4508093341232227 0.7136965421940928 0.4462413151658768 0.6981021097046414 0.418792413507109 0.6736856033755274 0.38130257464454975 0.6978554388185654
1 0.5523249857819905 0.509141388185654 0.5274383637440758 0.5372181561181434 0.5163567144549763 0.6050938966244725 0.5625403732227487 0.6331914746835443 0.6207158661137441 0.5759182130801688 0.5966497132701422 0.5243969240506329 0.5523249857819905 0.509141388185654
1 0.5834055106635071 0.5269193396624473 0.636131932464455 0.5634011181434598 0.6807426895734597 0.5174514578059072 0.6526532049763033 0.4771184282700422 0.6203266516587678 0.45756549367088606 0.5924850165876777 0.4823906350210971 0.5834055106635071 0.5269193396624473
1 0.6808462772511849 0.39970553375527423 0.6562760912322275 0.41339577848101267 0.6469292393364929 0.4280227088607595 0.6445275924170616 0.46612522995780586 0.6754215473933649 0.5085648987341772 0.6829881872037915 0.4993861687763713 0.6932266338862558 0.5099873670886076 0.7313964834123222 0.4729106012658228 0.7359546741706161 0.4351350421940928 0.7009659360189573 0.39963578691983126 0.6808462772511849 0.39970553375527423
1 0.8356569087677725 0.3257014936708861 0.8002253507109004 0.3334926329113924 0.7720061789099526 0.3667373523206751 0.7728977725118484 0.3919654831223629 0.7825132950236967 0.4072687742616034 0.8078850213270142 0.3995125105485232 0.8239098981042654 0.4063831772151899 0.8655721943127962 0.3795233396624472 0.8714471883886257 0.3671347299578059 0.8650363447867299 0.3476151244725738 0.8356569087677725 0.3257014936708861
1 0.9345605781990521 0.2662384240506329 0.9379438732227489 0.2726581835443038 0.972218144549763 0.2656131518987342 0.9819222286729857 0.27225836497890293 0.9849356161137441 0.2694885 0.9855894691943128 0.25283902953586496 0.9787135817535545 0.2019353987341772 0.957526193127962 0.21272799367088607 0.944974663507109 0.2315712362869198 0.9287726599526067 0.24201672784810127 0.9281512239336493 0.27467105063291136 0.9345605781990521 0.2662384240506329
1 0.05226583412322275 0.878062 0.08903180450236967 0.8522085970464135 0.09891450592417061 0.8694898818565401 0.09971307109004739 0.8195194008438819 0.08653712677725119 0.8151125084388187 0.06107683530805687 0.8315268523206751 0.053688810426540286 0.8513416561181435 0.05226583412322275 0.878062
1 0.21285842772511848 0.7164707383966245 0.20288865165876777 0.7357997637130802 0.1958531789099526 0.7601599831223629 0.19519699289099526 0.7768672805907173 0.19898183056872037 0.7911637679324894 0.21197130094786729 0.7750992974683544 0.23511702014218008 0.7601771666666667 0.24019047274881514 0.7418545759493671 0.2321765450236967 0.7104670126582279 0.21285842772511848 0.7164707383966245
1 0.33019011018957345 0.6537280421940929 0.33580090165876775 0.6952658987341772 0.35173721445497635 0.7107946434599156 0.36562464573459713 0.7018413649789029 0.4000514265402843 0.6678423206751054 0.38066638625592414 0.6362375210970465 0.3616139597156398 0.6162670105485233 0.34078281279620853 0.6296969261603376 0.33019011018957345 0.6537280421940929
1 0.5231026161137441 0.5637605654008438 0.5306677665876778 0.5266296054852321 0.5133955521327014 0.5012108945147679 0.4828603199052133 0.5079955991561181 0.47155463981042656 0.5174346582278481 0.46852857938388626 0.5322870421940928 0.47289352132701423 0.583229082278481 0.47511952843601896 0.5903949493670887 0.4895413222748815 0.5853976561181435 0.4963079099526066 0.5982371751054852 0.5009370533175355 0.5952527489451477 0.5062776872037914 0.5789081497890296 0.5231026161137441 0.5637605654008438
1 0.5192786895734597 0.4988924725738397 0.5225407061611375 0.522345687763713 0.5605540154028437 0.5150403291139241 0.580940855450237 0.516948575949367 0.5925122263033175 0.4815352805907173 0.5901076007109005 0.46373334388185655 0.5747056504739336 0.4521605864978903 0.527968413507109 0.46939078270042195 0.5192786895734597 0.4988924725738397
1 0.6413184478672986 0.3864848523206751 0.6423886599526066 0.4223490548523207 0.6722109135071089 0.4009722932489452 0.6995414691943128 0.39840390084388183 0.7238444751184835 0.38273566244725743 0.7084425248815166 0.3711629029535865 0.7011415746445498 0.35436740084388185 0.6619709798578198 0.36241886286919833 0.6413184478672986 0.3864848523206751
1 0.8495413625592417 0.26084375527426157 0.8563980023696682 0.2929774261603375 0.9278840426540285 0.2726930569620253 0.9305528708530806 0.23656852953586496 0.9191571386255925 0.22671343459915613 0.9079400225118484 0.2274944135021097 0.9002833293838862 0.21737899789029536 0.86556475 0.23976219198312235 0.8495413625592417 0.26084375527426157
1 0.7520621587677725 0.32153871308016874 0.7055921030805686 0.3407469008438818 0.7065722606635071 0.35731695147679327 0.7346157938388626 0.3693406181434599 0.738890682464455 0.40098850843881856 0.7445885473933649 0.4059160548523207 0.7559827914691943 0.387818917721519 0.7712946907582938 0.3800975253164557 0.778771278436019 0.351624641350211 0.7757437286729858 0.33852479746835445 0.7520621587677725 0.32153871308016874
1 0.6146078400473933 0.3284466919831223 0.5978714751184834 0.3349361983122363 0.5784647938388625 0.34959800210970465 0.5705424075829384 0.3654568206751055 0.5777562819905213 0.4188626329113924 0.6107847037914692 0.42122178691983125 0.6368679206161137 0.40010535232067507 0.6385565900473934 0.3474107700421941 0.6349946800947868 0.3303549388185654 0.6262707523696682 0.3402797784810127 0.6146078400473933 0.3284466919831223
1 0.4124400248815166 0.4802874810126582 0.40398327843601894 0.4921903143459916 0.39187605687203786 0.49569539240506333 0.38279638625592416 0.5123003164556962 0.38778425118483417 0.5585402637130802 0.4074517428909953 0.5609236751054852 0.4456592843601896 0.5340294261603376 0.4354086161137441 0.4826815084388186 0.4265946374407583 0.4733121962025317 0.4124400248815166 0.4802874810126582
1 0.2916409514218009 0.6291251835443038 0.30276950236966826 0.6370022848101266 0.33633079620853085 0.6153651962025317 0.32617942535545025 0.5681536877637131 0.31674252014218013 0.5634864662447258 0.2993832298578199 0.5746780654008439 0.2870988815165877 0.5954993037974683 0.2916409514218009 0.6291251835443038
1 0.17822543483412323 0.6742913966244726 0.18615079739336493 0.7143370379746835 0.2217594834123223 0.6892297405063291 0.21882049763033176 0.6674718164556962 0.20697896800947865 0.6450026603375528 0.18997542180094787 0.6495141729957805 0.1809843151658768 0.6574610168776371 0.17822543483412323 0.6742913966244726
1 0.1300652191943128 0.7182419345991562 0.13487446919431278 0.7538458101265824 0.16932586848341233 0.7294846223628692 0.1667426279620853 0.7010466118143459 0.15917449763033176 0.6822731139240505 0.14101366706161136 0.6875307341772152 0.13433713033175357 0.693985364978903 0.1300652191943128 0.7182419345991562
1 0.11600214928909953 0.7724636012658227 0.11252731279620852 0.7187974620253165 0.10567216232227487 0.7146160210970465 0.08110197511848342 0.7283062658227848 0.07335820616113745 0.7548011561181435 0.0787018163507109 0.7943610168776372 0.11600214928909953 0.7724636012658227
1 0.3309871848341232 0.5758053333333334 0.3614323661137441 0.5497264767932489 0.3600949739336493 0.511884282700422 0.33338734360189576 0.509750582278481 0.31656241469194313 0.5248981666666667 0.3227075663507109 0.5703920063291139 0.3309871848341232 0.5758053333333334
1 0.4371843613744076 0.3933766181434599 0.437454518957346 0.45125907172995783 0.4395919632701422 0.4670830168776371 0.4469814763033175 0.47522044303797467 0.467991240521327 0.4724265970464135 0.5024426398104265 0.4480654071729958 0.5006609395734597 0.4255613776371308 0.4821413862559242 0.38159462236286923 0.45801550829383886 0.3799467025316456 0.4371843613744076 0.3933766181434599
1 0.5035566777251185 0.9376031244725739 0.43198876303317535 0.8191416033755274 0.3298082677725119 0.9034344683544304 0.35642424170616116 0.9548489430379746 0.5026949976303318 0.9381586540084389 0.5035566777251185 0.9376031244725739
0 0.49114393127962086 0.6078868839662447 0.43667133175355455 0.6516000970464135 0.47629563033175354 0.7042140738396624 0.5510569834123222 0.6416998438818565 0.49114393127962086 0.6078868839662447
0 0.7536392855450237 0.406732864978903 0.732023018957346 0.43294676793248943 0.7652333151658767 0.47492997679324894 0.8293195426540284 0.42424174261603376 0.7536392855450237 0.406732864978903
0 0.1265019289099526 0.823440052742616 0.1836605509478673 0.7928402257383966 0.178418067535545 0.7540290253164558 0.12374029976303318 0.7924958248945148 0.1265019289099526 0.823440052742616
0 0.3090477630331754 0.6916884367088608 0.2930594478672986 0.6715248502109704 0.2570308246445498 0.7124272405063291 0.27033735545023696 0.7369593713080168 0.3090477630331754 0.6916884367088608
0 0.4688716812796208 0.6152140506329115 0.4371214597156398 0.5833354219409282 0.38838676066350714 0.620823388185654 0.42039584478672987 0.6580043691983122 0.4688716812796208 0.6152140506329115
0 0.6465960639810426 0.43422267088607597 0.6195059786729858 0.42668567721518985 0.5966883412322275 0.45826295569620257 0.6313835853080568 0.46043788396624474 0.6465960639810426 0.43422267088607597
0 0.7750593720379148 0.2901988481012658 0.8069596184834124 0.2656219092827004 0.8090009739336493 0.26086805907172994 0.7841504537914692 0.26313811814345994 0.7439828767772512 0.2960065675105485 0.7750593720379148 0.2901988481012658
0 0.7121692677725119 0.32164764135021096 0.7481839976303318 0.31080613291139236 0.7706873353080569 0.2948972088607595 0.7436292665876777 0.30058396202531645 0.7121692677725119 0.32164764135021096
0 0.6685741007109004 0.3497349578059072 0.6998395639810426 0.34754827848101266 0.7234994490521328 0.3229189029535865 0.701811586492891 0.32207271729957804 0.6685741007109004 0.3497349578059072
0 0.5374906125592417 0.4459646983122363 0.5662961753554503 0.44927050210970465 0.6063008661137441 0.4203540569620253 0.5699784111374407 0.41293035443037973 0.5374906125592417 0.4459646983122363
0 0.5488185438388625 0.4519439367088608 0.525418259478673 0.44124675105485234 0.4843561623222749 0.4818147130801688 0.5140244632701422 0.492346029535865 0.5488185438388625 0.4519439367088608
0 0.4983919099526066 0.4883607510548523 0.47890799052132704 0.4727947616033755 0.4451058661137441 0.5129838270042194 0.4614942440758294 0.5199619683544304 0.4983919099526066 0.4883607510548523
0 0.40089998459715637 0.5736639050632911 0.37432805450236967 0.5564170928270041 0.3393273625592417 0.5895716476793248 0.36105700592417067 0.607163976793249 0.40089998459715637 0.5736639050632911
0 0.29946838033175355 0.6478600991561182 0.27768670616113744 0.6220557489451477 0.2293493258293839 0.6599019345991561 0.2416943720379147 0.6976082510548524 0.29946838033175355 0.6478600991561182
0 0.06957067061611374 0.8117023080168776 0.07358473578199053 0.7770805042194093 0.018286883886255923 0.8077032805907173 0.010728982227488151 0.8433872151898734 0.06957067061611374 0.8117023080168776
0 0.010679104265402844 0.7546698164556963 0.045401158767772516 0.7372601181434599 0.05121045260663507 0.7136118902953587 0.013893210900473935 0.7371189071729958 0.010679104265402844 0.7546698164556963
0 0.08823741943127962 0.689740470464135 0.05158522867298578 0.7124655696202532 0.04912844668246446 0.7381684894514768 0.0813787606635071 0.7154223312236287 0.08823741943127962 0.689740470464135
0 0.128075163507109 0.6631522257383966 0.09136677251184834 0.6854612616033755 0.0885791883886256 0.7116027468354431 0.12794350592417061 0.6876635717299578 0.128075163507109 0.6631522257383966
0 0.12801896682464453 0.6627361919831224 0.1265943210900474 0.6894379936708861 0.1674438933649289 0.6644592299578058 0.1660270616113744 0.6379059451476793 0.12801896682464453 0.6627361919831224
0 0.16506469549763034 0.6370432362869197 0.16828722630331755 0.6589397236286919 0.20593257938388626 0.6337649219409284 0.20149536018957345 0.616171111814346 0.16506469549763034 0.6370432362869197
0 0.1982503116113744 0.6161006814345992 0.20790013033175356 0.6306870991561182 0.24820641943127963 0.5997257151898734 0.23640117417061612 0.5902720801687764 0.1982503116113744 0.6161006814345992
0 0.23962464099526068 0.5871647974683545 0.2514106232227488 0.5999216561181434 0.29001173222748816 0.5700596392405063 0.2761797713270142 0.5612315485232068 0.23962464099526068 0.5871647974683545
0 0.27663294668246446 0.5592343691983123 0.28566449763033175 0.5692436139240507 0.3161894289099526 0.5423266012658228 0.309726768957346 0.5350768438818565 0.27663294668246446 0.5592343691983123
0 0.35388685426540284 0.5070307088607595 0.3673262026066351 0.5170483438818565 0.4002496694312796 0.48632332067510553 0.3850531587677725 0.4816456476793249 0.35388685426540284 0.5070307088607595
0 0.3897565130331754 0.47725637974683544 0.4039412334123223 0.48032468565400843 0.43579640165876776 0.4593351413502109 0.41688060071090044 0.45580900210970465 0.3897565130331754 0.47725637974683544
0 0.05224116232227488 0.707519282700422 0.058087771327014225 0.6919891729957806 0.02813552488151659 0.7053026751054853 0.01973016113744076 0.727574575949367 0.05224116232227488 0.707519282700422
0 0.06355946090047393 0.683485746835443 0.05797511966824645 0.702917911392405 0.0894367654028436 0.6848961751054852 0.09204419075829384 0.6686273523206752 0.06355946090047393 0.683485746835443
0 0.09489003317535545 0.6605727742616033 0.09125435781990521 0.6846290316455697 0.126969586492891 0.664769700421941 0.1268093827014218 0.6416872742616033 0.09489003317535545 0.6605727742616033
0 0.12865648815165878 0.6419698544303797 0.12859991706161136 0.6591952130801688 0.163322095971564 0.635904993670886 0.16246491587677725 0.6164366033755274 0.12865648815165878 0.6419698544303797
0 0.1644654798578199 0.6188836666666667 0.1637905059241706 0.637412447257384 0.20250401777251184 0.6083825632911393 0.19793321563981042 0.5947017679324895 0.1644654798578199 0.6188836666666667
0 0.19692037559241707 0.5925317362869199 0.20231660900473936 0.6089557215189874 0.2362705817535545 0.5838991687763714 0.22749776895734597 0.5733779789029536 0.19692037559241707 0.5925317362869199
0 0.22813840876777253 0.5746670569620252 0.2374510260663507 0.5867568016877637 0.27241678199052133 0.5633095464135022 0.26061213507109005 0.5464936518987341 0.22813840876777253 0.5746670569620252
0 0.2642285438388626 0.5477809451476793 0.2752651232227488 0.556949805907173 0.30631467298578197 0.5319563755274261 0.29187412796208534 0.5205572215189873 0.2642285438388626 0.5477809451476793
0 0.29743303317535547 0.5191363776371308 0.3092378483412322 0.5300717953586498 0.3376639964454976 0.507221947257384 0.3253745118483412 0.49895940084388185 0.29743303317535547 0.5191363776371308
0 0.33569665639810425 0.4985387510548523 0.343810154028436 0.5037117616033755 0.3760589372037914 0.4797544810126582 0.3631851943127962 0.4700558839662447 0.33569665639810425 0.4985387510548523
0 0.36852637440758296 0.47104053797468354 0.3815305082938389 0.4771316075949367 0.4096568827014218 0.4540227594936709 0.3928903684834123 0.4497731392405063 0.36852637440758296 0.47104053797468354
0 0.034646338862559245 0.694888700421941 0.044727994075829385 0.6675813291139241 0.01777929383886256 0.6825549662447257 0.004627524881516588 0.7137895717299578 0.034646338862559245 0.694888700421941
0 0.047782354265402845 0.6647075042194093 0.043528300947867304 0.6900672046413502 0.0641029798578199 0.6777072320675105 0.06922475947867299 0.6516512995780591 0.047782354265402845 0.6647075042194093
0 0.07570243246445497 0.6498736962025317 0.07204809834123223 0.6698709472573839 0.09635175355450237 0.653750029535865 0.09785236018957345 0.6331949789029535 0.07570243246445497 0.6498736962025317
0 0.1024233981042654 0.6281231877637131 0.10440927132701422 0.6467458797468354 0.1286941481042654 0.6324463649789029 0.12713567180094787 0.6097890907172996 0.1024233981042654 0.6281231877637131
0 0.13236736137440758 0.6047471666666666 0.13191713151658768 0.6308208987341771 0.15991228672985783 0.6087011772151899 0.15852751895734596 0.5872872320675105 0.13236736137440758 0.6047471666666666
0 0.15622123104265404 0.59117782278481 0.15989354383886256 0.610522700421941 0.1936787559241706 0.5900982151898734 0.18471872867298578 0.5704016624472573 0.15622123104265404 0.59117782278481
0 0.18316705924170615 0.5710917130801688 0.19240455331753553 0.5904673270042193 0.21905064928909954 0.5642416835443038 0.20697410781990522 0.5537901223628692 0.18316705924170615 0.5710917130801688
0 0.26711500947867295 0.5083756835443038 0.28823261018957347 0.5196398185654009 0.3086574549763033 0.5042101434599157 0.2960896327014218 0.4929418902953587 0.26711500947867295 0.5083756835443038
0 0.30311126777251185 0.4905968713080169 0.3144663874407583 0.49820340084388187 0.34111227251184834 0.48373877215189875 0.32153112322274885 0.4754079620253165 0.30311126777251185 0.4905968713080169
0 0.33326126184834126 0.47070672362869204 0.34515981279620855 0.47841523628691984 0.3682642571090048 0.46125801265822786 0.3533448353080569 0.4560292510548523 0.33326126184834126 0.47070672362869204
0 0.3604319099526066 0.45228500632911395 0.375572210900474 0.45654654852320675 0.39785219194312793 0.4372068227848101 0.37606869075829386 0.4379839746835443 0.3604319099526066 0.45228500632911395
0 0.48781456635071085 0.4013725126582279 0.5125487286729857 0.40804333122362874 0.543017413507109 0.3807102172995781 0.49896741113744075 0.38704341983122365 0.48781456635071085 0.4013725126582279
0 0.29761111137440754 0.5792685147679325 0.2908842559241706 0.5745585337552743 0.2712619443127962 0.5983533333333334 0.2832758921800948 0.608413476793249 0.29761111137440754 0.5792685147679325
0 0.3915655331753555 0.5024115042194093 0.3816155236966825 0.5052076075949367 0.36089255805687204 0.5315144810126582 0.37307022985781996 0.5419282594936708 0.3915655331753555 0.5024115042194093
0 0.03619154502369668 0.7817332236286919 0.07410855094786731 0.7607257932489452 0.07613847511848341 0.7310553839662448 0.036875637440758294 0.7529487088607595 0.03619154502369668 0.7817332236286919
0 0.08734829265402844 0.7237689831223629 0.12130784004739335 0.7058418059071729 0.11837782227488151 0.6898807658227848 0.08619954265402843 0.7090162637130801 0.08734829265402844 0.7237689831223629