1 0.9349462784503632 0.3354719159482759 0.8657662953995158 0.4198919806034483 0.925171205811138 0.559586286637931 0.9853907760290557 0.4783691056034483 0.9879975266343826 0.4059556530172414 0.9349462784503632 0.3354719159482759
1 0.8831065205811137 0.6163182629310345 0.8461897070217919 0.5140658318965518 0.784476450363196 0.5819518125 0.808523799031477 0.716906797413793 0.8831065205811137 0.6163182629310345
1 0.5891075629539951 1 0.6396889140435836 0.9446117349137931 0.6525144430992736 0.9273141465517242 0.6596554794188861 0.7759734439655172 0.6590141646489104 0.7511608125 0.5728472699757869 0.8288560280172415 0.5634934285714286 1 0.5891075629539951 1
1 0.5485883765133173 1 0.5561637288135594 0.8623906724137931 0.5016764709443099 0.824272073275862 0.46055718401937046 0.8765190969827586 0.45019950968523004 1 0.5485883765133173 1
1 0.8986416016949152 0.1530134719827586 0.8817983014527846 0.20033752155172413 0.9201479176755448 0.26523577801724135 0.9696056246973365 0.20307018965517243 0.9208397808716707 0.11986539439655172 0.8986416016949152 0.1530134719827586
1 0.8516455629539952 0.3559344806034483 0.9018732445520582 0.2927304418103448 0.8562459043583535 0.20529279094827585 0.8135966707021791 0.2713724073275862 0.8516455629539952 0.3559344806034483
1 0.7600972639225181 0.4629050560344828 0.8111407881355932 0.39805169396551726 0.7842834273607748 0.3136659439655172 0.7399004697336562 0.3596157435344828 0.7600972639225181 0.4629050560344828
1 0.7018980641646488 0.39161075215517244 0.6708941186440678 0.43877480603448277 0.6865844188861986 0.5502816487068966 0.7379013317191283 0.48612143750000003 0.7317927845036319 0.40585733405172414 0.7018980641646488 0.39161075215517244
0 0.674131421307506 0.5086906594827586 0.6462251198547216 0.5365454396551724 0.6145663946731235 0.5792430625 0.6098828014527845 0.6379850905172414 0.6141677917675544 0.6552852995689654 0.6664383159806296 0.5985448103448275 0.674131421307506 0.5086906594827586
1 0.4936461598062954 0.6596378965517241 0.46734580387409197 0.6801300905172414 0.44916617917675544 0.7592138620689656 0.45828574455205806 0.8303669568965518 0.5160944891041161 0.7770090560344827 0.5296773341404358 0.6866462090517241 0.4936461598062954 0.6596378965517241
1 0.4441350823244552 0.8462420646551724 0.4577081053268765 0.7402041185344828 0.4330547421307506 0.7253080150862069 0.40652382566585954 0.7525306551724138 0.396966289346247 0.815706234913793 0.3989136525423729 0.8858334030172414 0.4441350823244552 0.8462420646551724
1 0.39669906295399515 0.795860051724138 0.37861641162227605 0.7747424439655173 0.3669458123486683 0.7797752435344828 0.34714162227602907 0.8091616314655172 0.33581765738498787 0.8404948103448276 0.3317694225181598 0.9182278728448275 0.35091895762711867 0.9357687737068965 0.38862808837772395 0.9004328275862069 0.3897189769975787 0.8775472586206897 0.39799748547215497 0.8717357392241379 0.39669906295399515 0.795860051724138
1 0.2794135484261501 1 0.2933968462469734 0.9726571487068966 0.29207292736077484 0.9476748168103448 0.2814932191283293 0.9298220474137932 0.25105251694915254 0.9521394267241379 0.22881793220338983 1 0.2794135484261501 1
1 0.8631786016949153 0.15334254310344828 0.8577183377723971 0.17676744181034484 0.8801135605326876 0.20812948060344827 0.8780708813559323 0.18143974353448275 0.9100627130750606 0.14096965301724138 0.8975284382566585 0.12575297629310345 0.8846788377723971 0.12434551293103448 0.8631786016949153 0.15334254310344828
1 0.7630354479418886 0.2830504547413793 0.7489500423728814 0.28598648922413794 0.7354697917675546 0.3121974525862069 0.744756892251816 0.3451774806034483 0.7556519249394673 0.34922103879310346 0.7751975944309928 0.32286010344827587 0.7895441900726392 0.31308430818965516 0.7853896501210654 0.29785250646551725 0.7776835 0.28797380172413795 0.7630354479418886 0.2830504547413793
1 0.6390340532687652 0.42887486853448276 0.6214429503631961 0.45259970905172414 0.6195196937046005 0.49534539439655173 0.6225195024213075 0.5462016099137931 0.6567758861985472 0.5146950431034483 0.6685032869249394 0.4988784827586207 0.6706282639225182 0.46389110560344826 0.6555342663438257 0.4280355969827586 0.6390340532687652 0.42887486853448276
1 0.5463683474576271 0.6127409719827586 0.5444705847457627 0.6045933038793103 0.5245469721549637 0.5645442672413793 0.5163252675544794 0.5595720215517241 0.505833671912833 0.5710450840517242 0.48571415496368037 0.6142406831896552 0.4871829878934624 0.6577650883620689 0.5077372506053268 0.670195698275862 0.5238340254237288 0.6538398081896551 0.5340102978208232 0.6561759590517241 0.5379194322033899 0.6509037715517241 0.5360784697336561 0.6319723426724138 0.5463683474576271 0.6127409719827586
1 0.46355892615012106 0.6162048340517241 0.4297574430992736 0.677853088362069 0.4261949430992736 0.7094256551724137 0.432663799031477 0.7247923038793104 0.45471238740920095 0.7298539612068966 0.46531759079903146 0.6968133793103448 0.4898632832929782 0.6422946875000001 0.4813936525423729 0.6219031961206897 0.46355892615012106 0.6162048340517241
1 0.34136021791767557 0.7553927974137931 0.3158372421307506 0.8112295344827586 0.31911572518159803 0.8335757737068965 0.31555322639225186 0.8651483405172414 0.3360761791767555 0.8374693599137931 0.35254508232445525 0.7965204935344827 0.37867321428571427 0.7639586831896552 0.3635224128329298 0.7388869353448276 0.34136021791767557 0.7553927974137931
1 0.1974135363196126 1 0.1914637191283293 0.9816469224137931 0.17321065859564164 0.992880599137931 0.16793188377723972 1 0.1974135363196126 1
1 0.3036241053268765 0.8732065905172415 0.31408439346246975 0.8216239375 0.3073570157384988 0.8092827413793103 0.27283676997578693 0.8692235905172414 0.2670043765133172 0.9172414633620689 0.27105842615012105 0.9305113469827586 0.28776035714285714 0.937430385775862 0.2997462808716707 0.9185883728448276 0.31409020823244554 0.912626885775862 0.31512429418886195 0.9005250754310345 0.3036241053268765 0.8732065905172415
1 0.39401410411622273 0.614782849137931 0.3826020278450363 0.6167901961206896 0.36526944673123485 0.6374895840517241 0.3530250012106538 0.6593570517241379 0.3516755907990315 0.6852680711206897 0.342419799031477 0.6923976336206896 0.3479113716707022 0.7090823297413793 0.3720026392251816 0.7408337262931034 0.3959176828087167 0.7139334612068966 0.4134206731234867 0.6608827887931035 0.39401410411622273 0.614782849137931
1 0.543166347457627 0.4377146681034483 0.533191794188862 0.44313682758620687 0.5221831537530266 0.4606607952586207 0.5213507869249394 0.48052091379310347 0.5381489515738499 0.5300142004310345 0.571407088377724 0.48797501939655175 0.581399823244552 0.45574627155172415 0.5638910181598062 0.41779399784482757 0.5515016573849879 0.4211193922413793 0.543166347457627 0.4377146681034483
1 0.6234485060532688 0.34817690732758616 0.6202013305084746 0.36594026077586206 0.6352385254237288 0.4125795323275862 0.6635797469733655 0.3743561745689655 0.6663666815980629 0.35185996551724136 0.6541477312348668 0.3228340775862069 0.6381077590799031 0.32840620689655176 0.6234485060532688 0.34817690732758616
1 0.72086152905569 0.23018144612068966 0.7240832094430992 0.2633114461206897 0.7319895895883777 0.2820929051724138 0.7630041380145278 0.2429408599137931 0.7498647082324454 0.20444925646551726 0.7409242421307506 0.19776960775862068 0.7323872118644067 0.20660657543103447 0.72086152905569 0.23018144612068966
1 0.7640637191283293 0.17994569827586207 0.7680609648910411 0.2039993426724138 0.7791009140435836 0.2265849698275862 0.8091381803874091 0.18875097198275861 0.7962004673123487 0.1580176767241379 0.7831491501210655 0.14885190517241378 0.776566686440678 0.1550527823275862 0.7640637191283293 0.17994569827586207
1 0.8062886271186441 0.13102799568965517 0.8279082857142858 0.1714663922413793 0.858462593220339 0.12758149137931035 0.8440873583535108 0.09343338577586206 0.8281041888619854 0.08822175431034483 0.8082999975786925 0.11760814439655173 0.8062886271186441 0.13102799568965517
1 0.5923203510895884 0.4088964719827586 0.6208632905569007 0.37843142672413793 0.6231331828087167 0.36198612068965513 0.6066016610169491 0.3227157995689655 0.5905048849878934 0.3390716896551724 0.5764507881355933 0.38211731896551726 0.5923203510895884 0.4088964719827586
1 0.5064017033898305 0.46320747198275863 0.4811314346246973 0.4250158103448276 0.46354033171912834 0.4487406530172414 0.45072203995157384 0.4874427823275862 0.4596370121065375 0.545015786637931 0.4685206755447942 0.562479198275862 0.49855794188861985 0.5246452004310345 0.5115779515738499 0.4937013793103448 0.5121517978208232 0.476866713362069 0.5064017033898305 0.46320747198275863
1 0.6710432941888619 0.6947392543103448 0.683054686440678 0.8861250021551723 0.7366322772397095 0.8138657521551724 0.7818119491525424 0.7514030581896552 0.7654193934624697 0.5903822306034483 0.6710432941888619 0.6947392543103448
0 0.526277078692494 0.7646515280172415 0.5956974309927361 0.6888461767241378 0.5948308777239709 0.5927155237068965 0.5450561573849879 0.6491467844827586 0.526277078692494 0.7646515280172415
0 0.32398160895883776 1 0.33281296973365615 0.9898585301724138 0.3330152046004843 0.9106681249999999 0.30936869491525426 0.9272754461206897 0.28982470944309924 1 0.32398160895883776 1
0 0.8323629285714286 0.19660656681034483 0.7847772639225181 0.25678127586206895 0.7988804527845037 0.29028313362068964 0.8444034733656174 0.22110580172413793 0.8323629285714286 0.19660656681034483
0 0.7256852276029055 0.389000375 0.722379808716707 0.3522393900862069 0.6841923547215496 0.38173952155172414 0.6840738075060533 0.41983239870689654 0.7256852276029055 0.389000375
0 0.6067791937046004 0.571511228448276 0.6084163111380145 0.4973278577586207 0.5645964443099274 0.5488724612068965 0.5607758401937046 0.6191921357758621 0.6067791937046004 0.571511228448276
0 0.40157902663438255 0.7716494224137931 0.42009853026634386 0.7161193814655173 0.39342209200968525 0.7311005732758621 0.38152644067796615 0.7782685172413794 0.40157902663438255 0.7716494224137931
0 0.2291758631961259 0.8811601831896552 0.2142300496368039 0.918435849137931 0.2174637675544794 0.9183541939655173 0.2461638062953995 0.8846397715517241 0.2661580460048426 0.8399625 0.2291758631961259 0.8811601831896552
0 0.26836691888619857 0.8423979159482758 0.2506813813559322 0.8808869719827587 0.27029987651331716 0.8561718146551723 0.29527682203389827 0.8070775797413793 0.26836691888619857 0.8423979159482758
0 0.30127736803874094 0.791201077586207 0.2894754346246973 0.8255777112068966 0.31357312106537527 0.8047491982758621 0.33208307263922515 0.7574143577586208 0.30127736803874094 0.791201077586207
0 0.41518100605326874 0.644881375 0.3980533910411622 0.7063742284482758 0.43320842978208235 0.6628517629310345 0.44792532687651326 0.6157693512931034 0.41518100605326874 0.644881375
0 0.48146770338983047 0.609436900862069 0.49349542493946735 0.5562940603448276 0.4526295230024213 0.5938626422413793 0.44419293946731236 0.6373380969827586 0.48146770338983047 0.609436900862069
0 0.5230822433414043 0.5455309482758621 0.5292163861985473 0.515418099137931 0.49259197578692493 0.5419112392241379 0.48849205569007265 0.5824557823275862 0.5230822433414043 0.5455309482758621
0 0.6177575314769975 0.4457910344827586 0.6222280302663439 0.40042179741379313 0.5880204055690073 0.4333744956896552 0.5806801404358354 0.4860703189655173 0.6177575314769975 0.4457910344827586
0 0.7244798026634383 0.3186506961206897 0.7148486053268766 0.2747926336206897 0.671094426150121 0.3254838254310345 0.6702014358353511 0.37629283836206895 0.7244798026634383 0.3186506961206897
0 0.8712042578692495 0.12465632327586207 0.9099334769975786 0.06600335991379311 0.8834505714285715 0.06408238362068966 0.8537452711864406 0.10832473706896552 0.8712042578692495 0.12465632327586207
0 0.8222902167070218 0.08024621336206897 0.8377254564164649 0.06076564439655172 0.8178846900726393 0.059326465517241384 0.8071609479418885 0.07418469181034483 0.8222902167070218 0.08024621336206897
0 0.7839614176755448 0.13475519612068967 0.8165709987893462 0.08898361206896552 0.8035249915254237 0.0762729073275862 0.7731221610169491 0.11896602155172414 0.7839614176755448 0.13475519612068967
0 0.7407313050847458 0.16168185560344828 0.751598200968523 0.18121849568965517 0.7854980520581113 0.133808875 0.7729709830508474 0.11860690086206897 0.7407313050847458 0.16168185560344828
0 0.7112767384987894 0.20281559913793104 0.7165132723970944 0.22121647844827586 0.7487006682808717 0.17893209051724138 0.7408925883777239 0.15961799568965515 0.7112767384987894 0.20281559913793104
0 0.6803089866828087 0.24035480818965518 0.6778346295399515 0.2649351357758621 0.714057093220339 0.22227669181034485 0.7130672784503631 0.1977086530172414 0.6803089866828087 0.24035480818965518
0 0.6452263583535108 0.28344368750000004 0.6413396513317191 0.3107767004310345 0.6761221416464891 0.2700602823275862 0.6771349128329298 0.2433545301724138 0.6452263583535108 0.28344368750000004
0 0.6149090302663438 0.3186968448275862 0.6144655714285714 0.3335067543103448 0.6434213934624698 0.3034642521551724 0.6440948268765133 0.2828472327586207 0.6149090302663438 0.3186968448275862
0 0.5491607760290557 0.4013104267241379 0.5426852760290557 0.42806330387931035 0.5746598910411622 0.396764900862069 0.5778037736077482 0.36926798922413795 0.5491607760290557 0.4013104267241379
0 0.5199483389830508 0.4340893038793104 0.5108794200968523 0.46589138146551723 0.5379785774818402 0.4299063620689655 0.54459298062954 0.40578164439655173 0.5199483389830508 0.4340893038793104
0 0.8043601343825666 0.07289412284482759 0.8138609370460049 0.05903459698275862 0.8010908619854722 0.05810830172413793 0.7957513159806295 0.06634470043103448 0.8043601343825666 0.07289412284482759
0 0.7644052711864407 0.10298527370689656 0.7744531234866827 0.1182972176724138 0.8032225762711864 0.07555452801724138 0.7906163607748184 0.06552719181034482 0.7644052711864407 0.10298527370689656
0 0.7333014552058111 0.1421168254310345 0.741370808716707 0.15615749137931034 0.7710896961259079 0.11720233836206896 0.7634925847457626 0.10605042025862069 0.7333014552058111 0.1421168254310345
0 0.703846887409201 0.18325057112068965 0.7072898474576271 0.1993064051724138 0.7417699588377724 0.15787169181034483 0.7332532699757869 0.1468337047413793 0.703846887409201 0.18325057112068965
0 0.6778866707021792 0.21544503448275865 0.677583313559322 0.235992588362069 0.7076467711864407 0.19938812715517243 0.7034623256658595 0.1802549181034483 0.6778866707021792 0.21544503448275865
0 0.6474917324455206 0.2495473556034483 0.648251210653753 0.2789308836206897 0.6781757893462469 0.23969831896551724 0.6780932360774818 0.21728534698275864 0.6474917324455206 0.2495473556034483
0 0.6185528631961259 0.28137924353448274 0.6154537615012107 0.3113391163793104 0.643859220338983 0.27922321336206896 0.6460271900726393 0.2560275237068966 0.6185528631961259 0.28137924353448274
0 0.5902630799031476 0.31953322844827586 0.5869937905569007 0.34409154956896554 0.6129852530266344 0.31466835560344825 0.6148085714285715 0.28912178017241374 0.5902630799031476 0.31953322844827586
0 0.5563452336561743 0.35964234698275865 0.5533787082324455 0.3860489568965517 0.582002230024213 0.3513866034482759 0.5842844237288136 0.33535719181034485 0.5563452336561743 0.35964234698275865
0 0.5307633111380146 0.3927354418103448 0.5232185569007264 0.42165758405172415 0.5491555072639225 0.39287092025862064 0.5537796440677966 0.3686149913793103 0.5307633111380146 0.3927354418103448
0 0.7502124733656175 0.08267947413793103 0.7592887384987894 0.09989474353448276 0.7792003740920097 0.07135089870689655 0.7721359939467312 0.056101765086206894 0.7502124733656175 0.08267947413793103
0 0.7227091767554479 0.11695506250000001 0.7313368765133171 0.13308809913793104 0.7567657481840194 0.10386064655172413 0.7450614757869249 0.08754880818965517 0.7227091767554479 0.11695506250000001
0 0.7005917070217919 0.1467845431034483 0.7042130738498789 0.17361132112068967 0.7321474079903147 0.13424747413793103 0.7257124576271187 0.11589691594827586 0.7005917070217919 0.1467845431034483
0 0.6808038075060532 0.17065450000000001 0.6786154576271187 0.1963091271551724 0.7050904079903147 0.17186493103448275 0.7017657421307506 0.14481483405172416 0.6808038075060532 0.17065450000000001
0 0.6040580423728814 0.2699337931034483 0.6019526222760291 0.29688754094827585 0.6201939552058111 0.2751012844827586 0.627100244552058 0.23481595689655174 0.6040580423728814 0.2699337931034483
0 0.5820766380145278 0.29817092887931035 0.5747444588377724 0.3341459030172414 0.5960538656174333 0.3020275603448276 0.5990868099273607 0.2793545495689655 0.5820766380145278 0.29817092887931035
0 0.5557082276029056 0.33514242241379305 0.549630299031477 0.36182275215517246 0.5701344491525424 0.33698467025862067 0.5734276343825666 0.31339757327586204 0.5557082276029056 0.33514242241379305
0 0.5350276707021792 0.3588074525862069 0.5224590859564164 0.39227395905172413 0.5434590121065376 0.3701458685344827 0.550085725181598 0.3437521982758621 0.5350276707021792 0.3588074525862069
0 0.4436705581113801 0.517240239224138 0.41616338861985475 0.5818081443965517 0.44527039104116223 0.552124885775862 0.45622406537530263 0.5091964568965517 0.4436705581113801 0.517240239224138
0 0.6619654987893463 0.32529867887931035 0.6642906246973366 0.2999970862068965 0.6428258050847457 0.3150731767241379 0.6411185847457627 0.3286378318965517 0.6619654987893463 0.32529867887931035
0 0.5823629527845036 0.4219583168103448 0.5846246610169491 0.3961706228448276 0.5614387360774818 0.41132408189655173 0.5546256682808717 0.4250175948275862 0.5823629527845036 0.4219583168103448
0 0.8462682772397094 0.09846965948275863 0.8700175738498789 0.06310800215517241 0.846185897094431 0.06137933620689655 0.8320976525423729 0.08227455818965518 0.8462682772397094 0.09846965948275863
0 0.8167707324455206 0.08358454094827586 0.7903045060532687 0.12128331681034482 0.7956699358353512 0.13626811853448276 0.822605308716707 0.0950027974137931 0.8167707324455206 0.08358454094827586