1 0.9666358300733496 0.40527559347826086 0.8910109853300734 0.47487303043478263 0.9368282359413204 0.6205729086956522 0.9807563667481662 0.5753883239130435 0.9856916100244499 0.43843837826086957 0.9666358300733496 0.40527559347826086
1 0.8907420036674817 0.6679773195652173 0.8640537909535453 0.5650967760869565 0.7971781124694376 0.6197341521739131 0.809625261613692 0.751414197826087 0.8907420036674817 0.6679773195652173
1 0.565156782396088 1 0.5784717738386308 0.9891792413043478 0.6397907921760392 0.9261063478260869 0.6574315929095355 0.7871564326086956 0.6587541405867972 0.7621173869565218 0.5667304266503668 0.8212548586956522 0.5426578557457213 1 0.565156782396088 1
1 0.5273586173594131 1 0.5474509315403423 0.8512606739130435 0.49615819559902197 0.8011037673913043 0.4510446002444988 0.8445476913043478 0.4253768581907091 1 0.5273586173594131 1
1 0.4183914144254278 1 0.4308533202933985 0.920567102173913 0.35910192298288507 0.9845045934782609 0.35618020782396087 1 0.4183914144254278 1
1 0.9911693166259169 0.2864354282608696 0.9624570647921761 0.1940643304347826 0.944877130806846 0.2142499 0.9243481882640586 0.2580581673913043 0.957439575794621 0.33156169347826087 0.9906828936430317 0.2999333913043478 0.9911693166259169 0.2864354282608696
1 0.8819937078239609 0.4076076695652174 0.9370517591687041 0.3551588565217391 0.898488804400978 0.2574473326086957 0.850756706601467 0.31443765 0.8819937078239609 0.4076076695652174
1 0.782291880195599 0.49494643695652174 0.838293466992665 0.44102083043478263 0.8181969193154034 0.35047316304347825 0.7703283520782397 0.3868848347826087 0.782291880195599 0.49494643695652174
1 0.7299224572127139 0.4106873804347826 0.6952925073349634 0.4512409152173913 0.7021148007334964 0.5665639304347827 0.7583340660146699 0.5133936217391305 0.7585916210268949 0.4315156565217391 0.7299224572127139 0.4106873804347826
0 0.6929913875305623 0.5221072652173913 0.6629754303178484 0.5439612326086957 0.6280459963325183 0.5798897326086957 0.6187336882640587 0.6378126434782609 0.6216366735941321 0.656109306521739 0.6782197677261613 0.6105928913043478 0.6929913875305623 0.5221072652173913
1 0.5011708239608802 0.6341424217391304 0.47333758312958435 0.6489591065217392 0.4489657677261614 0.724345543478261 0.4524295721271394 0.7977387413043477 0.5142650782396088 0.7568268086956522 0.5349471124694377 0.6691176543478261 0.5011708239608802 0.6341424217391304
1 0.4370707481662591 0.8105770586956522 0.4589822958435208 0.707136152173913 0.4355884523227384 0.6868013565217391 0.406993293398533 0.7083215152173913 0.39247268948655256 0.7696284086956522 0.38886920293398536 0.8404249500000001 0.4370707481662591 0.8105770586956522
1 0.39377542542787286 0.7496548260869565 0.3774223728606357 0.7245126260869564 0.3653925965770171 0.7270128413043478 0.34333077383863086 0.752174095652174 0.32956712347188266 0.7811418869565218 0.319386597799511 0.8582607 0.33708577506112464 0.8800468717391304 0.3774635085574572 0.8528276913043479 0.3803601564792176 0.830100904347826 0.38907066381418093 0.8260780760869566 0.39377542542787286 0.7496548260869565
1 0.2127856882640587 1 0.24823251344743275 0.9635393108695652 0.2565204009779951 0.9352670804347826 0.27683806356968216 0.9044946369565218 0.27749369070904645 0.879136147826087 0.2683605599022005 0.8589095739130436 0.23625640953545232 0.8746531043478261 0.2090569205378973 0.9199094434782609 0.19746004889975552 0.9787378260869566 0.2002715391198044 1 0.2127856882640587 1
1 0.9095057836185819 0.20683126086956521 0.9022116210268948 0.22914452173913044 0.9220529902200488 0.2655090956521739 0.9221272310513448 0.23828021086956522 0.9572125525672371 0.20465977173913044 0.9459229278728606 0.18665137608695653 0.9332272396088019 0.1824313152173913 0.9095057836185819 0.20683126086956521
1 0.7994399633251833 0.31510841086956526 0.7851691662591687 0.31497692173913044 0.7696613569682151 0.3383335239130435 0.7763101784841075 0.37345752173913044 0.7868493679706602 0.3798957608695652 0.8084143288508557 0.35771399130434783 0.8234862127139364 0.3510390086956522 0.8205497139364303 0.33484645 0.813650162591687 0.32324955652173915 0.7994399633251833 0.31510841086956526
1 0.6643208655256725 0.4343449565217391 0.6449124009779952 0.45430855 0.6396159706601467 0.49678264130434785 0.6385850366748167 0.5484711760869565 0.6752187224938876 0.5243402500000001 0.6881576980440098 0.5110311869565217 0.6930417921760391 0.47638646304347826 0.6808326833740832 0.43710815000000003 0.6643208655256725 0.4343449565217391
1 0.5574258325183374 0.5986024956521739 0.5561785366748166 0.5900118217391305 0.5394873863080685 0.545470102173913 0.5316860770171149 0.5386840826086957 0.5203222114914425 0.5479045695652174 0.4968543276283619 0.5868541586956523 0.49487716503667484 0.6308508630434783 0.5143804376528117 0.6478159152173912 0.5317169303178484 0.6349203804347826 0.5416747347188263 0.6394882239130435 0.5459877261613691 0.6350518695652173 0.5456496283618582 0.615652347826087 0.5574258325183374 0.5986024956521739
1 0.4746173251833741 0.583984104347826 0.4360539694376528 0.6384609304347826 0.43000710268948655 0.6693648630434782 0.43523957823960885 0.6861984260869565 0.4568148215158924 0.6960954239130435 0.46999708679706603 0.6652572347826087 0.49877168581907094 0.6159123239130434 0.49194234963325184 0.5935992630434782 0.4746173251833741 0.583984104347826
1 0.3418196210268949 0.6969550152173913 0.3119667738386308 0.7474090173913044 0.31346764425427875 0.7705493304347827 0.30742077750611246 0.8014532630434782 0.33006398533007336 0.778162402173913 0.3497157371638142 0.7406696847826088 0.3783315721271394 0.7137037782608696 0.36521326283618577 0.6852343130434783 0.3418196210268949 0.6969550152173913
1 0.13408743765281175 1 0.18225948533007333 0.925257652173913 0.17453241564792177 0.8912427456521739 0.1554517652811736 0.8985270934782609 0.12310432518337408 0.93179975 0.12178278850855745 0.9504379630434783 0.11382271515892421 0.9660309478260869 0.10984781907090464 0.9898668239130434 0.11671523349633252 1 0.13408743765281175 1
1 0.2948941381418093 0.8069329586956522 0.3093979413202934 0.7574565586956522 0.30366860268948653 0.7436024804347826 0.2645238618581907 0.7962089108695652 0.25491443765281174 0.843119354347826 0.2579058936430318 0.8573212152173912 0.2740053728606357 0.8679137739130435 0.2874412114914425 0.8516252260869566 0.30220886919315404 0.8487772304347826 0.3041963178484107 0.8368592934782608 0.2948941381418093 0.8069329586956522
1 0.405415684596577 0.5673612608695652 0.39388277017114914 0.5668819891304347 0.37497116748166254 0.5838660999999999 0.36103846943765283 0.6031341304347827 0.3576449596577017 0.6288404021739131 0.3478562041564792 0.6339723173913044 0.3520104303178484 0.6519149695652173 0.3735114339853301 0.68904085 0.3994739107579462 0.6672726043478261 0.42111311246943767 0.6178619478260869 0.405415684596577 0.5673612608695652
1 0.5680723691931541 0.422267897826087 0.5577022261613692 0.42552941739130434 0.5453446356968215 0.44070887608695647 0.5429448520782396 0.4604561782608696 0.5557742457212714 0.5137920652173913 0.5922457249388753 0.4788737739130435 0.604753369193154 0.44871641956521735 0.590303238386308 0.40680640217391306 0.577692075794621 0.40743621956521736 0.5680723691931541 0.422267897826087
1 0.6551671674816626 0.34996085 0.6505263630806847 0.36707645217391305 0.6618262726161369 0.41716361304347827 0.6930954645476772 0.3850000456521739 0.6976517457212714 0.3630345652173913 0.6877681809290954 0.33123783695652176 0.6713408887530562 0.33332452173913046 0.6551671674816626 0.34996085
1 0.7615859070904645 0.2528403304347826 0.762177577017115 0.2867894934782609 0.7685728251833741 0.30736384782608694 0.8025798997555013 0.2748525 0.7925272848410758 0.23335600869565215 0.7841445904645478 0.22469959130434783 0.7749372200488998 0.2317019043478261 0.7615859070904645 0.2528403304347826
1 0.8086164804400977 0.21186980217391305 0.8106987371638141 0.23688051086956521 0.8199163911980439 0.26195696304347826 0.852845217603912 0.23055470217391302 0.8423802665036675 0.19688757608695653 0.8300969168704156 0.18483815 0.8230460427872861 0.1896222847826087 0.8086164804400977 0.21186980217391305
1 0.8545688080684597 0.17200835869565217 0.8729195916870416 0.21731138695652175 0.906842141809291 0.17995015652173915 0.8952144193154035 0.1425422391304348 0.879696325183374 0.13382007826086958 0.8576345036674817 0.1589813304347826 0.8545688080684597 0.17200835869565217
1 0.6193416943765281 0.40408989782608695 0.6501985501222494 0.37975569565217393 0.6537611063569682 0.3637491847826087 0.6403892249388753 0.32073008043478257 0.6230527334963325 0.3336256152173913 0.605642 0.37375003913043475 0.6193416943765281 0.40408989782608695
1 0.5294142053789731 0.43981607826086955 0.5072472921760391 0.3959699217391304 0.4878388276283619 0.4159335152173913 0.4720032041564792 0.45196936521739134 0.4763367640586797 0.5116905434782608 0.48381026039119807 0.5311558086956522 0.5167390855745722 0.49975354782608694 0.5321623716381418 0.47154706304347827 0.5340652946210269 0.4547792456521739 0.5294142053789731 0.43981607826086955
0 0.7810323007334963 0.7808249869565217 0.7796566039119804 0.6570661195652173 0.6788590684596577 0.7381954891304348 0.6725127078239609 0.8924485065217391 0.7810323007334963 0.7808249869565217
0 0.5253908899755502 0.7466512586956522 0.6005742139364303 0.6857510152173913 0.6073108080684596 0.5890967282608696 0.5532396833740831 0.6348481847826087 0.5253908899755502 0.7466512586956522
0 0.2514351748166259 0.9847497608695652 0.3147634266503667 0.9303684673913043 0.32122593398533006 0.8509468717391304 0.296344880195599 0.8624450565217391 0.2514351748166259 0.9847497608695652
0 0.8753718239608802 0.24351234565217392 0.8231865293398533 0.29349858695652176 0.8345941992665036 0.3301985673913044 0.8854354608801955 0.2707276956521739 0.8753718239608802 0.24351234565217392
0 0.7538370721271394 0.4132655456521739 0.7534490146699266 0.3756544739130435 0.7130559364303178 0.39691302826086955 0.709926086797066 0.4351124695652174 0.7538370721271394 0.4132655456521739
0 0.6208959290953545 0.5704294673913044 0.6283926931540342 0.49634585 0.5806430134474327 0.5384948195652174 0.5712754767726161 0.6082242043478261 0.6208959290953545 0.5704294673913044
0 0.40055333618581906 0.726426302173913 0.4234016992665036 0.6747497695652174 0.3956293361858191 0.6839541130434783 0.38004396943765284 0.7286868173913044 0.40055333618581906 0.726426302173913
0 0.22006409902200488 0.7986468717391305 0.202220793398533 0.8327864217391304 0.20545023716381416 0.8334110695652175 0.2367205709046455 0.8058505173913043 0.26018073838630806 0.7653867304347827 0.22006409902200488 0.7986468717391305
0 0.2621897322738386 0.7683132652173913 0.2415198606356968 0.8030717826086957 0.2630272860635697 0.7825574260869564 0.29180283985330074 0.7387500608695652 0.2621897322738386 0.7683132652173913
0 0.29903870048899756 0.7241295021739131 0.28455804645476773 0.7560468934782608 0.31022251344743274 0.7404114217391304 0.33241343031784837 0.696956502173913 0.29903870048899756 0.7241295021739131
0 0.424132706601467 0.6021895326086957 0.4022001809290954 0.6601537478260869 0.4406795378973105 0.6241614999999999 0.45907002933985336 0.5801310826086956 0.424132706601467 0.6021895326086957
0 0.4930017616136919 0.581105797826087 0.5091911491442542 0.5304062804347826 0.46549060268948655 0.5591760847826087 0.45364475916870417 0.6009592847826086 0.4930017616136919 0.581105797826087
0 0.5395307469437652 0.5260706173913043 0.5480253141809291 0.49719339347826086 0.5094278312958436 0.5157760347826087 0.5021359853300733 0.5555657130434782 0.5395307469437652 0.5260706173913043
0 0.6417775183374084 0.44667091521739133 0.6498201613691932 0.4021207391304348 0.6131207371638142 0.4277134804347826 0.6016385965770171 0.47898866304347826 0.6417775183374084 0.44667091521739133
0 0.7581976271393642 0.3424078413043478 0.7520658899755501 0.2962927956521739 0.7044491503667482 0.33759974130434783 0.69954206601467 0.38839031739130436 0.7581976271393642 0.3424078413043478
0 0.9391224621026895 0.11899383913043479 0.9036629474327628 0.15959567608695652 0.9197727970660147 0.1797989347826087 0.947850706601467 0.14707375217391305 0.9391224621026895 0.11899383913043479
0 0.9189281149144254 0.05402596304347826 0.8944305464547677 0.07967308695652174 0.9075286344743276 0.0890483 0.9237002408312959 0.06937851739130435 0.9189281149144254 0.05402596304347826
0 0.874532206601467 0.12454641521739131 0.9053345941320294 0.09510643695652174 0.8937320158924205 0.07935302826086955 0.8599323740831295 0.11515799130434783 0.874532206601467 0.12454641521739131
0 0.8320210036674817 0.1708699043478261 0.8681411699266505 0.1320645195652174 0.8561433838630806 0.11645899347826087 0.8224660354523227 0.15265738913043478 0.8320210036674817 0.1708699043478261
0 0.7868054608801955 0.1884441913043478 0.796091694376528 0.21042324130434784 0.8336273569682152 0.1702560543478261 0.8223437518337409 0.15226398695652174 0.7868054608801955 0.1884441913043478
0 0.7541965158924206 0.22328499782608696 0.7579608667481662 0.24289407173913044 0.7933845452322739 0.20749575869565218 0.787129381418093 0.1864083956521739 0.7541965158924206 0.22328499782608696
0 0.720363597799511 0.2541881260869565 0.7159540843520782 0.2783132695652174 0.7554290146699266 0.24342128478260872 0.756384880195599 0.21855153043478262 0.720363597799511 0.2541881260869565
0 0.6819906894865525 0.28976110217391304 0.6759558789731052 0.31633989782608696 0.7138420733496332 0.2830820521739131 0.7169628924205379 0.2565047260869565 0.6819906894865525 0.28976110217391304
0 0.6489867775061124 0.3185123543478261 0.6473738899755501 0.3332768652173913 0.6786088496332519 0.30945689347826083 0.6809100709046454 0.2889153282608696 0.6489867775061124 0.3185123543478261
0 0.5769250965770172 0.38704687608695654 0.5683559498777506 0.4124778543478261 0.602698979217604 0.3880572326086956 0.6080063875305624 0.3611516608695652 0.5769250965770172 0.38704687608695654
0 0.5452180305623472 0.4135566652173913 0.533664869193154 0.4434877260869565 0.563519151589242 0.4132988804347826 0.5720189547677261 0.3905355543478261 0.5452180305623472 0.4135566652173913
0 0.8913741638141809 0.0765856 0.917353935207824 0.048961621739130434 0.9154611845965771 0.04287239130434783 0.9069763667481662 0.04015199130434783 0.8813854168704156 0.07335906304347825 0.8913741638141809 0.0765856
0 0.8491804462102689 0.10479767173913045 0.8572428887530563 0.11325094347826087 0.8856824731051344 0.08140155869565217 0.8743660085574573 0.07486717826086957 0.8491804462102689 0.10479767173913045
0 0.8150415366748166 0.13471638260869565 0.8238454584352078 0.15227707826086956 0.8558987701711491 0.11567203695652173 0.8441271613691932 0.10285530652173913 0.8150415366748166 0.13471638260869565
0 0.7809471124694377 0.1671876608695652 0.7878796100244498 0.18304035 0.8205797555012225 0.1504434695652174 0.8138895427872861 0.1375927608695652 0.7809471124694377 0.1671876608695652
0 0.7483381662591687 0.20202846956521742 0.7505002982885085 0.21889244130434782 0.7881419070904645 0.18484772608695654 0.7805261613691932 0.17191041521739128 0.7483381662591687 0.20202846956521742
0 0.7199187334963325 0.22866243913043477 0.7179918533007335 0.24921516086956522 0.750849577017115 0.21905243695652174 0.7481917237163814 0.1989383695652174 0.7199187334963325 0.22866243913043477
0 0.6869284547677261 0.2562418934782609 0.6853622946210268 0.28589355 0.7182893826405867 0.2530632369565217 0.7199791161369192 0.2305542891304348 0.6869284547677261 0.2562418934782609
0 0.6555689193154034 0.2818611804347826 0.6501114168704157 0.31124806521739135 0.6809617665036676 0.2852272260869565 0.6849564388753056 0.26242458695652177 0.6555689193154034 0.2818611804347826
0 0.62435647799511 0.3139663739130435 0.6191564083129585 0.3378957391304348 0.6473878826405868 0.314049497826087 0.6512249119804402 0.2888124934782609 0.62435647799511 0.3139663739130435
0 0.5873800733496333 0.3468037391304348 0.5823356344743277 0.3726539760869565 0.613604651589242 0.3441254782608696 0.6171465880195599 0.328538997826087 0.5873800733496333 0.3468037391304348
0 0.5592666320293398 0.3744221304347826 0.5494602713936431 0.40179627608695656 0.5775870880195598 0.3785768695652174 0.5841136026894865 0.3552469913043478 0.5592666320293398 0.3744221304347826
0 0.8582051173594132 0.059138289130434785 0.8717635415647922 0.07131279347826087 0.8905837420537898 0.05091583913043478 0.877886608801956 0.038012458695652174 0.8582051173594132 0.059138289130434785
0 0.8315326674816625 0.08657363695652173 0.8404945611246943 0.09984133478260869 0.8633130146699267 0.0768894 0.8530960574572127 0.0671469695652174 0.8315326674816625 0.08657363695652173
0 0.8025012481662591 0.11123877173913044 0.810186325183374 0.1304971152173913 0.8322886222493887 0.10620480869565217 0.8264533080684597 0.08935904565217392 0.8025012481662591 0.11123877173913044
0 0.7723793166259169 0.1396239347826087 0.779702881418093 0.15769826956521737 0.8073581552567238 0.1339255239130435 0.7969823630806846 0.11499951739130435 0.7723793166259169 0.1396239347826087
0 0.7479768618581907 0.1647243586956522 0.7494652359413202 0.19243571304347826 0.7804190599022005 0.1590387804347826 0.7754562933985331 0.13921833913043477 0.7479768618581907 0.1647243586956522
0 0.7263674168704156 0.18435356304347825 0.7221580244498778 0.2096192347826087 0.7504777322738387 0.19087495217391304 0.7493027298288508 0.1630043347826087 0.7263674168704156 0.18435356304347825
0 0.6420270929095355 0.26720873260869565 0.6377976454767726 0.29379616521739127 0.6577009132029339 0.27591997391304346 0.6677693215158925 0.2370036195652174 0.6420270929095355 0.26720873260869565
0 0.6178861442542787 0.29074100869565217 0.6077340440097799 0.32523896304347827 0.6315120806845965 0.29766515000000004 0.636327533007335 0.2755760086956522 0.6178861442542787 0.29074100869565217
0 0.5886821907090465 0.32207942826086955 0.5805150317848411 0.3475244782608695 0.602914892420538 0.32708028695652175 0.6080619926650367 0.30413074782608696 0.5886821907090465 0.32207942826086955
0 0.5661992530562346 0.3413079434782609 0.5510264474327629 0.3721445239130434 0.5737061809290953 0.3545280782608696 0.5823976393643032 0.329490597826087 0.5661992530562346 0.3413079434782609
0 0.4626192762836186 0.4803296543478261 0.4300985183374083 0.5391116239130435 0.4614557542787286 0.5156851804347826 0.47576708679706603 0.47500090869565215 0.4626192762836186 0.4803296543478261
0 0.695365151589242 0.33541923260869566 0.6996829547677261 0.31053770869565217 0.6770974144254278 0.3209760478260869 0.6743234119804401 0.3342148369565217 0.695365151589242 0.33541923260869566
0 0.6083846430317849 0.4150214195652174 0.6126776699266504 0.3896382456521739 0.5883706185819071 0.39977815 0.580497520782396 0.4120305913043478 0.6083846430317849 0.4150214195652174
0 0.9194076088019559 0.0885298152173913 0.8841467347188264 0.12872479130434783 0.8969899254278728 0.14807256739130437 0.9309898398533006 0.10915368695652174 0.9194076088019559 0.0885298152173913
0 0.8687671026894865 0.12669031521739132 0.8394081564792175 0.15873717826086958 0.8435710574572127 0.17494646304347827 0.8736795696821517 0.13942316521739131 0.8687671026894865 0.12669031521739132