1 0.9219232462686566 0.7491214756637169 0.9542777699004975 0.7238843495575221 0.9666876343283582 0.5668183694690265 0.8922497972636816 0.6176997522123894 0.9219232462686566 0.7491214756637169
1 0.872950935323383 0.7873207876106194 0.8583227860696516 0.7042597721238938 0.7866405024875622 0.7465654269911504 0.7888769975124378 0.8529000154867257 0.872950935323383 0.7873207876106194
1 0.6002917549751243 1 0.6122863731343283 0.9906439756637168 0.6329207238805971 0.8892393539823009 0.6361061728855721 0.8639849933628319 0.5386523569651741 0.9058459712389381 0.5187227773631841 1 0.6002917549751243 1
1 0.5026331654228856 1 0.5169353669154229 0.9325698960176991 0.46874915174129356 0.8711902411504424 0.41990709577114427 0.906441557522124 0.3970597450248756 1 0.5026331654228856 1
1 0.978667906716418 0.41518954867256636 0.9668487947761195 0.3620809778761062 0.9659709937810945 0.36285777212389375 0.9419716256218905 0.40339872345132743 0.9700228594527363 0.48493116592920354 0.9733442773631841 0.48256827654867257 0.978667906716418 0.41518954867256636
1 0.8846731728855721 0.5515055022123894 0.944239381840796 0.5090661659292035 0.9124394228855722 0.4017671371681416 0.8599489601990049 0.4503006283185841 0.8846731728855721 0.5515055022123894
1 0.780789552238806 0.6164079424778761 0.8414191990049751 0.572652267699115 0.8277710547263681 0.4763487168141593 0.7766609937810945 0.5038818495575221 0.780789552238806 0.6164079424778761
1 0.7340304900497513 0.5200571371681416 0.6960068532338308 0.5544599845132744 0.6943987910447762 0.673358128318584 0.7551929092039802 0.6304157743362832 0.7614950360696519 0.5470200575221239 0.7340304900497513 0.5200571371681416
1 0.6779384987562189 0.6340167057522125 0.6502675845771145 0.5863424845132743 0.6122822649253732 0.6159717367256636 0.5985880348258706 0.6731418141592921 0.6028111641791044 0.7391057411504426 0.6581410310945274 0.701370738938053 0.6779384987562189 0.6340167057522125
1 0.48613956716417916 0.7020317190265486 0.45689047139303485 0.711564168141593 0.4266736144278607 0.7835197234513275 0.4247620447761194 0.8590125376106195 0.490332973880597 0.8296870685840708 0.5177265547263681 0.7444344491150443 0.48613956716417916 0.7020317190265486
1 0.4082779141791045 0.8690242831858407 0.43807606716417913 0.7679843694690266 0.4159115634328358 0.7425797477876106 0.38539708582089555 0.7587917212389381 0.3661845037313433 0.8183686902654868 0.35731534079601995 0.8898012168141594 0.4082779141791045 0.8690242831858407
1 0.36897614303482584 0.7982729115044248 0.35428875746268657 0.7693773053097345 0.34193507960199004 0.7695188030973451 0.31776098756218907 0.7907486946902654 0.30170035820895524 0.8175181769911505 0.28571142786069653 0.8940783738938053 0.2966087126865672 0.9306776283185841 0.34486229477611946 0.900159889380531 0.34946946890547265 0.8775770132743362 0.35857775995024876 0.8752196747787611 0.36897614303482584 0.7982729115044248
1 0.18947758208955226 1 0.20596445522388063 0.9871399336283186 0.21643453606965174 0.9599838827433628 0.23925829228855722 0.9326863318584071 0.2417926616915423 0.9069729800884956 0.23404615920398011 0.8845316039823009 0.2004082674129353 0.8941542389380531 0.16955419527363183 0.9348365309734513 0.15348211318407962 0.9924723915929203 0.1539138805970149 1 0.18947758208955226 1
1 0.9565339104477613 0.3280987146017699 0.9307371256218905 0.3482206858407079 0.9217119838308457 0.3695023584070796 0.9391000410447761 0.41053328982300885 0.9411842985074627 0.3827973849557522 0.9672905348258707 0.3640659203539823 0.9596667674129353 0.3298089159292036 0.9565339104477613 0.3280987146017699
1 0.7969797213930349 0.43356474336283185 0.7795687587064677 0.4542665663716814 0.7837029141791044 0.4913938871681416 0.7938891840796021 0.5000639557522124 0.8173408072139304 0.48177125442477875 0.8155403594527363 0.47368103761061947 0.8228482039800996 0.46323348451327434 0.8114062039800995 0.43655371681415933 0.7969797213930349 0.43356474336283185
1 0.6659229888059701 0.5310441261061947 0.6448165286069653 0.5475075575221239 0.6363246492537313 0.5897361194690265 0.661659869402985 0.598457971238938 0.6703065957711443 0.6249444557522124 0.6843775708955223 0.6139688384955753 0.6918746218905473 0.579637203539823 0.682422276119403 0.5371635707964602 0.6659229888059701 0.5310441261061947
1 0.5456689378109453 0.6770648008849558 0.5450410721393035 0.6680599513274337 0.5314431169154229 0.6193253738938053 0.5240521206467661 0.6108485884955752 0.5118761990049752 0.6179723871681415 0.4852623395522388 0.6529735862831859 0.4800158457711443 0.6974179867256637 0.4984933345771144 0.7186099469026548 0.5169822748756219 0.7089355287610619 0.5267184328358209 0.7155830398230089 0.5314087562189055 0.7119245022123893 0.5324981865671642 0.6920855309734513 0.5456689378109453 0.6770648008849558
1 0.48553469651741293 0.6480138451327434 0.4627223930348258 0.6444450176991151 0.41969239676616915 0.692251110619469 0.41129512313432837 0.7225376327433629 0.41534612810945276 0.7407406194690265 0.43644113557213926 0.755143564159292 0.4520516529850746 0.7263515265486725 0.47784843781094527 0.7062295530973451 0.4848007736318408 0.681817407079646 0.48553469651741293 0.6480138451327434
1 0.32030680970149256 0.7341689690265487 0.28638510572139303 0.7796177190265486 0.28619589925373135 0.8035018008849558 0.27779862313432835 0.8337883252212389 0.30242282835820894 0.8145809889380531 0.32506883084577115 0.780301139380531 0.356006053482587 0.7585431836283185 0.3448364104477612 0.7269036725663717 0.32030680970149256 0.7341689690265487
1 0.08899970149253732 1 0.1420515671641791 0.9349262477876106 0.13674482960199005 0.8987135619469027 0.11690555348258706 0.9023203163716814 0.08172811815920397 0.9297593672566372 0.07901599378109453 0.9484904203539823 0.06981309950248756 0.9627897986725664 0.06403334328358208 0.9862873075221239 0.07129829228855722 1 0.08899970149253732 1
1 0.2647224763681592 0.8368670132743363 0.2830451169154229 0.7893439225663716 0.2782716417910448 0.7740781261061946 0.23479153482587065 0.8198616637168141 0.22160933208955225 0.865748767699115 0.22358753233830844 0.880821278761062 0.23909199129353234 0.8948376570796459 0.2538854353233831 0.8809248473451327 0.2690343868159204 0.8809766327433628 0.27192426492537314 0.8692278761061948 0.2647224763681592 0.8368670132743363
1 0.39420232960199003 0.6148142079646018 0.38257112189054726 0.6120185199115044 0.36218712935323377 0.6255447610619469 0.34667121766169157 0.6423947610619469 0.3413415733830846 0.6679148252212389 0.3310607014925373 0.6711867986725664 0.33393912437810946 0.6903044181415929 0.3529498743781095 0.7324432654867256 0.38081946517412935 0.7154517676991151 0.4063553457711443 0.6694231637168142 0.39420232960199003 0.6148142079646018
1 0.569450184079602 0.49948047787610617 0.5587192002487562 0.5007298960176991 0.5450983383084578 0.5137280707964601 0.5412136330845772 0.5333737588495575 0.5553448519900497 0.6030552256637168 0.5893497052238805 0.5765308097345133 0.6046047139303483 0.5337741792035399 0.5930795634328357 0.48817007300884957 0.5802757723880597 0.48628901769911503 0.569450184079602 0.49948047787610617
1 0.6628897164179105 0.4432114557522124 0.6569322064676617 0.45972667035398235 0.6646672574626865 0.513034424778761 0.6986721106965175 0.48651000884955753 0.7049019788557214 0.4650350508849557 0.697250078358209 0.4306516349557522 0.680478434079602 0.42949193141592923 0.6628897164179105 0.4432114557522124
1 0.7777080671641791 0.36551926106194693 0.7758015634328358 0.4002374623893805 0.7807527935323383 0.42248555530973453 0.81755292039801 0.3961544225663717 0.810445736318408 0.3518515221238938 0.8026046305970149 0.3413521836283186 0.7927738681592039 0.3466467079646018 0.7777080671641791 0.36551926106194693
1 0.8283068121890547 0.3331722522123894 0.8285677164179105 0.35907888716814157 0.8360418606965173 0.38648000442477876 0.8716694079601991 0.3610635088495575 0.8635673967661691 0.32465753761061944 0.8520307922885572 0.3099198075221239 0.8445451940298507 0.313385064159292 0.8283068121890547 0.3331722522123894
1 0.8777329751243781 0.3017398761061947 0.8929536231343284 0.3515823738938053 0.9300261082089553 0.3202914977876106 0.9210238731343283 0.2798404203539823 0.905969526119403 0.26784659513274334 0.881795434079602 0.2890764867256637 0.8777329751243781 0.3017398761061947
1 0.6226549950248756 0.4912108296460177 0.6556650223880597 0.47258334734513274 0.6604499514925373 0.4569827654867257 0.6500973805970149 0.4104640265486726 0.6316084390547263 0.4201384446902655 0.6110352412935324 0.45754876548672563 0.6226549950248756 0.4912108296460177
1 0.5290491629353233 0.5096311792035398 0.5098606592039802 0.46051003318584066 0.488754197761194 0.4769734646017699 0.47007605099502486 0.5105319601769912 0.47005314427860695 0.57226471460177 0.4761769539800995 0.5935981703539823 0.5118045 0.568181674778761 0.5294878221393035 0.5425201084070796 0.5326500572139303 0.525811610619469 0.5290491629353233 0.5096311792035398
0 0.7601038855721393 0.8753435796460177 0.7658580248756219 0.7691461526548673 0.6581544552238805 0.8504461836283186 0.6445020621890547 0.9655151438053098 0.7601038855721393 0.8753435796460177
0 0.5023385559701493 0.8215422809734513 0.5828868855721393 0.7745157190265486 0.5968334502487562 0.6773566526548673 0.5387597873134329 0.71316771460177 0.5023385559701493 0.8215422809734513
0 0.22260234950248756 1 0.2757140111940299 0.9666432654867256 0.2881117524875622 0.8869923407079646 0.262093921641791 0.8937332876106194 0.21206355970149252 1 0.22260234950248756 1
0 0.8935009664179104 0.3787760862831859 0.8370225124378109 0.41928036725663714 0.845854381840796 0.45896591814159293 0.9016730746268656 0.4085263407079646 0.8935009664179104 0.3787760862831859
0 0.7580320199004976 0.5274689867256638 0.7604147002487562 0.48905942920353984 0.7179848768656717 0.5026445353982301 0.712000105721393 0.5409499601769912 0.7580320199004976 0.5274689867256638
0 0.5981558718905473 0.6633877013274336 0.6084743445273632 0.598944267699115 0.573590395522388 0.6204498451327434 0.5589691243781094 0.6896416305309734 0.5981558718905473 0.6633877013274336
0 0.37754658457711443 0.7759551504424779 0.40447283582089555 0.7278591438053097 0.37569944527363186 0.7316838628318585 0.35663273134328355 0.7741559646017699 0.37754658457711443 0.7759551504424779
0 0.1853207910447761 0.8168030022123893 0.1550847300995025 0.8554679004424779 0.19475671393034824 0.8426353318584071 0.232844289800995 0.784464064159292 0.1853207910447761 0.8168030022123893
0 0.23169400870646767 0.7905363075221239 0.20167707462686568 0.8355123672566371 0.2314847487562189 0.8165742876106196 0.26383170895522384 0.7663307831858407 0.23169400870646767 0.7905363075221239
0 0.2750249490049751 0.7533056880530973 0.2580213631840796 0.7829378606194691 0.2851369664179105 0.7721370597345132 0.3107914987562189 0.7322887146017699 0.2750249490049751 0.7533056880530973
0 0.41056636691542286 0.6540544579646017 0.3841026144278607 0.7087418783185842 0.4256837039800995 0.6797578362831859 0.44753622885572136 0.638562668141593 0.41056636691542286 0.6540544579646017
0 0.48178928358208956 0.6463443207964601 0.5019072935323383 0.5979118849557522 0.4555774328358209 0.6184905221238939 0.4405112201492537 0.658704703539823 0.48178928358208956 0.6463443207964601
0 0.5329184228855721 0.5995627522123894 0.5436422201492538 0.5718314579646018 0.5032262512437811 0.5830485840707964 0.4929139092039801 0.6221420951327434 0.5329184228855721 0.5995627522123894
0 0.6422088768656715 0.5390963849557523 0.6536319825870647 0.4953013407079646 0.6146188134328359 0.5140426438053097 0.5992201243781095 0.5640034911504425 0.6422088768656715 0.5390963849557523
0 0.7676715385572138 0.4561255796460177 0.7648714626865671 0.4079 0.7136549378109452 0.44047260398230087 0.7049432636815921 0.4912549402654867 0.7676715385572138 0.4561255796460177
0 0.9487735211442786 0.28086066592920356 0.9283119800995026 0.2989108849557522 0.9431177786069652 0.3227242367256637 0.9555917562189056 0.3114980597345133 0.9487735211442786 0.28086066592920356
0 0.90142984079602 0.2573620818584071 0.934761512437811 0.2335200663716814 0.9241868768656716 0.21514355973451327 0.8873535584577115 0.2448729292035398 0.90142984079602 0.2573620818584071
0 0.8550078619402985 0.29606877433628315 0.8944099937810945 0.2637457123893805 0.8834246592039801 0.24544085619469028 0.8466860186567163 0.27559566371681415 0.8550078619402985 0.29606877433628315
0 0.807971539800995 0.30493423451327434 0.8157436094527363 0.32919230530973453 0.8566781268656717 0.29576451769911505 0.8465913470149253 0.27517025884955754 0.807971539800995 0.30493423451327434
0 0.7724138594527363 0.33391917256637166 0.7747749266169154 0.3546571615044248 0.8132210995024876 0.32566713274336284 0.8084494315920397 0.3029242256637168 0.7724138594527363 0.33391917256637166
0 0.7359085733830846 0.35864610398230085 0.7296678184079601 0.38235148008849557 0.7721748308457712 0.35468796460176993 0.7749768557213931 0.32953278318584067 0.7359085733830846 0.35864610398230085
0 0.6944661044776119 0.3872241327433628 0.6864001654228855 0.4131050353982301 0.7271794514925374 0.3867891415929203 0.7322975186567164 0.36032677212389386 0.6944661044776119 0.3872241327433628
0 0.6589582126865672 0.4099237898230088 0.6562371940298507 0.42464860840707963 0.689591762437811 0.4066208539823009 0.6934353681592039 0.3861459623893805 0.6589582126865672 0.4099237898230088
0 0.5810043868159204 0.465355453539823 0.5704594378109452 0.48955952876106196 0.6070024179104477 0.47154140265486727 0.6143566368159205 0.445181935840708 0.5810043868159204 0.465355453539823
0 0.546973763681592 0.4860301327433628 0.5330781666666667 0.5142235685840708 0.5655060037313433 0.48942866150442477 0.5757839651741293 0.46792949115044247 0.546973763681592 0.4860301327433628
0 0.9285396990049751 0.18994102876106195 0.9121394726368159 0.20656469690265486 0.9220059004975124 0.21185138716814159 0.9316720037313433 0.20401588053097344 0.9285396990049751 0.18994102876106195
0 0.8772414888059701 0.23216305309734514 0.8847736206467661 0.24239128318584072 0.9158928917910447 0.2156209867256637 0.904927434079602 0.2066974424778761 0.8772414888059701 0.23216305309734514
0 0.840499302238806 0.2558254823008849 0.8481094912935324 0.275484028761062 0.8832352773631841 0.2445898783185841 0.8722729626865672 0.22917251769911504 0.840499302238806 0.2558254823008849
0 0.8036137686567164 0.2820983030973451 0.8094568743781094 0.2996417146017699 0.8449412388059702 0.27296194911504423 0.8391217164179104 0.25852652654867253 0.8036137686567164 0.2820983030973451
0 0.7680560870646767 0.31108324336283183 0.7689989228855721 0.3287029800884956 0.8095888495024876 0.301536203539823 0.8028394589552239 0.2868273584070796 0.7680560870646767 0.31108324336283183
0 0.7373420348258707 0.3325421969026549 0.7338762848258706 0.3531033473451327 0.7693404427860696 0.32893591592920357 0.7681359564676618 0.3079046238938053 0.7373420348258707 0.3325421969026549
0 0.7019344004975125 0.3540503252212389 0.6981621604477611 0.3839569668141593 0.7338933208955225 0.3570846969026549 0.7372635211442786 0.33448238274336284 0.7019344004975125 0.3540503252212389
0 0.6683210422885572 0.37388695796460175 0.6606319004975124 0.4027452654867257 0.6937598009950249 0.38239751769911506 0.6994833221393035 0.359957 0.6683210422885572 0.37388695796460175
0 0.6343779042288556 0.4003632345132743 0.6273518781094528 0.42371092477876104 0.657670092039801 0.40505553097345137 0.6634137699004975 0.380102453539823 0.6343779042288556 0.4003632345132743
0 0.5945499776119403 0.4264325995575221 0.5875396480099502 0.451769110619469 0.6212761007462687 0.42894939823008854 0.6260091791044776 0.4137727743362832 0.5945499776119403 0.4264325995575221
0 0.5640728258706468 0.4489560530973451 0.5521329427860697 0.47489302876106193 0.5822990335820896 0.456855546460177 0.5906226430348259 0.43438419690265484 0.5640728258706468 0.4489560530973451
0 0.8897398495024875 0.18743400221238937 0.9025570758706468 0.20255429203539824 0.9231004328358209 0.1855315110619469 0.9112082611940299 0.16984067920353985 0.8897398495024875 0.18743400221238937
0 0.860733895522388 0.21005918584070798 0.8688206567164178 0.2253740575221239 0.8935971293532339 0.20654719911504427 0.8839806368159203 0.19457407743362834 0.860733895522388 0.21005918584070798
0 0.8295460398009951 0.2293891349557522 0.8358991529850746 0.2505540331858407 0.8600500708955224 0.2302178407079646 0.8553901405472636 0.21188182079646017 0.8295460398009951 0.2293891349557522
0 0.7969805422885572 0.25229224557522123 0.8030553184079602 0.27217811725663715 0.8327852313432836 0.2534823561946903 0.8236856990049751 0.23211787168141593 0.7969805422885572 0.25229224557522123
0 0.7704431791044777 0.27299188053097345 0.7699040460199005 0.30153211061946905 0.8036808830845772 0.27368759955752214 0.8001231069651742 0.2524944446902655 0.7704431791044777 0.27299188053097345
0 0.7471349029850747 0.28867419026548674 0.7410124315920398 0.3135819889380531 0.7710434415422887 0.3001439933628319 0.7719113308457711 0.271504139380531 0.7471349029850747 0.28867419026548674
0 0.655703447761194 0.35624455309734515 0.64946315920398 0.38249543362831856 0.6709161330845771 0.36825840265486726 0.6839727748756219 0.3306104225663717 0.655703447761194 0.35624455309734515
0 0.6295463320895522 0.3753983008849558 0.616731052238806 0.4085264513274336 0.6428192661691542 0.3851811039823009 0.6493204328358209 0.36363196460176994 0.6295463320895522 0.3753983008849558
0 0.5976915373134328 0.40149491814159294 0.5875521940298507 0.4257937566371681 0.6117201815920398 0.4094389668141593 0.6186203271144278 0.38707928539823006 0.5976915373134328 0.40149491814159294
0 0.573529211442786 0.4165941128318584 0.5559052027363184 0.4449862942477876 0.5801476542288557 0.4315694336283186 0.5907872985074627 0.40779086725663716 0.573529211442786 0.4165941128318584
0 0.4584907288557214 0.5375584911504425 0.42125569402985075 0.5909610951327434 0.4547049191542289 0.5733588738938052 0.47218410945273637 0.5347579159292035 0.4584907288557214 0.5375584911504425
0 0.7046265572139304 0.4364329933628318 0.7108303495024876 0.4119383915929204 0.68721284079602 0.4180584137168141 0.683429828358209 0.43099598008849554 0.7046265572139304 0.4364329933628318
0 0.6107643482587064 0.5001598384955752 0.6169800945273631 0.47514901769911505 0.5916431430348259 0.4806204845132743 0.582774722636816 0.4915326924778761 0.6107643482587064 0.5001598384955752
0 0.9393518818407961 0.23852501769911505 0.9108474813432835 0.2635439867256637 0.9224118855721393 0.2858319424778761 0.9453735559701493 0.26558309955752213 0.9393518818407961 0.23852501769911505
0 0.8954397313432836 0.2583937256637168 0.8633758731343284 0.28518135619469026 0.866390972636816 0.3025341216814159 0.8994696019900497 0.27235338495575223 0.8954397313432836 0.2583937256637168