1 0.09947093413978496 0.5327869114832535 0.021310397849462367 0.4646674019138756 0.029859850806451614 0.6510859114832536 0.06593191666666666 0.6859105526315789 0.09947093413978496 0.5327869114832535
1 0.2142874247311828 0.8291357153110048 0.21490317204301074 0.6932452511961723 0.13735292069892474 0.6327250598086125 0.11993860349462365 0.7380496100478469 0.2142874247311828 0.8291357153110048
1 0.5017153642473118 1 0.4834205470430108 0.9164637272727273 0.3782661639784946 0.8509589138755981 0.3821260954301075 0.8786939186602871 0.40777964381720433 1 0.5017153642473118 1
1 0.625014934139785 1 0.6106565120967742 0.9422645047846889 0.5577024744623655 0.8941429665071771 0.5071614556451614 0.9497002751196172 0.5181973696236559 1 0.625014934139785 1
1 0.02504658064516129 0.26075843062200954 0.014255387096774192 0.31083482775119614 0.016766375 0.3655862440191388 0.04240517069892473 0.2926275502392344 0.02504658064516129 0.26075843062200954
1 0.1311156129032258 0.36026378229665074 0.07401752956989248 0.2971373038277512 0.041845744623655916 0.40536944258373203 0.10641702419354838 0.4634654306220096 0.1311156129032258 0.36026378229665074
1 0.22129994086021504 0.43532500956937803 0.16605254032258066 0.3949928851674641 0.15313425806451614 0.49528983732057413 0.2188682204301075 0.5550216220095694 0.22129994086021504 0.43532500956937803
1 0.2465407741935484 0.5754550167464115 0.3124365564516129 0.6343501842105262 0.3086091935483871 0.5066103205741627 0.267261188172043 0.46169037799043067 0.23831250403225807 0.48476123684210526 0.2465407741935484 0.5754550167464115
1 0.3581792311827957 0.5504646889952154 0.32937602553763445 0.595683937799043 0.35177947043010754 0.6720488062200957 0.41172860215053764 0.7242064066985646 0.41508578494623655 0.6544210980861245 0.39940169220430105 0.5902616148325359 0.3581792311827957 0.5504646889952154
1 0.5675827083333334 0.7256168636363636 0.5360760739247312 0.7092048636363636 0.5029838252688172 0.7479458851674642 0.5338426572580646 0.8450986985645933 0.6046153696236559 0.8904156267942585 0.6012310860215053 0.8091201674641147 0.5675827083333334 0.7256168636363636
1 0.5887393588709677 0.7900578397129187 0.6224539153225807 0.9046362488038278 0.6774237123655914 0.9376978684210527 0.6666568266129033 0.8592786507177034 0.645017689516129 0.7913708325358851 0.6120370806451613 0.7675335933014354 0.5887393588709677 0.7900578397129187
1 0.7180496317204301 0.8399450287081339 0.6917733897849462 0.8120746555023923 0.6785349731182796 0.8093052440191388 0.6633101344086022 0.837154509569378 0.6758130483870968 0.9218062631578947 0.6856135309139785 0.9262622296650718 0.6909494354838709 0.9514360119617224 0.7372120040322581 0.9815858899521531 0.7542169059139785 0.957453995215311 0.7357310362903225 0.8720317870813397 0.7180496317204301 0.8399450287081339
1 0.8620466559139784 1 0.845613313172043 0.9756113732057415 0.8094028615591399 0.9581727344497608 0.8015003494623657 0.9805771052631579 0.8036926747311829 1 0.8620466559139784 1
1 0.045608108870967744 0.30088072248803827 0.0635116935483871 0.26060076794258374 0.05346534677419355 0.2358850358851675 0.03437770430107527 0.21745747129186602 0.02616009139784946 0.2555912033492823 0.0428840873655914 0.2707200980861244 0.045608108870967744 0.30088072248803827
1 0.18288172177419354 0.35582040430622014 0.1710948185483871 0.38198311244019134 0.1791094690860215 0.3947262081339713 0.17732363844086022 0.40301333492822966 0.20277382795698926 0.4275834186602871 0.21353409005376342 0.42045197368421056 0.21730634274193547 0.38154616985645934 0.19828556451612903 0.3556747583732057 0.18288172177419354 0.35582040430622014
1 0.3228577701612903 0.49095587799043067 0.3134821559139785 0.5344632918660287 0.3221222674731183 0.5728382224880383 0.3373923817204301 0.5875802727272728 0.346187810483871 0.5610323373205741 0.37317796370967743 0.557055528708134 0.36333220698924734 0.5100082488038278 0.34042703629032256 0.4878951698564593 0.3228577701612903 0.49095587799043067
1 0.523133495967742 0.7243505837320574 0.5425554569892473 0.7055588995215312 0.5361476357526882 0.6568250645933015 0.5070136438172043 0.6136817679425838 0.49384209005376345 0.6034685071770335 0.4860733064516129 0.6109851794258373 0.4723668440860215 0.6603227129186604 0.4718535215053763 0.6698383444976077 0.4862307204301075 0.6887239593301435 0.4877490954301075 0.7102122296650718 0.49283913440860216 0.7151262488038278 0.503152938172043 0.7100665837320574 0.523133495967742 0.7243505837320574
1 0.560146313172043 0.652463028708134 0.5357680416666667 0.6514529976076554 0.537152689516129 0.6878289665071771 0.5450336129032258 0.7154597607655503 0.5730288225806451 0.7424868540669857 0.5902637688172043 0.7766453923444976 0.6126103454301075 0.7656827870813397 0.6166284650537635 0.7470367535885167 0.607095438172043 0.7128053875598086 0.560146313172043 0.652463028708134
1 0.6879105860215053 0.7657978277511962 0.6765032768817204 0.797332605263158 0.7100349811827957 0.827201933014354 0.7349049865591398 0.8687315023923445 0.7616276854838709 0.8945300909090909 0.7520946586021506 0.8602987248803828 0.7514691975806451 0.8346668899521531 0.7143205564516129 0.7787805000000001 0.6879105860215053 0.7657978277511962
1 0.8074596169354838 0.888721081339713 0.7600640349462366 0.830450504784689 0.7552198629032258 0.8457962535885168 0.7756921545698925 0.9005997870813397 0.7685488293010753 0.9337482942583731 0.7718530376344086 0.9469494401913875 0.788082930107527 0.9501040789473685 0.8041790954301076 0.9681464138755981 0.8205427163978495 0.9564133540669856 0.8223954126344085 0.9406823779904306 0.8074596169354838 0.888721081339713
1 0.6844489650537634 0.6748579019138755 0.6675267473118279 0.6535152775119617 0.645447629032258 0.6347024880382774 0.6330352634408601 0.6352333612440191 0.6209809045698925 0.691171471291866 0.6491551155913978 0.7459021794258373 0.67931575 0.7700142153110048 0.6989383024193548 0.7288909832535885 0.7016839126344085 0.7090164425837321 0.6906109206989247 0.7033319736842105 0.6844489650537634 0.6748579019138755
1 0.45475020430107527 0.47813045933014353 0.4432307540322581 0.47451777033492826 0.43139857392473113 0.45808916507177033 0.4177137002688172 0.45739153588516746 0.4061726626344086 0.5038140095693779 0.4232738817204301 0.5528602511961722 0.46017665860215057 0.5884868755980861 0.4740837123655914 0.5168177918660287 0.46957386021505376 0.4949442942583732 0.45475020430107527 0.47813045933014353
1 0.29749603225806454 0.40890677751196175 0.30455090322580647 0.43323728468899525 0.34145367876344085 0.46886390669856465 0.3487975954301075 0.4133838516746412 0.3421223172043011 0.3944254138755981 0.3230346747311828 0.3759978492822967 0.30508581451612904 0.37368648803827753 0.29749603225806454 0.40890677751196175
1 0.18241157795698926 0.26526570574162683 0.17558098521505375 0.3112301315789474 0.2154752379032258 0.34724198564593306 0.22038627284946236 0.3244523851674641 0.21772911559139785 0.2868479114832536 0.20125335483870968 0.263433504784689 0.19062682123655914 0.25567725358851673 0.18241157795698926 0.26526570574162683
1 0.12501492338709677 0.2248707129186603 0.11697868279569892 0.26216278468899523 0.1556004260752688 0.29694613157894734 0.1631233440860215 0.2691696913875598 0.16294434139784947 0.2414660741626794 0.14519607258064518 0.21682316507177032 0.13711455779569892 0.2115239234449761 0.12501492338709677 0.2248707129186603
1 0.09400664919354838 0.24749355741626797 0.10943207930107528 0.19731274401913876 0.10485536155913978 0.1828830956937799 0.07857911962365592 0.15501272488038279 0.06266195698924731 0.16467400478468902 0.05373280241935484 0.20610963875598087 0.09400664919354838 0.24749355741626797
1 0.3503828346774193 0.42742827272727274 0.38607996505376346 0.454382543062201 0.39793373387096775 0.42077598564593305 0.3752291532258064 0.3763313588516747 0.35524859543010756 0.3620473588516746 0.34498006586021507 0.40969833971291864 0.3503828346774193 0.42742827272727274
1 0.5063860873655913 0.4453882894736842 0.48669666801075273 0.49395536842105264 0.4831250067204301 0.5105296220095694 0.4868088077956989 0.5291028349282296 0.5062091801075268 0.5603463157894737 0.5448309247311829 0.5951296626794258 0.5510144690860215 0.573568566985646 0.5498972755376345 0.5074172009569378 0.529291258064516 0.46750136363636363 0.5063860873655913 0.4453882894736842
0 0.37447697177419353 0.9837856722488039 0.3544036774193548 0.8317799880382775 0.23756949731182797 0.7218443444976076 0.24730393413978494 0.8610104641148325 0.37447697177419353 0.9837856722488039
0 0.4798950981182795 0.7099866172248804 0.4170402755376344 0.6593090933014354 0.4337025147849462 0.7663701602870814 0.5208355403225806 0.8338275454545455 0.4798950981182795 0.7099866172248804
0 0.7964148440860215 1 0.7795149435483871 0.9620888827751195 0.7515197432795698 0.9493526866028709 0.7599786733870968 1 0.7964148440860215 1
0 0.08567238978494623 0.3066612105263158 0.14637012634408603 0.37253532057416266 0.15513029838709677 0.33188384688995215 0.09390153763440862 0.2765155765550239 0.08567238978494623 0.3066612105263158
0 0.2912346639784946 0.4887453181818182 0.28414449731182795 0.4464329401913876 0.23844410618279568 0.42288547129186604 0.24167678225806452 0.46454613397129185 0.2912346639784946 0.4887453181818182
0 0.4578261115591398 0.6804960263157894 0.4409359932795699 0.6032588660287082 0.40318017204301076 0.5728236339712919 0.41537616532258065 0.6440611626794258 0.4578261115591398 0.6804960263157894
0 0.676108184139785 0.813928870813397 0.6549280833333334 0.7643797894736842 0.6240321518817205 0.7541844114832535 0.6537326196236559 0.811424966507177 0.676108184139785 0.813928870813397
0 0.8384314153225806 0.8994007990430622 0.8748884919354839 0.9299287990430622 0.8783165779569893 0.9292368971291866 0.8557258010752687 0.8914215382775119 0.8091587365591397 0.8545802703349283 0.8384314153225806 0.8994007990430622
0 0.7724113575268817 0.8250756267942584 0.8077508467741935 0.8735997344497608 0.8329769852150537 0.8963228779904306 0.8072725954301075 0.8578219043062201 0.7724113575268817 0.8250756267942584
0 0.7244821196236558 0.7787821459330143 0.7526740672043011 0.826915866028708 0.7819172970430108 0.8442348110047847 0.7631749247311828 0.8088808684210527 0.7244821196236558 0.7787821459330143
0 0.5763128776881721 0.6493781124401914 0.6004551370967742 0.6981492918660288 0.6455187379032258 0.7380168325358852 0.6161971317204301 0.6738116004784689 0.5763128776881721 0.6493781124401914
0 0.5841960833333333 0.6724488923444977 0.5673421411290323 0.6261668875598085 0.5173394099462366 0.5942994330143541 0.5397513830645161 0.6504577775119617 0.5841960833333333 0.6724488923444977
0 0.5274039206989247 0.6221677846889951 0.515663184139785 0.578093947368421 0.47216237768817204 0.557510509569378 0.4841428494623656 0.5894969473684211 0.5274039206989247 0.6221677846889951
0 0.41247684005376345 0.5373456722488038 0.3950941666666667 0.4805496818181818 0.35296316397849464 0.45220136602870814 0.3659772083333333 0.5015482679425838 0.41247684005376345 0.5373456722488038
0 0.2979158817204301 0.43699258612440195 0.2876832338709677 0.38073337799043067 0.23223256720430105 0.3349789090909091 0.23008610349462366 0.38605916746411484 0.2979158817204301 0.43699258612440195
0 0.05545477553763441 0.11964958133971292 0.08325743279569893 0.14474056698564594 0.09811791532258064 0.1343412894736842 0.06035860080645161 0.09689344258373205 0.05545477553763441 0.11964958133971292
0 0.1422335 0.17587825358851675 0.10233744892473118 0.1357823708133971 0.09089158870967741 0.15306814593301435 0.13367972177419354 0.1960517129186603 0.1422335 0.17587825358851675
0 0.14232740322580645 0.1754424928229665 0.13188479032258063 0.1953717679425837 0.1763342983870968 0.23986376555023922 0.18423204838709678 0.21551822727272726 0.14232740322580645 0.1754424928229665
0 0.18368445161290325 0.21326323684210524 0.17897455779569893 0.23662107894736842 0.22067946774193548 0.27583073444976075 0.22284209543010755 0.25411034688995215 0.18368445161290325 0.21326323684210524
0 0.22001842473118277 0.24886722727272725 0.22346579569892475 0.27641471291866027 0.2694980712365591 0.31506352392344494 0.2623920564516129 0.2883408205741627 0.22001842473118277 0.24886722727272725
0 0.26629074059139785 0.29090685167464114 0.27224268951612907 0.3203457607655502 0.316400001344086 0.35718448803827746 0.30729995161290324 0.32774394736842105 0.26629074059139785 0.29090685167464114
0 0.3083852137096774 0.32680710765550236 0.3128657083333333 0.3495603875598086 0.34892137231182796 0.3759450598086125 0.34574540860215053 0.35959085167464117 0.3083852137096774 0.32680710765550236
0 0.39415625268817206 0.40682113875598086 0.4025022258064516 0.43662364114832536 0.44197382795698925 0.4636736339712919 0.4302474086021505 0.43550449760765547 0.39415625268817206 0.40682113875598086
0 0.4358862056451613 0.4393688014354067 0.4472786948924731 0.4645830598086124 0.48246122043010753 0.4980223444976076 0.46707425672043007 0.4648686004784689 0.4358862056451613 0.4393688014354067
0 0.07861331048387098 0.08971235885167464 0.06702270430107526 0.0969502942583732 0.10083817338709677 0.1322289090909091 0.10872717607526881 0.12286547368421052 0.07861331048387098 0.08971235885167464
0 0.11399759543010753 0.12071397129186603 0.1025252930107527 0.13491068181818183 0.14070639650537634 0.1754569976076555 0.14851211424731184 0.15600553588516747 0.11399759543010753 0.12071397129186603
0 0.15003588575268817 0.1591916124401914 0.14405626747311828 0.17342595933014354 0.1825469623655914 0.20953255502392346 0.18849684005376344 0.1919730023923445 0.15003588575268817 0.1591916124401914
0 0.1894101491935484 0.19720425837320577 0.18243909408602152 0.21153453110047848 0.22640858467741937 0.24924484449760764 0.22710688844086022 0.23056512440191387 0.1894101491935484 0.19720425837320577
0 0.22696505376344087 0.22714231818181818 0.22604679704301076 0.24942206698564595 0.264471375 0.2828324186602871 0.2603941935483871 0.2600667822966507 0.22696505376344087 0.22714231818181818
0 0.2605126559139785 0.26216232535885164 0.2645235913978495 0.2870948181818182 0.3032821129032258 0.323459976076555 0.2987111424731183 0.29061571770334926 0.2605126559139785 0.26216232535885164
0 0.301441810483871 0.2974641052631579 0.30797126612903225 0.3227219066985646 0.3438251357526882 0.35154441626794264 0.3350760913978495 0.3189934401913876 0.301441810483871 0.2974641052631579
0 0.34044382930107525 0.3266932009569378 0.3470393521505376 0.35464747846889955 0.37985292876344084 0.38106124880382775 0.3719118938172043 0.3545554043062201 0.34044382930107525 0.3266932009569378
0 0.3811156155913979 0.37069706459330143 0.3864553252688172 0.3879617416267942 0.42300496102150537 0.4195619090909091 0.4150455416666667 0.39092837559808613 0.3811156155913979 0.37069706459330143
0 0.4193940860215054 0.4002807129186603 0.42870986021505375 0.42612252392344496 0.4613495134408602 0.45184196650717706 0.44809786962365594 0.42152044258373206 0.4193940860215054 0.4002807129186603
0 0.0712315873655914 0.04888948086124402 0.07052976075268817 0.049694294258373205 0.0660369879032258 0.07054295933014354 0.08107961559139786 0.08577527272727273 0.09454455510752688 0.07228993540669856 0.0712315873655914 0.04888948086124402
0 0.10084143951612903 0.08116091148325359 0.09075010752688172 0.09195231339712918 0.11762921505376345 0.11737548564593302 0.12602242204301076 0.10267925119617226 0.10084143951612903 0.08116091148325359
0 0.13178006048387098 0.10576456459330143 0.12711188440860216 0.12442411483253588 0.15334747849462366 0.15133198086124403 0.15977968413978494 0.13000008612440192 0.13178006048387098 0.10576456459330143
0 0.16610684005376344 0.13416575119617224 0.15673561021505378 0.1551295263157895 0.1889195873655914 0.18146188516746412 0.19507621639784947 0.1614414832535885 0.16610684005376344 0.13416575119617224
0 0.19171280645161293 0.16099222009569378 0.188276063172043 0.18294672966507178 0.22495790456989248 0.219939514354067 0.22387511559139786 0.18924447607655503 0.19171280645161293 0.16099222009569378
0 0.2222757862903226 0.18733925598086126 0.22371257123655913 0.21821070813397128 0.2561260860215054 0.23897318899521533 0.24912552016129033 0.21098715789473685 0.2222757862903226 0.18733925598086126
0 0.31754061290322577 0.26930605741626795 0.33219604973118283 0.312412543062201 0.3554330752688172 0.33221346411483255 0.3482825053763441 0.3027633588516746 0.31754061290322577 0.26930605741626795
0 0.35525211559139785 0.31203154306220093 0.3625989758064516 0.33649902392344494 0.39096347849462365 0.36704171291866033 0.3766466397849462 0.32882935885167464 0.35525211559139785 0.31203154306220093
0 0.38855967204301073 0.3436607775119617 0.3963483494623656 0.3690812966507177 0.4225317620967742 0.39172671531100484 0.41123823790322583 0.363541990430622 0.38855967204301073 0.3436607775119617
0 0.41874697849462367 0.3717511244019138 0.4305673225806452 0.3994843947368421 0.45677851747311826 0.4189976052631579 0.43739336155913977 0.38484084449760764 0.41874697849462367 0.3717511244019138
0 0.5480674637096774 0.5329285550239234 0.5674781505376344 0.5779933110047847 0.6036276989247312 0.6039420837320574 0.5627883212365592 0.5388310502392345 0.5480674637096774 0.5329285550239234
0 0.3198991290322581 0.37698402153110044 0.3156169637096774 0.36231981100478466 0.29020449193548387 0.35075757177033495 0.297284875 0.37831809569377994 0.3198991290322581 0.37698402153110044
0 0.4288139744623656 0.4631782153110048 0.4191190752688172 0.44960655023923446 0.3918758494623656 0.4383748803827751 0.3989781760752688 0.4664910645933015 0.4288139744623656 0.4631782153110048
0 0.04757527553763441 0.1562143038277512 0.06128086827956989 0.17079978468899523 0.07327665188172043 0.14936882775119617 0.053555963709677426 0.1284609928229665 0.04757527553763441 0.1562143038277512
0 0.08562300403225807 0.16121909808612442 0.12159812499999999 0.20056719377990428 0.12452140725806453 0.18261265311004785 0.08969358467741936 0.14711530143540671 0.08562300403225807 0.16121909808612442