1 0.577194803986711 0.8447100088757397 0.5171676843853821 0.9238226538461538 0.6450311877076412 0.9025628461538461 0.6417391262458472 0.8885923698224852 0.577194803986711 0.8447100088757397
1 0.02781151827242525 0.44489084615384616 0.06205037707641196 0.3075376420118343 0.018478707641196013 0.2688703964497041 0.016403292358803986 0.2779653017751479 0.026189742524916945 0.4438035769230769 0.02781151827242525 0.44489084615384616
1 0.17220056644518272 0.3736141538461538 0.10453603488372093 0.3402331153846154 0.08510372591362127 0.47025345266272184 0.16522528737541528 0.524722100591716 0.17220056644518272 0.3736141538461538
1 0.1991097657807309 0.5417331301775148 0.27946093355481727 0.5951003165680474 0.2788846777408638 0.4358470414201184 0.2287283455149502 0.3923562544378698 0.19181876411960133 0.4303887721893491 0.1991097657807309 0.5417331301775148
1 0.33934355315614617 0.4754278964497041 0.301886853820598 0.5412348520710059 0.3273509717607973 0.6301477159763313 0.4004978006644518 0.6769118934911242 0.40698645016611296 0.5882066272189349 0.3895116810631229 0.512523076923077 0.33934355315614617 0.4754278964497041
1 0.5950783388704319 0.6299392011834319 0.5562736295681063 0.6191784585798816 0.5136740348837209 0.6781897278106509 0.5490130182724252 0.7905692455621302 0.6359011710963455 0.8253559142011835 0.634349976744186 0.7243015236686391 0.5950783388704319 0.6299392011834319
1 0.6193778438538206 0.7042647514792899 0.6577096013289037 0.8376389053254438 0.7252667059800664 0.86197449704142 0.714401646179402 0.7668418224852072 0.6896136976744186 0.6883125710059171 0.6492126511627907 0.668686201183432 0.6193778438538206 0.7042647514792899
1 0.710950365448505 0.7400990325443787 0.7237782574750831 0.8425172633136094 0.7358702458471761 0.8450491124260355 0.7417052574750831 0.8750003284023669 0.7615673704318937 0.8831864230769232 0.8132002142857143 0.8746014526627219 0.8205141694352159 0.862772050295858 0.8002402574750831 0.7612572810650887 0.7792159451827243 0.7264840088757396 0.7473198621262458 0.6996949053254438 0.7308791661129568 0.7003567278106508 0.710950365448505 0.7400990325443787
1 0.12684088870431895 0.28576627810650884 0.11126079734219269 0.3223149171597633 0.12084999501661128 0.33581451183431954 0.11834720431893689 0.3467822603550296 0.1493203289036545 0.369684325443787 0.16299214950166113 0.35736138461538464 0.16898304318936877 0.30731314792899406 0.1460816362126246 0.28076568639053257 0.12684088870431895 0.28576627810650884
1 0.29719307142857143 0.41172762426035503 0.28405342026578073 0.46930829881656805 0.2935802657807309 0.514807674556213 0.3121641395348837 0.5285489142011834 0.32402122093023256 0.4924520029585799 0.3578567491694352 0.4790155147928994 0.34710968438538203 0.42300012130177517 0.31923387209302323 0.4023882662721894 0.29719307142857143 0.41172762426035503
1 0.5396128720930232 0.642250426035503 0.5644849003322259 0.6125724053254438 0.5580865431893688 0.5533633461538462 0.5231243239202658 0.5082841449704142 0.5070120631229236 0.499575050295858 0.49706325415282393 0.5114462603550296 0.4783234966777408 0.5777044733727811 0.4773693637873754 0.5898173224852071 0.4947018421926911 0.6090424349112427 0.49589088538205983 0.6355583431952663 0.5020855099667774 0.6401387544378698 0.5151316328903655 0.6305577514792899 0.5396128720930232 0.642250426035503
1 0.588199061461794 0.5403785887573964 0.5577892823920266 0.5467343668639053 0.5583214518272425 0.5919921035502959 0.5672537757475083 0.6242335266272189 0.6013242126245848 0.6494257958579882 0.6217228272425249 0.6869410029585798 0.6499894285714286 0.6661821656804734 0.6556207093023256 0.6415047337278106 0.6448424667774086 0.6014892307692308 0.588199061461794 0.5403785887573964
1 0.7440188172757476 0.642776050295858 0.7287359883720931 0.6859536686390533 0.7696267475083056 0.7129844142011834 0.7993172990033223 0.7573702396449704 0.8318390813953489 0.7814174082840236 0.8210608405315614 0.7414019053254438 0.82112319269103 0.709402124260355 0.7765717740863788 0.6508233284023669 0.7440188172757476 0.642776050295858
1 0.8892640647840531 0.7597866597633136 0.83199496179402 0.7014179556213018 0.8254407242524917 0.7222083461538462 0.8492027358803987 0.7846426272189349 0.8391915714285715 0.8285136153846153 0.8428834053156147 0.844061778106509 0.8630471146179401 0.8429482278106508 0.8825539468438538 0.8605765059171598 0.903374526578073 0.8407211301775148 0.9062057558139534 0.8203824674556213 0.8892640647840531 0.7597866597633136
1 0.7426883953488372 0.5296317159763314 0.7222586029900333 0.508116399408284 0.6953057491694352 0.49139158284023665 0.679788011627907 0.4959404378698225 0.6628941744186047 0.5699727337278107 0.6962765598006644 0.6299067218934911 0.7331470481727574 0.6507602189349112 0.7590043870431894 0.5929694585798817 0.7630870116279069 0.567146923076923 0.749446365448505 0.563469973372781 0.7426883953488372 0.5296317159763314
1 0.4623192674418604 0.354367825443787 0.4480529235880399 0.35343281360946743 0.4338177574750831 0.3364979082840237 0.41675136212624586 0.3399016627218935 0.40081165946843855 0.40182110650887576 0.42055340033222594 0.45807814201183433 0.4654644302325581 0.49128613313609465 0.4851894983388704 0.3969151775147929 0.4802774435215947 0.37085100295857987 0.4623192674418604 0.354367825443787
1 0.26822174750830563 0.31660018934911244 0.27623111129568106 0.34495457100591714 0.3211421428571429 0.3781625650887574 0.33213861627906976 0.30617883136094676 0.324426511627907 0.28445342603550294 0.30119666943521595 0.26727688165680474 0.27885860797342193 0.26998726331360945 0.26822174750830563 0.31660018934911244
1 0.12923347674418603 0.17217021301775148 0.11919113621262457 0.23204109171597634 0.1678251760797342 0.2647973520710059 0.17470785215946844 0.2346360473372781 0.17262702657807308 0.18823320710059172 0.1528229318936877 0.16397595562130177 0.13980798504983388 0.15755706804733727 0.12923347674418603 0.17217021301775148
1 0.058887073089700995 0.13938239644970413 0.047624513289036545 0.18873726035502958 0.09470989700996678 0.22034841715976333 0.10501832059800664 0.18310640532544378 0.10570637209302325 0.14836468639053255 0.08435362126245848 0.12296232840236687 0.07443598671096346 0.1188336449704142 0.058887073089700995 0.13938239644970413
1 0.33365609634551496 0.3233238284023669 0.37734690863787373 0.3460158017751479 0.3932554352159468 0.30009624852071004 0.3663649335548173 0.25137165088757396 0.34188369601328905 0.23967897633136095 0.32749264784053156 0.30274352662721893 0.33365609634551496 0.3233238284023669
1 0.5278783222591362 0.2970919023668639 0.5016925481727574 0.3642535798816568 0.4966869651162791 0.38618907100591715 0.5006760598006644 0.4083662100591716 0.5238747275747508 0.4415426449704142 0.570960111295681 0.4731538047337278 0.5793914418604651 0.4441376035502958 0.5801730215946844 0.36139621597633137 0.555754134551495 0.31770376035502956 0.5278783222591362 0.2970919023668639
0 0.48609042026578075 0.6377313402366863 0.40926633056478406 0.5937350147928994 0.42655091196013295 0.7230000769230769 0.5331409119601329 0.7804799349112426 0.48609042026578075 0.6377313402366863
0 0.019348702657807307 0.2650578964497041 0.08069606146179402 0.3181806183431953 0.09297319102990033 0.2643796982248521 0.029312274086378737 0.2213954704142012 0.019348702657807307 0.2650578964497041
0 0.25777561960132894 0.4188413284023668 0.2503138687707641 0.36791147928994083 0.1940191196013289 0.3526272721893491 0.19668516943521594 0.40394497337278107 0.25777561960132894 0.4188413284023668
0 0.45950157142857145 0.6075912869822485 0.44095106976744186 0.5158584378698224 0.39480395348837205 0.48943799704142016 0.40768996179401995 0.575103 0.45950157142857145 0.6075912869822485
0 0.7276965099667775 0.7069233195266272 0.7028777026578074 0.6513103727810651 0.6646310681063123 0.648167150887574 0.6998368189368771 0.7107763343195266 0.7276965099667775 0.7069233195266272
0 0.9275895049833887 0.763514523668639 0.9721117259136214 0.7904576804733727 0.9764154053156145 0.7885164467455621 0.9494488853820597 0.7480830798816568 0.8925092857142857 0.716371976331361 0.9275895049833887 0.763514523668639
0 0.8475908687707642 0.690805023668639 0.8901253122923589 0.740702100591716 0.9208794169435216 0.7613543431952662 0.8900472508305648 0.7210336065088757 0.8475908687707642 0.690805023668639
0 0.7892612441860465 0.6476473047337278 0.8228828504983389 0.6992894585798817 0.85883123089701 0.711897275147929 0.8365895132890365 0.6733520147928994 0.7892612441860465 0.6476473047337278
0 0.6084889966777409 0.5314475236686391 0.6370324734219268 0.5851569319526627 0.691995003322259 0.6211394704142013 0.6574915365448505 0.5496636656804733 0.6084889966777409 0.5314475236686391
0 0.6175742176079734 0.5579605325443787 0.598050315614618 0.5050982337278107 0.5366566710963455 0.48070911834319524 0.5627963338870432 0.5442384881656804 0.6175742176079734 0.5579605325443787
0 0.5483079933554817 0.512566 0.5350966794019933 0.4608781272189349 0.48145119102990036 0.4486290177514793 0.495359611295681 0.48505928402366866 0.5483079933554817 0.512566
0 0.4075808122923588 0.44196757396449704 0.38774260465116284 0.37606433136094675 0.3360631976744186 0.3536335680473373 0.35069107475083056 0.41154654733727813 0.4075808122923588 0.44196757396449704
0 0.2678218870431894 0.3517466420118343 0.25689479734219267 0.2842814201183432 0.18915485215946845 0.24415310650887576 0.18479360797342193 0.30898484319526626 0.2678218870431894 0.3517466420118343
0 0.05898509468438539 0.09136303550295859 0.07065575581395349 0.100473724852071 0.08200131893687708 0.07245918639053255 0.06612819933554817 0.060060464497041416 0.05898509468438539 0.09136303550295859
0 0.0821329219269103 0.07188247337278106 0.0684366611295681 0.10018104142011836 0.12248015780730896 0.14216428106508877 0.13314376910299003 0.10911449408284024 0.0821329219269103 0.07188247337278106
0 0.13253414451827242 0.10645333136094674 0.12588395348837209 0.1372654822485207 0.17667387873754153 0.17347211538461538 0.18008922259136212 0.14551339644970415 0.13253414451827242 0.10645333136094674
0 0.1767356146179402 0.1398107899408284 0.1801341611295681 0.17333419230769231 0.23634645348837208 0.20748295857988164 0.22835193521594682 0.17613980177514793 0.1767356146179402 0.1398107899408284
0 0.23313608637873756 0.1781435798816568 0.23960005481727578 0.21325942603550296 0.29353049667774084 0.24572100295857988 0.2831353056478405 0.21158769526627222 0.23313608637873756 0.1781435798816568
0 0.28452138205980065 0.21007153846153848 0.2893678239202658 0.2372499674556213 0.3335251063122924 0.25911434911242603 0.33009716943521594 0.23956560650887573 0.28452138205980065 0.21007153846153848
0 0.38899738870431894 0.2837494023668639 0.3984389950166113 0.31857320118343196 0.44684012956810626 0.3402049171597633 0.43312335382059797 0.30849 0.38899738870431894 0.2837494023668639
0 0.4400377973421927 0.31158027218934914 0.45343479734219266 0.33968809467455624 0.49626959302325585 0.3706866479289941 0.4781456362126246 0.3338555710059172 0.4400377973421927 0.31158027218934914
0 0.06601588205980066 0.0605526775147929 0.08010816777408637 0.07240766863905325 0.0904958122923588 0.04553397041420119 0.07269163787375416 0.031298124260355026 0.06601588205980066 0.0605526775147929
0 0.09229382890365448 0.049059340236686386 0.08435823920265781 0.06880884911242603 0.1312364335548173 0.10212308579881657 0.13924429401993355 0.07820618934911243 0.09229382890365448 0.049059340236686386
0 0.1402126827242525 0.0844913698224852 0.13103585548172758 0.10467144674556213 0.1847030681063123 0.13828654142011834 0.18618974916943523 0.11460509467455622 0.1402126827242525 0.0844913698224852
0 0.18612525581395348 0.11035016272189349 0.18424544518272426 0.13862229881656804 0.23112979235880396 0.16857054142011835 0.22678740531561462 0.14125045266272188 0.18612525581395348 0.11035016272189349
0 0.22686638205980067 0.14384555621301776 0.23105474418604652 0.17390808284023668 0.2782588870431894 0.20746333136094675 0.27363150332225916 0.16763821893491124 0.22686638205980067 0.14384555621301776
0 0.27681615116279074 0.1753862426035503 0.28413887707641194 0.20506970118343196 0.32796394518272426 0.2300592928994083 0.31810943189368773 0.19190928106508875 0.27681615116279074 0.1753862426035503
0 0.3245591760797342 0.1999019349112426 0.33187567774086374 0.23295169526627219 0.3719833604651163 0.25586661242603553 0.3629389534883721 0.22505700591715974 0.3245591760797342 0.1999019349112426
0 0.37390120598006643 0.24245354733727809 0.3800012176079734 0.2624691834319527 0.42460374252491695 0.2907301035502958 0.4156063903654485 0.2572537130177515 0.37390120598006643 0.24245354733727809
0 0.42072901328903656 0.26764087869822484 0.4315120132890366 0.29718645562130175 0.4714253504983389 0.31928364201183435 0.45587473421926916 0.2853421952662722 0.42072901328903656 0.26764087869822484
0 0.07983373089700996 0 0.07508551993355482 0.02080763905325444 0.09668788704318937 0.03815136686390532 0.1054221976744186 0.009345284023668639 0.09069701495016612 0 0.07983373089700996 0
0 0.11318632890365449 0.012598798816568047 0.10079394850498338 0.04186168934911243 0.14011807973421928 0.06487126035502959 0.1484651029900332 0.03779869822485207 0.11318632890365449 0.012598798816568047
0 0.14427973754152823 0.03828631656804734 0.1392656029900332 0.06693760059171597 0.18385578405315617 0.10193068343195266 0.18351363787375416 0.06371418934911242 0.14427973754152823 0.03828631656804734
0 0.18157912292358805 0.061821298816568046 0.18235752657807308 0.10014866272189349 0.22215157641196015 0.11609028402366862 0.21433030897009966 0.08312731952662722 0.18157912292358805 0.061821298816568046
0 0.2978464950166113 0.13498274260355028 0.31472944684385384 0.18454396153846153 0.3430957508305648 0.20214779881656805 0.3351353388704319 0.16739276627218935 0.2978464950166113 0.13498274260355028
0 0.3435338571428571 0.17685447337278107 0.35190334219269104 0.20528958579881657 0.3863192641196013 0.23478218934911244 0.36969810631229233 0.19126244970414202 0.3435338571428571 0.17685447337278107
0 0.38408679568106313 0.2061658846153846 0.39297665282392025 0.23565989940828402 0.42492874086378735 0.2559151272189349 0.4117530681063123 0.2240452366863905 0.38408679568106313 0.2061658846153846
0 0.4208596827242525 0.23200808579881657 0.43470809302325586 0.2631461479289941 0.466797938538206 0.2794584112426035 0.443714134551495 0.24261792899408283 0.4208596827242525 0.23200808579881657
0 0.5770485448504983 0.39401256508875737 0.599805303986711 0.444546275147929 0.6440941710963455 0.465833775147929 0.5952373853820597 0.396822476331361 0.5770485448504983 0.39401256508875737
0 0.29724862292358806 0.2694962455621302 0.29238367940199333 0.2524162307692308 0.2610296362126246 0.24584114792899409 0.2689645747508306 0.27824468047337275 0.29724862292358806 0.2694962455621302
0 0.4304227159468439 0.3436984615384615 0.4187625282392027 0.3296836301775148 0.38511140365448504 0.32409634319526626 0.3930554617940199 0.3571909644970414 0.4304227159468439 0.3436984615384615