1 0.41505240047393366 1 0.47853798696682465 0.945016052742616 0.489735086492891 0.9317694641350212 0.4103071208530806 0.8389857742616034 0.3114719265402844 0.9216453924050633 0.3581725011848341 0.9669433101265822 0.4017972701421801 1 0.41505240047393366 1
1 0.3863433483412322 0.830165253164557 0.37662453436018956 0.7283485506329114 0.33167788981042656 0.6915736308016878 0.2308621694312796 0.764583312236287 0.2008330829383886 0.8323760021097046 0.281434 0.9087946708860759 0.2870518530805687 0.9130516033755274 0.3863433483412322 0.830165253164557
1 0.21870106753554502 0.6476171434599156 0.16634467180094786 0.6812872594936709 0.11212588981042655 0.7117351666666666 0.1688737049763033 0.7990357932489452 0.2880425710900474 0.7092154198312237 0.21870106753554502 0.6476171434599156
1 0 0.6231573565400843 0.06383032227488152 0.6923432215189873 0.17045552962085306 0.6643107552742616 0.17168703436018956 0.6201414261603376 0.1174070355450237 0.5627122805907173 0.07685147867298578 0.561861812236287 0 0.6133770717299578 0 0.6231573565400843
1 0 0.5836145569620254 0.1061300509478673 0.5476062573839662 0.04290974644549763 0.47094864767932487 0 0.4818383628691983 0 0.5836145569620254
1 0.8325060296208531 1 0.8386495983412322 0.960736805907173 0.7865110616113744 0.9284726054852321 0.7720878542654028 1 0.8325060296208531 1
1 0.6744255734597157 0.9431416687763713 0.7302185248815166 0.988794088607595 0.7558826587677725 0.9061693776371308 0.7122174644549762 0.8613108924050633 0.6744255734597157 0.9431416687763713
1 0.6782415556872038 0.8192671793248946 0.6407444917061612 0.7953811202531645 0.5968699206161138 0.8744135864978902 0.6524786220379147 0.9208250569620253 0.6866693104265403 0.8718323607594937 0.6782415556872038 0.8192671793248946
1 0.6001661812796208 0.8271103818565401 0.599059845971564 0.7601726582278481 0.5633069526066351 0.7330808839662447 0.5336780936018958 0.7549977341772152 0.5127146919431279 0.8052121033755275 0.5628399573459716 0.8483705274261604 0.6001661812796208 0.8271103818565401
1 0.4490188447867299 0.6347078544303797 0.42627144431279623 0.6047943797468354 0.38040775 0.616220259493671 0.3519620829383886 0.665292299578059 0.40582205687203793 0.7269306012658229 0.45460935545023695 0.7029276877637131 0.4490188447867299 0.6347078544303797
1 0.3374715841232227 0.6515957426160337 0.39353143720379147 0.6198263966244726 0.38804251421800945 0.5749209324894514 0.3620543518957346 0.5479846561181435 0.3279147191943128 0.5646724789029537 0.29633654739336496 0.6023162109704642 0.3374715841232227 0.6515957426160337
1 0.33699426777251185 0.5544514620253165 0.33769997511848343 0.5164745042194093 0.3294911338862559 0.501192670886076 0.30588307109004736 0.4855690464135021 0.28563813625592416 0.4838208037974684 0.24751198104265404 0.5160963417721519 0.24152952132701425 0.5546056244725738 0.2843831007109005 0.5938741286919831 0.2955571101895734 0.584218082278481 0.3024207002369668 0.5939497616033755 0.33699426777251185 0.5544514620253165
1 0.21386665758293838 0.4702130316455696 0.21683182582938387 0.4452751540084388 0.191153759478673 0.40995982489451477 0.15613010426540286 0.39927839451476793 0.12476328791469193 0.4185526687763713 0.11671082464454975 0.4373702489451477 0.121608663507109 0.45014316666666665 0.16134069786729857 0.48025013502109704 0.1780330462085308 0.47477561392405065 0.20293423341232225 0.4845829240506329 0.21386665758293838 0.4702130316455696
1 0.042727 0.27710082278481013 0.01547268009478673 0.26047621729957804 0.001829861374407583 0.32183989662447254 0.013292854265402845 0.3340858924050633 0.02360477962085308 0.32830739029535866 0.05752476777251185 0.3381525189873417 0.061456270142180094 0.33207003797468354 0.06721619194312796 0.3409654092827004 0.06926715047393366 0.3085386075949367 0.05381580331753555 0.2968303417721519 0.042727 0.27710082278481013
1 0.8996985627962085 1 0.9001063578199052 0.9856807172995781 0.8942943092417062 0.9654188734177215 0.8700136208530806 0.9470201687763713 0.856390693127962 0.9502897552742616 0.8530987357819906 0.9998993459915612 0.8644622026066351 0.9835906793248945 0.8844082097156398 1 0.8996985627962085 1
1 0.7509548459715639 0.8386801666666667 0.732003039099526 0.8311156075949367 0.7213643222748816 0.8615658227848102 0.7249690355450237 0.8801550569620252 0.7470423886255925 0.8968811518987342 0.7487665556872038 0.8891260632911393 0.7573543127962086 0.8911026518987342 0.7594052713270142 0.8586758459915612 0.7509548459715639 0.8386801666666667
1 0.6293098199052132 0.7419727974683544 0.6094438021327014 0.7269193143459916 0.5886304940758295 0.7451289367088608 0.6022203412322276 0.7826113839662446 0.5983930912322275 0.8114268037974683 0.6116371030805687 0.8214624620253164 0.6289499490521326 0.8073965464135021 0.6380018293838862 0.7666823291139241 0.6293098199052132 0.7419727974683544
1 0.49731978909952607 0.6917959641350211 0.500147624407583 0.6848771793248944 0.5087163364928909 0.6347352658227847 0.5068879170616114 0.619757411392405 0.4962822819905214 0.6094555928270042 0.46610433886255925 0.6001806075949367 0.44663628199052136 0.6239403839662447 0.45120733056872037 0.6613850147679324 0.46690026184834127 0.6778071308016878 0.4709360165876777 0.6944575928270041 0.4753506872037915 0.6978028122362869 0.4832136931279621 0.6856378544303797 0.49731978909952607 0.6917959641350211
1 0.46807009004739336 0.5971393670886076 0.4542907855450237 0.5663095421940928 0.40866149526066353 0.5453262911392406 0.3922107322274882 0.5555146624472573 0.38833135426540283 0.5729636139240506 0.3970754893364929 0.609039611814346 0.41775146563981047 0.6088490843881856 0.442032154028436 0.6272477890295358 0.45541349763033173 0.6192643523206751 0.46807009004739336 0.5971393670886076
1 0.32793737796208533 0.4501766371308017 0.2891716789099526 0.43892506329113923 0.28044658886255924 0.4549675654008439 0.2639958258293839 0.46515593670886074 0.2871728471563981 0.482718335443038 0.31447082819905214 0.48754563502109705 0.3427351457345972 0.511228329113924 0.34675185545023696 0.47576028691983124 0.32793737796208533 0.4501766371308017
1 0.13307137085308057 0.31157839873417725 0.0999613412322275 0.28648925738396624 0.0914257097156398 0.29587913924050635 0.08019957582938388 0.2941687151898734 0.06792189928909952 0.3029884535864979 0.0676472345971564 0.3390266392405063 0.13793612796208532 0.36510335021097046 0.14747117535545023 0.333816829113924 0.13307137085308057 0.31157839873417725
1 0.2542522748815166 0.45097657172995775 0.2834638815165877 0.44139616033755275 0.28580854976303316 0.4250496772151899 0.2406103009478673 0.40212765611814344 0.21538232345971564 0.4169920590717299 0.2112613625592417 0.42972716033755276 0.21645290995260663 0.4585803966244726 0.23123163151658765 0.46751358649789027 0.2412167665876777 0.4864067995780591 0.24735560426540287 0.4819969282700422 0.2542522748815166 0.45097657172995775
1 0.41971220734597153 0.46081880168776373 0.4130380746445497 0.44443450210970464 0.3947067665876777 0.42827854852320674 0.37839333530805686 0.4204478270042194 0.3656846172985782 0.43120633966244726 0.35771736018957345 0.42063835864978905 0.3527343151658768 0.4372510042194093 0.3501149834123223 0.4896356729957806 0.37463725592417063 0.512748223628692 0.40807407464454976 0.5131656518987342 0.41971220734597153 0.46081880168776373
1 0.576968308056872 0.6003682405063291 0.5694320924170616 0.5878614852320675 0.555757037914692 0.5797646012658229 0.5461177393364929 0.5883181793248945 0.5303586469194312 0.6534001308016878 0.562365009478673 0.6776529683544305 0.5878345722748816 0.6675024135021097 0.5966448672985782 0.6220743481012658 0.5888670687203792 0.6048537426160338 0.576968308056872 0.6003682405063291
1 0.6589334241706162 0.6783351097046414 0.6490525402843602 0.6821748375527426 0.634965490521327 0.7281352299578059 0.6669718530805687 0.7523880675105484 0.6788184881516588 0.7455070991561181 0.6861462002369668 0.7125479704641351 0.6754884383886256 0.6908796814345991 0.6589334241706162 0.6783351097046414
1 0.7627303092417062 0.7683142236286921 0.7489700497630332 0.7896029029535865 0.744228587677725 0.8109293987341772 0.7780112440758293 0.8387936139240506 0.7892704597156398 0.7997520063291139 0.7878730817535545 0.7828353839662446 0.7794747831753555 0.7742061729957805 0.7627303092417062 0.7683142236286921
1 0.8077912251184834 0.8092553396624473 0.7986350936018957 0.8272366160337553 0.7937041753554501 0.8552157320675106 0.826383163507109 0.8822436434599157 0.8341419170616113 0.8473457447257384 0.8318303305687204 0.8229401940928269 0.8256393672985781 0.8159835928270043 0.8077912251184834 0.8092553396624473
1 0.8517484739336493 0.8493601497890296 0.8438523874407583 0.902277141350211 0.8796007938388626 0.9271001202531645 0.8882216327014217 0.8883246751054853 0.8825990426540284 0.8614102109704642 0.8589909798578199 0.8457865843881857 0.8517484739336493 0.8493601497890296
1 0.6150804277251185 0.6609632405063292 0.6435863281990521 0.6893597848101265 0.6523635450236966 0.684683753164557 0.6622775071090048 0.6400919894514767 0.646584577014218 0.6236698755274263 0.6195281777251186 0.6235564261603376 0.6150804277251185 0.6609632405063292
1 0.5466339869668246 0.5569938438818566 0.5516501125592417 0.499629164556962 0.531784095971564 0.48457567932489454 0.5073660746445497 0.48419606751054856 0.485122308056872 0.5262410991561182 0.4814845154028436 0.5484038987341772 0.5141635035545024 0.5754318122362869 0.5350810627962085 0.5799551308016877 0.5431856528436019 0.5725040210970463 0.5466339869668246 0.5569938438818566
0 0.5729991279620853 1 0.5091699537914692 0.9499886139240507 0.46809779857819905 1 0.5729991279620853 1
0 0.4166828412322275 0.7363245253164558 0.48680709597156396 0.8045431308016878 0.5310017618483412 0.755686164556962 0.47975736848341227 0.7078009219409283 0.4166828412322275 0.7363245253164558
0 0.15443209478672987 0.49750444514767933 0.21478101421800946 0.5531073417721519 0.2516485924170616 0.5142549050632911 0.2320401528436019 0.48646128902953584 0.15443209478672987 0.49750444514767933
0 0.8344219597156397 0.9214921856540085 0.7825410533175355 0.8787913481012658 0.7740833613744076 0.9168329767932489 0.8291060746445498 0.9519411898734177 0.8344219597156397 0.9214921856540085
0 0.6914223898104266 0.854196582278481 0.7068262772511849 0.8309848417721519 0.6739155592417061 0.7874256223628693 0.6561704857819906 0.8060823860759494 0.6914223898104266 0.854196582278481
0 0.5369049585308057 0.7478119135021097 0.5669235758293839 0.716735700421941 0.5361438684834123 0.6879679789029536 0.5015740710900474 0.7169241371308017 0.5369049585308057 0.7478119135021097
0 0.3506900023696683 0.5499097109704641 0.38578939573459714 0.5506488945147678 0.36541136374407585 0.5174375274261603 0.33752715284360185 0.5226492257383967 0.3506900023696683 0.5499097109704641
0 0.20904309478672983 0.33846021308016877 0.17515397156398102 0.3271731624472574 0.20597254502369666 0.3678122172995781 0.2520703317535545 0.3755786603375527 0.20904309478672983 0.33846021308016877
0 0.2491242452606635 0.3782852489451477 0.21310731161137442 0.37157230168776373 0.2396103412322275 0.39577077004219413 0.2790626291469194 0.40179421729957804 0.2491242452606635 0.3782852489451477
0 0.29114426777251184 0.4068507679324894 0.26924584952606634 0.40587974894514767 0.2910410805687204 0.4322729430379747 0.32233087440758296 0.43705018565400844 0.29114426777251184 0.4068507679324894
0 0.4163888116113744 0.5079332320675106 0.3792214075829384 0.5122621181434599 0.4171164798578199 0.5442697658227849 0.4463805390995261 0.5433962215189874 0.4163888116113744 0.5079332320675106
0 0.466197922985782 0.5913391012658228 0.4969225604265403 0.5833738670886075 0.4589181883886256 0.5397261455696203 0.4344887796208531 0.5483789282700421 0.466197922985782 0.5913391012658228
0 0.5168066670616114 0.6231026898734178 0.5338736907582938 0.617551953586498 0.5031455035545024 0.5748857679324895 0.48225889810426537 0.5886925400843881 0.5168066670616114 0.6231026898734178
0 0.6107504928909954 0.7179406455696203 0.6340635260663507 0.7023122869198313 0.6015523981042654 0.6665204008438819 0.5733938708530806 0.6814020843881856 0.6107504928909954 0.7179406455696203
0 0.7234771848341232 0.8175725506329113 0.7389931196682464 0.7812190991561181 0.6934430130331753 0.7396627025316456 0.6694045296208532 0.7634284831223628 0.7234771848341232 0.8175725506329113
0 0.8873700497630332 0.9450550864978904 0.9436666836492892 0.9811671265822784 0.9438582109004738 0.9803056645569621 0.9393154964454976 0.9453701793248944 0.8861675497630332 0.9103945021097046 0.8873700497630332 0.9450550864978904
0 0.9495230699052133 0.8757563839662447 0.9138895687203792 0.8493361624472574 0.9177984099526066 0.8732668797468354 0.9513195805687203 0.893425364978903 0.9495230699052133 0.8757563839662447
0 0.8833764585308057 0.8486134092827003 0.9139724040284359 0.873856417721519 0.9136063092417062 0.8481683713080169 0.8785781030805687 0.8225788818565402 0.8833764585308057 0.8486134092827003
0 0.8387837322274883 0.8172060696202532 0.8764422168246445 0.844225588607595 0.8757791125592417 0.8180751244725738 0.8406602369668247 0.7928934493670886 0.8387837322274883 0.8172060696202532
0 0.8045305035545023 0.76469588185654 0.800928067535545 0.7909037426160338 0.8399962654028437 0.8190779071729958 0.8407508981042654 0.7924856645569621 0.8045305035545023 0.76469588185654
0 0.7706127334123223 0.7401869873417721 0.7647045876777251 0.7572599599156118 0.8005316386255924 0.7853610759493671 0.805569847156398 0.7639208670886076 0.7706127334123223 0.7401869873417721
0 0.7376024182464455 0.7115964641350211 0.7249454668246446 0.719984006329114 0.7629764928909953 0.7540442679324895 0.773884682464455 0.7403879746835442 0.7376024182464455 0.7115964641350211
0 0.6999450817535545 0.6794846603375528 0.685299489336493 0.6870828691983122 0.7217043424170616 0.7199108607594937 0.7346126457345971 0.7082467510548524 0.6999450817535545 0.6794846603375528
0 0.66832338507109 0.6507540548523207 0.6612244395734598 0.65740244092827 0.6897419111374407 0.6866366265822784 0.6996526492890995 0.6774667489451477 0.66832338507109 0.6507540548523207
0 0.5968859443127962 0.5914936139240506 0.5812070995260663 0.5948630337552743 0.6118266090047394 0.6280728227848101 0.626174528436019 0.6192624789029536 0.5968859443127962 0.5914936139240506
0 0.5669689300947867 0.5632218481012659 0.5476409632701422 0.565139194092827 0.5779831658767772 0.5886076434599156 0.5925117239336494 0.5867493776371309 0.5669689300947867 0.5632218481012659
0 0.9444303957345971 0.8658065843881856 0.9377957772511848 0.8430237637130801 0.9087397334123222 0.8273244957805908 0.9133515165876778 0.843209664556962 0.9444303957345971 0.8658065843881856
0 0.8764770367298579 0.8013287088607596 0.877768 0.81767594092827 0.9079573684834124 0.8381691308016878 0.9039293838862559 0.8184371814345992 0.8764770367298579 0.8013287088607596
0 0.8436935864928911 0.7717177827004219 0.8416404395734597 0.7945893502109704 0.8759604703791469 0.8172593987341772 0.8742728424170615 0.7931055443037974 0.8436935864928911 0.7717177827004219
0 0.8098755296208531 0.7437075042194093 0.8074170841232228 0.7629377953586498 0.8404563957345972 0.7889264978902953 0.8418112950236967 0.7718437953586498 0.8098755296208531 0.7437075042194093
0 0.775957758293839 0.7191986118143461 0.7702358815165876 0.7323808966244726 0.8068220699052132 0.7643932573839662 0.8076613720379147 0.7459666729957807 0.775957758293839 0.7191986118143461
0 0.7479484786729858 0.6955899409282701 0.7382562026066352 0.7052889746835443 0.7703775319905213 0.7329647911392405 0.7771550545023697 0.7171316687763714 0.7479484786729858 0.6955899409282701
0 0.7168220319905213 0.6661720590717299 0.7035622511848342 0.6818589198312236 0.7368338530805688 0.7080236455696203 0.7471980118483412 0.6968145253164556 0.7168220319905213 0.6661720590717299
0 0.687482325829384 0.6378485548523207 0.6720134573459715 0.6479450400843881 0.7012166279620853 0.6753158839662448 0.713076567535545 0.6671465295358651 0.687482325829384 0.6378485548523207
0 0.6555340521327014 0.6136397341772152 0.6424873341232228 0.6208059641350211 0.6692257156398105 0.6458326286919831 0.6820036860189574 0.635975947257384 0.6555340521327014 0.6136397341772152
0 0.6198462120853081 0.5818280042194093 0.6060937286729858 0.5903692426160337 0.6365888649289099 0.61681288185654 0.645179182464455 0.612361246835443 0.6198462120853081 0.5818280042194093
0 0.5916100699052133 0.5592397405063291 0.5743860829383887 0.5620537468354431 0.6008015130331754 0.5873121751054852 0.6143895533175356 0.5823584852320675 0.5916100699052133 0.5592397405063291
0 0.9607612180094787 0.8533999198312237 0.9500838992890995 0.8213349599156118 0.9241870260663507 0.804240424050633 0.9320961303317535 0.8321555274261603 0.9607612180094787 0.8533999198312237
0 0.9008364431279621 0.7864022995780591 0.9038559502369669 0.812662746835443 0.9235515260663507 0.8266340358649789 0.921348327014218 0.801136282700422 0.9008364431279621 0.7864022995780591
0 0.8735351895734597 0.7657147637130802 0.8733608175355451 0.7862191814345991 0.8965013886255924 0.8042304430379746 0.8944622926540283 0.7840993101265823 0.8735351895734597 0.7657147637130802
0 0.8459796386255923 0.7400652784810126 0.8425539620853081 0.762398641350211 0.8658249182464455 0.7786025147679325 0.8693500888625593 0.7603048860759494 0.8459796386255923 0.7400652784810126
0 0.8162277251184834 0.7151361244725738 0.8130787962085309 0.7362512911392405 0.8394432215639811 0.7605181054852321 0.8411271362559242 0.7346298818565401 0.8162277251184834 0.7151361244725738
0 0.7912499834123222 0.6962092299578059 0.7806172357819906 0.7149895000000001 0.81294836492891 0.7380587953586498 0.8182301457345971 0.7191859008438819 0.7912499834123222 0.6962092299578059
0 0.7702112369668246 0.6778824831223629 0.7571994289099526 0.6872367700421941 0.781869481042654 0.7154617932489452 0.7927551966824644 0.6970228713080169 0.7702112369668246 0.6778824831223629
0 0.6855028056872037 0.6101176856540085 0.6719295829383887 0.6202406793248945 0.6912227452606634 0.6372429050632912 0.7134010758293838 0.6278375189873417 0.6855028056872037 0.6101176856540085
0 0.6613328056872038 0.5906105464135022 0.6409413542654029 0.5972359303797469 0.6665751599526066 0.6138005443037975 0.6786276611374408 0.6072067405063291 0.6613328056872038 0.5906105464135022
0 0.6309003009478673 0.568742611814346 0.6154551812796208 0.5726815316455697 0.6373037926540285 0.5916201497890295 0.6499116232227488 0.5849705907172995 0.6309003009478673 0.568742611814346
0 0.6095075402843602 0.5489552995780591 0.5876459123222748 0.5463668481012659 0.6084858116113744 0.5674004894514768 0.6240739739336493 0.564438947257384 0.6095075402843602 0.5489552995780591
0 0.48998390402843606 0.4881940274261603 0.44616619431279625 0.4782387995780591 0.4745929502369668 0.5078808333333333 0.5000349075829384 0.5033312869198312 0.48998390402843606 0.4881940274261603
0 0.6889355971563981 0.7256707025316456 0.7018523210900474 0.7166992594936709 0.6840525438388625 0.6914704556962026 0.6768958495260664 0.6955787489451476 0.6889355971563981 0.7256707025316456
0 0.6040059573459715 0.6522604999999999 0.6171164561611374 0.642952111814346 0.5984147571090047 0.6151408734177215 0.5886291433649289 0.6115383101265823 0.6040059573459715 0.6522604999999999
0 0.9250935592417061 0.8895327426160338 0.8873695331753555 0.8645500379746835 0.8869808033175356 0.8941360021097047 0.9234228436018957 0.9181280780590717 0.9250935592417061 0.8895327426160338
0 0.8790493483412322 0.8418598291139241 0.8482299680094787 0.8202026012658228 0.8439726635071091 0.8357825590717299 0.8766839454976303 0.8563904578059072 0.8790493483412322 0.8418598291139241