1 1 0.9490314815789473 0.9273549792899408 0.9283812736842104 0.9163711331360948 1 1 1 1 0.9490314815789473
1 0.695856050295858 1 0.7287623846153846 0.930893955263158 0.7371653195266272 0.9067525 0.620606775147929 0.8558512657894737 0.5498242174556213 1 0.695856050295858 1
1 0.524054350591716 1 0.5912874659763314 0.8633013815789474 0.5494375162721893 0.7494605052631579 0.4882763032544378 0.7393677815789474 0.39851132248520715 0.9017027894736842 0.3864106937869823 1 0.524054350591716 1
1 0.34932742899408287 0.7716692552631579 0.3014151789940829 0.8509236157894737 0.2504507307692308 0.9277393947368422 0.34013416272189345 0.9890997763157895 0.4451672204142012 0.7930255289473683 0.34932742899408287 0.7716692552631579
1 0.28870475 0.774186502631579 0.21087326035502957 0.7465124842105263 0.16554711390532542 0.7758665052631579 0.09080137278106509 0.9033095236842105 0.19086919230769228 0.9408323710526316 0.30080615088757395 0.82765095 0.28870475 0.774186502631579
1 0.06127577514792899 0.8884488605263158 0.19373513165680473 0.7369864263157895 0.1001049378698225 0.6931328631578948 0.039600285502958577 0.7546202263157895 0.04564069674556213 0.8697258763157895 0.06127577514792899 0.8884488605263158
1 1 0.6686795394736842 0.9629086316568047 0.6563550973684211 0.9458680710059172 0.7819947105263158 1 0.7909300315789474 1 0.6686795394736842
1 0.9123317233727811 0.6317805289473685 0.8633793417159764 0.6314421447368421 0.8387261139053254 0.7583073473684211 0.9146741523668638 0.7718802447368421 0.9377272396449703 0.688000102631579 0.9123317233727811 0.6317805289473685
1 0.8279634363905326 0.6995689657894737 0.8063206878698224 0.6207704289473684 0.7583288757396449 0.6153126973684211 0.73208799852071 0.6635686684210527 0.7241061050295858 0.7389982289473684 0.7929687026627218 0.752807094736842 0.8279634363905326 0.6995689657894737
1 0.6013279674556213 0.5838638684210526 0.5669278195266272 0.5653117578947369 0.5194468786982249 0.613243747368421 0.5028020606508875 0.6929167263157895 0.5814504289940828 0.7259123052631579 0.6283446863905325 0.6608300657894737 0.6013279674556213 0.5838638684210526
1 0.4825227943786982 0.6874734210526315 0.5351301198224852 0.6077072105263158 0.51533624852071 0.5583989552631579 0.478242775147929 0.5458149210526316 0.4453947159763314 0.5912280263157895 0.4217837662721894 0.6596517131578947 0.4825227943786982 0.6874734210526315
1 0.4523672307692308 0.5722711894736843 0.4415699718934911 0.5265666631578948 0.4277876627218935 0.5145342210526316 0.39678895118343194 0.5136252526315789 0.3737589112426035 0.5267038657894737 0.34123452071005916 0.5936444842105263 0.34633040088757394 0.6439331789473683 0.4059261701183432 0.6585593526315789 0.4153984171597633 0.6387063763157895 0.4259932603550296 0.6451437921052632 0.4523672307692308 0.5722711894736843
1 0.28985404289940825 0.5642549315789473 0.28554398076923077 0.5323695105263158 0.24623982100591718 0.509585847368421 0.20406286834319526 0.523103302631579 0.17508482692307692 0.5695170394736842 0.1718752573964497 0.5979310394736842 0.18121314349112425 0.6094580552631579 0.2345462352071006 0.6155232078947368 0.2514258579881657 0.5965126157894737 0.2820877899408284 0.5895344631578948 0.28985404289940825 0.5642549315789473
1 0.059124961538461536 0.47784165526315786 0.04078596597633136 0.4626747447368421 0.02458121449704142 0.46296368157894735 0.025831208579881658 0.49223766578947364 0.028734673076923074 0.5475658973684211 0.03515264201183432 0.5379060184210527 0.0758481198224852 0.5242200842105263 0.0783620325443787 0.5140408815789473 0.08747539940828403 0.5203098184210526 0.07986560798816568 0.48020032631578946 0.059124961538461536 0.47784165526315786
1 1 0.6014968789473685 0.999053525147929 0.6004299763157894 0.9756867071005917 0.6056214710526315 0.9731506937869823 0.6498097052631578 0.9828253579881657 0.6692238368421053 1 0.6711769763157894 1 0.6014968789473685
1 0.8343853062130179 0.5764710105263158 0.8077187603550295 0.5734384315789474 0.7901434792899408 0.6106838236842106 0.8166756642011835 0.6450963947368421 0.8212102470414202 0.682239892105263 0.8389879437869823 0.6842616105263157 0.8539370517751479 0.6545663815789474 0.8515796035502959 0.5993565657894737 0.8343853062130179 0.5764710105263158
1 0.6724113136094675 0.6156089815789474 0.6734437514792899 0.6052613 0.6676743165680473 0.5391983710526316 0.6610748594674556 0.5227502289473684 0.6461478535502959 0.5184364289473684 0.6097845399408285 0.5299987500000001 0.5953967278106509 0.5728391710526316 0.6118953668639053 0.6139595210526316 0.6343420073964497 0.621744747368421 0.6439044142011834 0.6385298421052632 0.6498303121301775 0.639203747368421 0.6548581346153847 0.6188453394736841 0.6724113136094675 0.6156089815789474
1 0.6110414955621302 0.5249091499999999 0.5863275636094675 0.4985521736842105 0.5292236035502959 0.5077558236842106 0.5140499778106509 0.5321929736842105 0.5150603121301776 0.5558543263157895 0.5357788565088758 0.5922220263157895 0.5586966375739645 0.5765143763157895 0.5912890813609467 0.5802208605263158 0.6037242795857988 0.5607048368421053 0.6110414955621302 0.5249091499999999
1 0.4105032071005917 0.4550105973684211 0.3639940887573964 0.4706516605263158 0.35919078402366866 0.49626814736842106 0.3440171553254438 0.5207052947368421 0.375128125739645 0.5242433026315789 0.4069347544378698 0.5095465131578948 0.4455653594674556 0.5165559394736842 0.43921252366863905 0.4713568447368421 0.4105032071005917 0.4550105973684211
1 0.15169415828402366 0.4360433684210527 0.10724991420118342 0.4309890763157895 0.10062835650887575 0.44854996578947365 0.0876318624260355 0.4549207947368421 0.07667814053254438 0.47460529736842105 0.08736313905325443 0.5176807789473684 0.17342303698224854 0.4960724236842105 0.17447757692307692 0.45171571315789477 0.15169415828402366 0.4360433684210527
1 0.3288656301775148 0.5111334157894737 0.3584049674556213 0.4778648736842105 0.35602541863905324 0.45666408684210524 0.2988091982248521 0.4632386973684211 0.2753080192307692 0.49981018421052636 0.27461236094674557 0.5180449789473685 0.2891804881656805 0.5484806973684211 0.308327399408284 0.5480418526315789 0.3251849201183432 0.5630402894736842 0.33066178106508876 0.5531980394736843 0.3288656301775148 0.5111334157894737
1 0.5157321183431952 0.39895436315789473 0.5033190221893491 0.38446135789473684 0.47802169230769237 0.37896821842105266 0.4575055636094674 0.3818676263157895 0.44666410207100593 0.40418116578947366 0.43458778402366866 0.3975752763157895 0.4341166449704142 0.42106815000000003 0.4471811952662722 0.4853444210526316 0.48147963313609465 0.49447746052631575 0.5187631242603551 0.4699384184210526 0.5157321183431952 0.39895436315789473
1 0.7330377707100592 0.44721328157894735 0.7208491937869823 0.43797835526315787 0.7031837573964497 0.43858567368421053 0.6950807248520711 0.4559780894736842 0.6974160695266272 0.5451969394736842 0.7403788387573965 0.5500827578947368 0.7655860118343196 0.5189378263157894 0.7615225710059171 0.45830145263157895 0.74762799852071 0.4436399710526316 0.7330377707100592 0.44721328157894735
1 0.8478971434911242 0.4785892447368421 0.8380881183431952 0.49055510526315793 0.8364501804733728 0.5557756500000001 0.879412948224852 0.5606614684210526 0.8904789304733728 0.5436060078947368 0.8885705207100592 0.4989123421052632 0.8701192662721893 0.4811163921052632 0.8478971434911242 0.4785892447368421
1 1 0.5053829236842106 0.9906800192307693 0.5079081789473684 0.9818813298816569 0.5435353921052631 0.9831161819526627 0.5724548210526316 1 0.5753343684210527 1 0.5053829236842106
1 0.7938683949704142 0.4907588868421053 0.8342049911242604 0.5031948710526316 0.8425325428994083 0.4910605342105263 0.839950575443787 0.43059263684210525 0.8175039349112426 0.42280740789473686 0.787403298816568 0.44293075526315784 0.7938683949704142 0.4907588868421053
1 0.6861017174556213 0.4183291605263158 0.6741818653846153 0.34633424736842106 0.6475153180473373 0.34330166842105264 0.6202653727810651 0.3611329289473684 0.6083693713017752 0.42780317894736847 0.611085698224852 0.4568910842105264 0.6556422026627219 0.4645744184210526 0.680265976331361 0.4542933236842105 0.6869997943786982 0.4393614736842105 0.6861017174556213 0.4183291605263158
0 0.8832130133136095 1 0.8998728846153846 0.9322770736842105 0.7643181568047337 0.9138736684210527 0.7353155355029586 1 0.8832130133136095 1
0 0.5963840961538461 0.7289550631578947 0.6951126479289941 0.7576005842105262 0.7293239053254438 0.6663914894736842 0.6577762011834319 0.6477976947368421 0.5963840961538461 0.7289550631578947
0 0.2321310281065089 0.6412211342105263 0.3161495857988166 0.6621786394736842 0.34526970414201186 0.5883567105263158 0.31500415680473376 0.5699760368421053 0.2321310281065089 0.6412211342105263
0 0.9376308195266272 0.6634623263157894 0.9476695103550296 0.6243168499999999 0.8978141079881656 0.5971419289473684 0.8837847204142013 0.6326219052631579 0.9376308195266272 0.6634623263157894
0 0.7334824142011834 0.6526045605263158 0.7573631642011834 0.5931610842105263 0.7143866360946746 0.5819860605263159 0.6848019201183432 0.6423152552631579 0.7334824142011834 0.6526045605263158
0 0.46620136686390534 0.5566138815789473 0.5054304911242604 0.53121275 0.4726575428994083 0.5069635263157894 0.44326097041420115 0.5340413078947368 0.46620136686390534 0.5566138815789473
0 0.24431454437869823 0.41113775526315793 0.20321363313609467 0.42308531315789477 0.2498536375739645 0.44835298421052633 0.3034476050295858 0.42307627105263157 0.24431454437869823 0.41113775526315793
0 0.30099920857988166 0.42850180263157894 0.25892872041420123 0.44748374736842106 0.2957594097633136 0.45642547105263154 0.3414371168639053 0.4340511236842105 0.30099920857988166 0.42850180263157894
0 0.3564047130177515 0.43102018157894734 0.3317742825443787 0.44626138421052636 0.3640428032544379 0.4613388184210526 0.40027001183431954 0.44359363947368424 0.3564047130177515 0.43102018157894734
0 0.526407075443787 0.4574885026315789 0.4864254630177515 0.49046684999999995 0.5382968875739644 0.5001684000000001 0.5705497618343195 0.4772179894736842 0.526407075443787 0.4574885026315789
0 0.607192224852071 0.5194111157894737 0.6389054600591716 0.4869310657894737 0.5833628180473374 0.4634647052631579 0.5588547396449703 0.4920491289473684 0.607192224852071 0.5194111157894737
0 0.6731171065088758 0.5193030631578948 0.6903898417159763 0.4999212684210526 0.6432320843195266 0.4721745131578947 0.6242326597633135 0.504237302631579 0.6731171065088758 0.5193030631578948
0 0.8064326627218934 0.5617793289473684 0.8275729112426036 0.5257328736842105 0.780530276627219 0.5074985236842104 0.7537778357988165 0.5462847921052632 0.8064326627218934 0.5617793289473684
0 0.9620823786982249 0.5958947763157895 0.9682378801775149 0.5410324578947369 0.9049479186390532 0.5257036894736842 0.8854831153846154 0.5719733289473684 0.9620823786982249 0.5958947763157895
0 1 0.4689553684210526 0.9908615591715976 0.4685470394736842 0.9895027958579883 0.4932801684210526 1 0.4947127631578947 1 0.4689553684210526
0 0.9454603402366863 0.4592529578947368 0.9339533520710059 0.4787073078947368 0.9866018165680472 0.4907487868421053 0.9945587603550297 0.4663362789473684 0.9454603402366863 0.4592529578947368
0 0.8938213343195266 0.4492495026315789 0.8798637810650888 0.4692538710526316 0.9303293905325443 0.48104706842105266 0.9411164689349113 0.4575068210526315 0.8938213343195266 0.4492495026315789
0 0.8499204778106509 0.43874906052631574 0.8440593683431952 0.4519730552631579 0.8846642721893492 0.4653968 0.8928809896449703 0.44706801842105265 0.8499204778106509 0.43874906052631574
0 0.7524645532544378 0.42174312105263156 0.7360691982248521 0.43749070526315786 0.7802223624260354 0.45406980789473683 0.7934794778106509 0.4328464078947369 0.7524645532544378 0.42174312105263156
0 0.7105979289940828 0.4105121342105263 0.6897047144970414 0.42726463157894734 0.7305790029585798 0.43246339473684214 0.7461569585798816 0.419374702631579 0.7105979289940828 0.4105121342105263
0 1 0.44137079210526314 0.9904005192307692 0.4395779105263158 0.9880622396449704 0.4595433394736842 1 0.46207378421052636 1 0.44137079210526314
0 0.952075897928994 0.4324655815789473 0.9442633150887574 0.45126026052631585 0.9883977115384615 0.46013186052631583 0.9911006627218936 0.4362226763157894 0.952075897928994 0.4324655815789473
0 0.9085157884615384 0.4207767657894737 0.8985649171597634 0.4493655105263158 0.9435167159763315 0.4555783078947368 0.951615400887574 0.4344842157894737 0.9085157884615384 0.4207767657894737
0 0.8672749127218934 0.4090519763157895 0.8531643801775147 0.4326446368421053 0.8939630088757397 0.4433384 0.9046508698224852 0.42474035526315784 0.8672749127218934 0.4090519763157895
0 0.8243901168639054 0.4041750263157895 0.8120775532544379 0.42246838157894734 0.8494223402366865 0.43221908421052635 0.8606157810650887 0.41092648157894734 0.8243901168639054 0.4041750263157895
0 0.7750311967455622 0.3930538815789474 0.7623536834319526 0.41351133947368424 0.8043052307692308 0.42213478157894735 0.8124935281065089 0.4104073184210526 0.7750311967455622 0.3930538815789474
0 0.7367656582840236 0.38732525526315786 0.7184839097633137 0.403569052631579 0.7555405000000001 0.41383726578947366 0.7691293387573964 0.3977705631578948 0.7367656582840236 0.38732525526315786
0 1 0.4001821921052631 0.97141500147929 0.3947322842105263 0.95980850147929 0.4156023394736842 0.9958302573964497 0.4307063552631579 1 0.4113277657894737 1 0.4001821921052631
0 0.8566183846153846 0.37754640789473687 0.8446224437869823 0.39975124736842105 0.871246701183432 0.4055309026315789 0.8930237869822485 0.3777366894736842 0.8566183846153846 0.37754640789473687
0 0.8238109112426035 0.3724384894736842 0.8031716804733728 0.3955877894736842 0.8367084319526628 0.3960993631578947 0.8480907544378699 0.37923135789473683 0.8238109112426035 0.3724384894736842
0 0.7833243698224852 0.3692112552631579 0.7673624142011835 0.38546129736842105 0.7974169008875739 0.39163104473684207 0.8093993224852072 0.37428091842105266 0.7833243698224852 0.3692112552631579
0 0.753517622781065 0.36169061315789475 0.7284348239644971 0.37498022631578953 0.7580072928994083 0.3843974131578948 0.7744262633136095 0.3692029289473684 0.753517622781065 0.36169061315789475
0 0.6021689023668638 0.3789035552631579 0.5504411464497041 0.3998693684210526 0.5910696198224852 0.41384620263157895 0.6179542011834319 0.38938471315789475 0.6021689023668638 0.3789035552631579
0 0.8956721109467455 0.5124341684210526 0.9072897026627219 0.49209072368421053 0.8798161701183431 0.4754068421052631 0.8731162603550295 0.4856524578947368 0.8956721109467455 0.5124341684210526
0 0.7789080576923076 0.48869833421052633 0.7906382218934912 0.4678089815789474 0.7613748994082841 0.4487284289473685 0.7494021360946745 0.4517698526315789 0.7789080576923076 0.48869833421052633