1 0.36104605276381907 0.7582671524663677 0.26440092462311554 0.7504171412556053 0.3589174221105527 0.9136767668161435 0.4147386620603015 0.9168786973094171 0.42851395854271357 0.9143260762331838 0.36104605276381907 0.7582671524663677
1 0.3439826457286432 0.6256009170403588 0.3032561771356784 0.5519599573991031 0.18671988190954775 0.5318010560538117 0.15428497864321608 0.5602123699551569 0.24774923743718594 0.7216544529147982 0.33758518592964826 0.729064302690583 0.3439826457286432 0.6256009170403588
1 0.193034533919598 0.4120711547085202 0.13320172864321608 0.3976423408071749 0.0719565 0.37857819730941705 0.10484322613065326 0.4748109573991032 0.12580250753768843 0.5110142085201794 0.2550775565326633 0.53021683632287 0.193034533919598 0.4120711547085202
1 0.01361469095477387 0.19789837668161434 0.02135355527638191 0.31038780493273543 0.02493612311557789 0.31821742600896863 0.14022116834170856 0.3854081950672646 0.1486545703517588 0.3452931098654709 0.10157963442211056 0.2442197130044843 0.059595036432160804 0.20792625784753363 0.01361469095477387 0.19789837668161434
1 0.09231377763819096 0.2202602668161435 0.039067672110552766 0.09342817937219731 0.03528830025125628 0.09119267040358744 0.009594095477386934 0.13945641704035874 0.01234115703517588 0.17938672869955155 0.09231377763819096 0.2202602668161435
1 0.6426340665829146 1 0.6425255929648241 0.9744135560538116 0.6074488354271357 0.9193139596412556 0.549077972361809 0.9546154215246637 0.5738721356783919 1 0.6426340665829146 1
1 0.5601635075376884 0.9133850134529148 0.5698566608040201 0.8499892959641256 0.5371107010050251 0.7934267578475337 0.5027872047738694 0.7879311816143497 0.4728804510050251 0.8164116704035874 0.517951641959799 0.9005390986547086 0.5601635075376884 0.9133850134529148
1 0.43434122613065324 0.6016403071748878 0.4155602487437186 0.5538305515695067 0.3660739824120603 0.5243397578475336 0.32858092964824115 0.5452052914798207 0.37453783793969847 0.6498365493273544 0.4290978190954774 0.6701569641255606 0.43434122613065324 0.6016403071748878
1 0.31574911432160807 0.5197473923766815 0.37912057914572866 0.5391907197309417 0.38069315703517587 0.4925063766816144 0.3580639861809045 0.44463640807174887 0.31990241959798993 0.4303156479820628 0.28100693969849244 0.4377809058295964 0.31574911432160807 0.5197473923766815
1 0.3309882889447236 0.4287311300448431 0.3378725703517588 0.39393089910313905 0.3318218680904522 0.37249318834080714 0.30983238190954776 0.3372570134529148 0.28908849120603014 0.3179051793721973 0.24426157160804018 0.3146321905829596 0.23181045477386933 0.3453098744394619 0.2699590992462311 0.41944422869955156 0.28312883291457286 0.4202199977578475 0.28868129899497486 0.43530397085201794 0.3309882889447236 0.4287311300448431
1 0.21674836180904525 0.24238919730941705 0.2238673932160804 0.2217272578475336 0.20291749371859297 0.16631428251121075 0.16827088316582914 0.12569465022421525 0.13257031532663316 0.11621324439461884 0.12115878391959799 0.12671412331838566 0.12417694974874373 0.14291369058295963 0.160567391959799 0.20577139686098656 0.17879135552763817 0.2152774013452915 0.20306602010050254 0.24622111659192825 0.21674836180904525 0.24238919730941705
1 0.6042232110552764 0.8594950941704036 0.5860279886934673 0.8280662421524664 0.561461092964824 0.8268299327354259 0.5695047462311558 0.8736825829596413 0.5608622625628141 0.8972061614349776 0.5729924095477388 0.9181587286995515 0.5932524346733669 0.9201954080717488 0.6092486984924623 0.8901481793721973 0.6042232110552764 0.8594950941704036
1 0.4752613555276382 0.6971618834080717 0.479319108040201 0.6931846502242152 0.4963405879396985 0.6539220448430493 0.4968675653266331 0.6383529349775784 0.48752083542713565 0.6194616412556054 0.45767933417085427 0.5843953766816143 0.43361067713567836 0.5895128026905829 0.4322932298994975 0.6284355807174887 0.4459324610552764 0.6574879349775785 0.4474271746231156 0.6765491412556054 0.4514705565326633 0.6835333295964126 0.4616077537688442 0.6790709551569507 0.4752613555276382 0.6971618834080717
1 0.4602136331658292 0.5832797847533633 0.4508956444723618 0.5424656434977578 0.40690230402010047 0.4829547152466368 0.3881657336683417 0.478056399103139 0.3813101934673367 0.4909337825112108 0.38454873743718593 0.532233062780269 0.4060543555276382 0.5501540784753364 0.4282929585427136 0.5885671210762332 0.44348438316582917 0.5928349843049328 0.4602136331658292 0.5832797847533633
1 0.3384714020100502 0.323554668161435 0.3000305263819095 0.2791277130044843 0.2883698756281407 0.28645172869955154 0.2696333065326633 0.28155341031390135 0.2908610640703518 0.3182204058295964 0.318431756281407 0.3466177062780269 0.34395201507537687 0.39344575784753366 0.3538688341708543 0.36388367040358743 0.3384714020100502 0.323554668161435
1 0.16988055904522614 0.05706446860986547 0.16195373366834173 0.033784804932735425 0.11106136809045226 0.023168262331838566 0.15490951130653266 0.07789632062780269 0.16988055904522614 0.05706446860986547
1 0.26181003015075377 0.25980047533632283 0.29370196356783923 0.2764359843049327 0.29878493216080404 0.26324337668161435 0.2555533190954774 0.2023016278026906 0.22694304145728642 0.19408113004484306 0.22060010678391961 0.20235082286995518 0.22131872361809043 0.23380427354260092 0.23522144221105526 0.25507206950672645 0.24253211055276383 0.2814326928251121 0.24962240075376885 0.2826936031390134 0.26181003015075377 0.25980047533632283
1 0.4320680301507538 0.41381479820627803 0.427789898241206 0.39269231614349775 0.41136725 0.3615786905829596 0.39569195728643214 0.33999566591928254 0.3807496507537689 0.3389046726457399 0.3741863404522613 0.32207465246636774 0.36631995351758795 0.3332059887892377 0.3551144283919598 0.37976800896860985 0.37684042462311557 0.4227887399103139 0.41150140577889444 0.45244694843049327 0.4320680301507538 0.41381479820627803
1 0.5727959510050251 0.6816150986547086 0.5669943668341708 0.6633542600896861 0.5541024912060302 0.6438325089686099 0.5427053304020101 0.6433719686098655 0.5157957726130653 0.6902738139013453 0.5451102952261306 0.7409091883408071 0.573207966080402 0.7537373766816143 0.5897168366834171 0.7190824618834081 0.5844278605527637 0.6962139304932735 0.5727959510050251 0.6816150986547086
1 0.6452989761306533 0.8260764910313901 0.6344144233668342 0.8210082600896862 0.612338716080402 0.8515406278026906 0.6416532386934674 0.9021760022421524 0.6550720917085426 0.906128639013453 0.6680214484924624 0.8818046905829596 0.6604616608040201 0.852267201793722 0.6452989761306533 0.8260764910313901
1 0.6025656005025126 0.7714884798206278 0.6275732525125628 0.8229242219730941 0.637446959798995 0.826246403587444 0.6549666771356784 0.7933375358744394 0.6413274472361808 0.7642851816143498 0.6132441457286432 0.7404955717488789 0.6025656005025126 0.7714884798206278
1 0.548315277638191 0.6146102466367713 0.5628168278894472 0.5655018139013452 0.5446216067839196 0.5340729596412556 0.5193217248743719 0.5123446233183857 0.48940837185929653 0.5320854798206278 0.48204022236180905 0.5495705493273543 0.511603864321608 0.6033827914798207 0.5325968743718593 0.625911495515695 0.5422214635678392 0.6260568094170403 0.548315277638191 0.6146102466367713
0 0.4750802989949749 1 0.44574861432160806 0.9483298744394619 0.38623475753768843 0.9608623721973094 0.40889284798994974 1 0.4750802989949749 1
0 0.38429663065326636 0.668104470852018 0.4460803165829145 0.793109571748879 0.4998959673366834 0.7862304977578475 0.45442804145728644 0.696715130044843 0.38429663065326636 0.668104470852018
0 0.1505971243718593 0.21581562107623317 0.2042712487437186 0.3204982533632287 0.24885626005025127 0.31653581614349774 0.23299214949748742 0.2734507668161435 0.1505971243718593 0.21581562107623317
0 0.6662678266331659 1 0.64319 0.9409308049327355 0.6217374510050251 0.9427972847533632 0.6435070816582914 1 0.6662678266331659 1
0 0.5073026557788944 0.7840541950672646 0.5435145540201005 0.7813487645739909 0.5162053743718593 0.7275764820627804 0.4756098618090452 0.72432083632287 0.5073026557788944 0.7840541950672646
0 0.3459487826633166 0.4364839686098655 0.38228445351758794 0.4678975852017937 0.3664985565326633 0.41908618385650226 0.33669292211055274 0.39953827130044844 0.3459487826633166 0.4364839686098655
0 0.23307909296482412 0.1152919260089686 0.19970893969849243 0.07510058968609866 0.22513563065326633 0.13997830941704037 0.27175635678391963 0.18757310986547085 0.23307909296482412 0.1152919260089686
0 0.2682580540201005 0.18751846412556053 0.23193699623115577 0.1497304439461883 0.25554438190954776 0.1954977735426009 0.2955451934673367 0.2356498878923767 0.2682580540201005 0.18751846412556053
0 0.3072745540201005 0.25094137668161437 0.28468740703517587 0.2308670112107623 0.3030496256281407 0.2745602130044843 0.3347744547738693 0.30640506053811656 0.3072745540201005 0.25094137668161437
0 0.42098488819095475 0.45484540358744396 0.38168041457286433 0.4263481233183857 0.41585506532663313 0.48937045067264573 0.4463911809045226 0.5141720515695067 0.42098488819095475 0.45484540358744396
0 0.4592086344221106 0.5762315538116592 0.4924104346733668 0.59569783632287 0.46000766080402006 0.5217240986547086 0.4332329309045226 0.508409562780269 0.4592086344221106 0.5762315538116592
0 0.5066276582914573 0.6501551726457399 0.5252531193467337 0.6599180739910314 0.5002486494974875 0.5932289372197309 0.47631877512562815 0.5878222937219731 0.5066276582914573 0.6501551726457399
0 0.5888394798994975 0.8208363923766816 0.6155845728643216 0.8266681659192825 0.5876148190954774 0.7648294282511211 0.5559579761306532 0.7540597869955157 0.5888394798994975 0.8208363923766816
0 0.703242052763819 1 0.7117870213567838 0.9921081121076233 0.6712082562814071 0.9134796255605382 0.6423916293969849 0.9146019282511211 0.6837616959798996 1 0.703242052763819 1
0 0.7626512663316584 1 0.7512743768844221 0.9815190672645739 0.7423725866834171 0.9922699260089687 0.7467579547738694 1 0.7626512663316584 1
0 0.7216197097989949 0.9259594820627803 0.7071152085427136 0.9227025919282511 0.7410985917085428 0.9877582286995515 0.754640175879397 0.9845706121076233 0.7216197097989949 0.9259594820627803
0 0.6877088517587939 0.8630481210762332 0.6712667336683417 0.8573143295964125 0.703760716080402 0.9197972600896861 0.7190570012562814 0.9202183856502242 0.6877088517587939 0.8630481210762332
0 0.6595191407035175 0.8085734170403587 0.651069067839196 0.8085597578475336 0.6759530603015075 0.8607868273542602 0.687731972361809 0.8609101995515696 0.6595191407035175 0.8085734170403587
0 0.5949205376884422 0.6907733632286995 0.5780902060301507 0.680191273542601 0.6045134974874372 0.7379660762331839 0.620842777638191 0.7423088430493274 0.5949205376884422 0.6907733632286995
0 0.568427046482412 0.6382187780269059 0.5480418153266332 0.6230881995515695 0.5757549371859296 0.6715353161434977 0.5911457751256282 0.6825198340807175 0.568427046482412 0.6382187780269059
0 0.7783284434673367 1 0.7602254849246232 0.9666237062780269 0.7521473542713568 0.973909096412556 0.7659829170854271 1 0.7783284434673367 1
0 0.7349581268844221 0.9200879417040358 0.723320407035176 0.9206492982062779 0.7521999020100503 0.974577639013453 0.7618038291457286 0.9657440941704035 0.7349581268844221 0.9200879417040358
0 0.7073941206030151 0.8654057869955157 0.6910811934673368 0.8684286860986546 0.7214001595477386 0.9219546457399104 0.7339803140703518 0.9205730896860986 0.7073941206030151 0.8654057869955157
0 0.6815086206030151 0.8133082959641256 0.6638067613065326 0.8091837869955156 0.6897047575376885 0.8602732937219731 0.7033461168341709 0.8630360067264574 0.6815086206030151 0.8133082959641256
0 0.6522473002512563 0.7627648183856502 0.6375357952261307 0.7580277309417041 0.661253478643216 0.804773466367713 0.6761216381909547 0.8067661457399103 0.6522473002512563 0.7627648183856502
0 0.6203334221105528 0.7018573116591929 0.6046661683417086 0.6977847869955157 0.6320562286432161 0.7491404887892376 0.6416994698492462 0.7525083475336323 0.6203334221105528 0.7018573116591929
0 0.594665154522613 0.656074605381166 0.5763199522613065 0.6436219887892377 0.5996646658291458 0.6903011748878923 0.6145800301507538 0.697575562780269 0.594665154522613 0.656074605381166
0 0.8021828718592965 1 0.7798322022613066 0.9585694551569507 0.7657467462311558 0.9667768901345292 0.7856499472361809 1 0.8021828718592965 1
0 0.7609491306532663 0.9230613542600896 0.7459194748743718 0.9203954461883408 0.7669708680904523 0.9683135134529147 0.781263777638191 0.9606458609865471 0.7609491306532663 0.9230613542600896
0 0.6839443278894471 0.785713235426009 0.6682070552763819 0.783272798206278 0.6854916457286432 0.8160176300448431 0.7100502324120602 0.826659798206278 0.6839443278894471 0.785713235426009
0 0.6620002273869346 0.7463633363228699 0.6397478429648241 0.7346926345291479 0.6636889145728644 0.7725796210762332 0.677275074120603 0.7769802780269058 0.6620002273869346 0.7463633363228699
0 0.6339340703517587 0.69932983632287 0.6172542487437186 0.689483461883408 0.6368793655778895 0.7262711210762332 0.6510513379396985 0.7311058856502242 0.6339340703517587 0.69932983632287
0 0.6149198844221105 0.6621496995515694 0.5926329346733669 0.6405990986547085 0.6108710276381909 0.6784576367713004 0.6275411042713568 0.6893407421524663 0.6149198844221105 0.6621496995515694
0 0.5006204560301507 0.5008577130044843 0.45672242211055275 0.4532174798206278 0.4814461319095477 0.5057455067264575 0.5086079070351759 0.5237731278026906 0.5006204560301507 0.5008577130044843
0 0.6687930565326633 0.8964848789237667 0.6836619447236182 0.8994246053811659 0.6692609359296483 0.8603147556053812 0.6611623140703518 0.8578816098654709 0.6687930565326633 0.8964848789237667
0 0.5924729133165829 0.7536781210762332 0.6075976381909548 0.7564732242152467 0.5926781520100503 0.7141654529147982 0.5830980125628141 0.7022398071748879 0.5924729133165829 0.7536781210762332