1 0.5496946175548589 0.8987530167597765 0.6498607429467085 0.7846683603351955 0.5382026818181819 0.7347825391061452 0.43956845454545457 0.8918807234636871 0.4552922241379311 0.9038106396648045 0.47317155485893414 0.9122847765363129 0.5496946175548589 0.8987530167597765
1 0.6320057946708464 0.5073467402234637 0.5751038369905956 0.5758855502793295 0.5692858808777429 0.7122020195530726 0.6729515297805643 0.7583690027932961 0.8034202946708463 0.6097710223463687 0.7703819984326019 0.5548839273743017 0.6320057946708464 0.5073467402234637
1 0.84995234169279 0.41701230446927373 0.7783831285266457 0.397820625698324 0.6909336253918495 0.5098544413407822 0.8419703260188087 0.5658642932960894 0.876626327586207 0.5263926843575418 0.9237619576802508 0.43116564525139667 0.84995234169279 0.41701230446927373
1 0.9872185595611286 0.3821820837988827 0.9907041065830721 0.2297367374301676 0.9600571692789969 0.22074083798882682 0.9064801943573668 0.24073435754189945 0.8386618244514107 0.3403553910614525 0.8433425721003134 0.3969533715083799 0.9862940940438871 0.3835668407821229 0.9872185595611286 0.3821820837988827
1 0.9937783369905956 0.09528088547486034 0.9203504796238245 0.21592814245810055 0.9910518793103449 0.21452639664804468 0.9937783369905956 0.09528088547486034
1 0.17832229467084637 0.9644236927374302 0.14046132445141066 0.9043237039106146 0.0873599827586207 0.9805087821229052 0.17832229467084637 0.9644236927374302
1 0.223579802507837 0.9535281787709498 0.293916724137931 0.8675491731843575 0.23043044827586207 0.7856903715083798 0.18249014106583072 0.8340757960893854 0.17497642006269593 0.9060408966480447 0.223579802507837 0.9535281787709498
0 0.30762388244514105 0.7727226340782123 0.27393487460815047 0.8224600502793296 0.3364865062695925 0.8435745586592178 0.40254835579937304 0.7523480502793296 0.3937353040752351 0.7355664413407821 0.3530359686520376 0.7210003379888268 0.30762388244514105 0.7727226340782123
1 0.5009070971786834 0.4390879972067039 0.47289007680250783 0.48840406145251397 0.4702104012539185 0.5793104329608939 0.5363914028213166 0.5876517737430168 0.6033634310344828 0.4827781787709497 0.5623524984326018 0.4325118938547486 0.5009070971786834 0.4390879972067039
1 0.5452452727272727 0.44329321787709497 0.6215810595611285 0.4582993407821229 0.6725780172413793 0.3753505055865922 0.6282139514106583 0.3413360027932961 0.5819103228840126 0.3356395558659218 0.549401592476489 0.38261171229050284 0.5452452727272727 0.44329321787709497
1 0.6518854012539186 0.22868311731843574 0.6217427210031348 0.2599036983240223 0.6119422805642634 0.28350818156424584 0.6154997617554859 0.33233585474860333 0.663953460815047 0.367355466480447 0.6723582805642633 0.35156164525139666 0.6878034090909091 0.35885480726256985 0.7318334545454546 0.2906695530726257 0.7311920313479624 0.241004874301676 0.6785390329153604 0.21698918994413408 0.6518854012539186 0.22868311731843574
1 0.8439748652037617 0.047228653631284916 0.7983932774294671 0.07737010335195531 0.7668736410658307 0.13504343575418995 0.772518329153605 0.16594108659217877 0.7879696786833855 0.17944827653631282 0.8202244514106583 0.1551537932960894 0.8426787805642633 0.1544637932960894 0.8931450376175549 0.0969850251396648 0.8987399561128526 0.07817043575418994 0.8867900956112852 0.05756464804469274 0.8439748652037617 0.047228653631284916
1 0.0778721880877743 0.9228952765363128 0.07285705015673982 0.9572854217877096 0.07494297648902822 0.9784665418994414 0.07682936363636364 0.98237093575419 0.08981168181818182 0.9800752430167597 0.09686235423197492 0.9665880530726257 0.12489916300940439 0.9346554050279329 0.12838199059561128 0.9089147206703911 0.11220794670846394 0.8744567402234638 0.08766640752351097 0.8930767625698324 0.0778721880877743 0.9228952765363128
1 0.23207463322884012 0.7472657150837988 0.2468592774294671 0.7957483854748604 0.2707278918495298 0.8058898128491621 0.2875499764890282 0.7867302234636873 0.3271635407523511 0.7245364832402234 0.29588014576802507 0.6963680446927374 0.2670957601880878 0.6824937849162012 0.241862631661442 0.7112331675977653 0.23207463322884012 0.7472657150837988
1 0.47183911285266456 0.5239538100558659 0.4752970548589342 0.47335700558659216 0.44790828996865206 0.4516720865921788 0.4086380956112852 0.47773570391061454 0.3953237210031348 0.4960107262569833 0.39394054388714733 0.5162494497206704 0.4087376300940439 0.5771601787709497 0.41295559404388715 0.5847983407821229 0.4311857398119122 0.5702561508379889 0.4424253479623825 0.5823392094972067 0.448032710031348 0.5759526815642458 0.4522195673981191 0.5525206955307262 0.47183911285266456 0.5239538100558659
1 0.45529547492163014 0.4453913798882682 0.4637678526645768 0.4727115446927374 0.5128571520376175 0.44168552793296095 0.5402148119122258 0.43230030167597766 0.5492863385579937 0.3815309972067039 0.5429500626959247 0.3607527122905028 0.5204895109717869 0.3552286787709497 0.4615935501567398 0.40364515083798885 0.45529547492163014 0.4453913798882682
1 0.5971576347962383 0.23502551396648044 0.6049206379310345 0.27906328770949723 0.6406644561128526 0.23524214525139667 0.6764331598746081 0.21627712290502793 0.7058718087774294 0.18274784357541898 0.6834112570532915 0.17722381284916203 0.6707635893416929 0.16052335474860335 0.6202724514106583 0.1931460027932961 0.5971576347962383 0.23502551396648044
1 0.7324445673981191 0.09027153072625699 0.6742526379310345 0.14099669832402234 0.6784830438871473 0.16106292178770948 0.7177781206896552 0.1598554245810056 0.7290426128526646 0.19679460055865922 0.7374660987460815 0.1996428659217877 0.7493661880877742 0.1705364162011173 0.768294144200627 0.1520888938547486 0.7731663714733542 0.11232351675977653 0.7668363166144201 0.09775925977653632 0.7324445673981191 0.09027153072625699
1 0.5514889545454545 0.17817054469273744 0.5304551269592476 0.195906 0.5073278699059561 0.2253574525139665 0.4996333009404389 0.24967400279329607 0.518642131661442 0.3120088659217877 0.5628343197492163 0.29589210893854745 0.5936685877742947 0.2545521675977654 0.5865847335423198 0.1879669720670391 0.578846617554859 0.1687853156424581 0.5690399545454545 0.18617577653631284 0.5514889545454545 0.17817054469273744
1 0.3104035078369906 0.483861466480447 0.3013008761755486 0.5035606229050279 0.28587441222570537 0.5149095502793296 0.2767780015673981 0.5408227346368716 0.2915688667711599 0.5955194357541899 0.3180571865203762 0.5871408351955307 0.3639385313479624 0.531612279329609 0.3412688824451411 0.4735916731843575 0.3279296238244514 0.46701057541899443 0.3104035078369906 0.483861466480447
1 0.176630394984326 0.7388713519553073 0.19277333385579937 0.7422591843575419 0.23342670532915363 0.695956843575419 0.21162041692789968 0.6430292737430168 0.19828737931034482 0.6426622094972066 0.17725977272727272 0.6666116927374302 0.16466187304075236 0.6996234748603352 0.176630394984326 0.7388713519553073
1 0.034303156739811914 0.8605383491620111 0.051891481191222576 0.9058277541899441 0.09464450470219436 0.8540234497206703 0.08690016614420062 0.8286277653631284 0.0672308526645768 0.8074824134078212 0.045492996865203764 0.8229091675977653 0.03498230407523511 0.8379909273743016 0.034303156739811914 0.8605383491620111
1 0.2193460909090909 0.6497828715083799 0.2550836912225705 0.5997477011173185 0.24661665987460815 0.5534012262569832 0.21084173354231972 0.5661522206703911 0.19122218965517243 0.5947191033519553 0.20741489498432603 0.6478191731843576 0.2193460909090909 0.6497828715083799
1 0.3278238667711599 0.36137207262569837 0.3384216536050157 0.4332867318435754 0.34405389811912224 0.45175631843575415 0.3552872852664577 0.45762534916201114 0.38263872570532914 0.44202608938547483 0.42398990752351096 0.3918184217877095 0.4176474090909091 0.3648261033519553 0.3853242068965517 0.32076625977653633 0.3530569937304075 0.3326326899441341 0.3278238667711599 0.36137207262569837
0 0.43728825862068965 0.5973333575418994 0.37282508150470217 0.68318687150838 0.4346495971786834 0.7258381452513967 0.5226768510971787 0.6048705000000001 0.43728825862068965 0.5973333575418994
0 0.7496061630094044 0.19543849720670392 0.7255940188087775 0.2405483938547486 0.7770369749216302 0.27366336033519556 0.8530078354231976 0.17357898324022344 0.7496061630094044 0.19543849720670392
0 0.21076862852664577 0.8067279804469274 0.1860111630094044 0.7908456229050279 0.14549580721003133 0.8625589553072626 0.16747174137931034 0.8854277932960894 0.21076862852664577 0.8067279804469274
0 0.40906552821316616 0.6193054636871508 0.3613452664576802 0.5979295810055866 0.30338564420062697 0.6727217150837989 0.3523870094043887 0.7005503184357542 0.40906552821316616 0.6193054636871508
0 0.6125975094043887 0.2914200810055866 0.5753598181818181 0.29766397206703915 0.5507042304075235 0.3501449832402235 0.5970729796238244 0.33283724860335195 0.6125975094043887 0.2914200810055866
0 0.7639347539184953 0 0.7172197601880878 0.06314194413407821 0.7573801630094044 0.037982530726256986 0.7867804106583073 0 0.7639347539184953 0
0 0.6795910423197492 0.1134214748603352 0.725405920062696 0.07914551955307263 0.7524167680250784 0.046354787709497206 0.7175608620689655 0.0690453407821229 0.6795910423197492 0.1134214748603352
0 0.6267801692789968 0.17354367877094973 0.6678316034482759 0.15278387430167598 0.6948326034482759 0.10846793296089385 0.6659384921630094 0.11992611731843575 0.6267801692789968 0.17354367877094973
0 0.47006977115987464 0.3689835195530726 0.5088325830721003 0.3564816312849162 0.5567380736677116 0.2973984189944134 0.5072841285266457 0.3091095530726257 0.47006977115987464 0.3689835195530726
0 0.4861412210031348 0.36989326536312844 0.4532348181818182 0.3700736927374301 0.40598909090909097 0.44427444134078214 0.4471735846394984 0.4402714581005587 0.4861412210031348 0.36989326536312844
0 0.4257496661442006 0.4443277737430168 0.39717257523510974 0.4361865977653631 0.3594819623824451 0.5057272849162011 0.3824370799373041 0.5049613966480447 0.4257496661442006 0.4443277737430168
0 0.3116275078369906 0.6067836620111732 0.27335884169278996 0.6006387541899442 0.2328352398119122 0.6621120949720671 0.26474721316614425 0.6714807374301677 0.3116275078369906 0.6067836620111732
0 0.19031893730407526 0.7576828770949721 0.1568852539184953 0.7381193072625698 0.09951559561128526 0.8131282569832402 0.12254778996865204 0.8529551983240223 0.19031893730407526 0.7576828770949721
0 0.01876556739811912 0.8467483575418995 0.06385598432601881 0.7940937597765364 0.054862589341692795 0.7747472234636872 0.01093096394984326 0.8210566648044693 0.01876556739811912 0.8467483575418995
0 0.05054924451410659 0.7765316089385474 0.06591923197492162 0.7891264217877094 0.11386269122257053 0.7273230223463687 0.09654398589341694 0.7223626061452514 0.05054924451410659 0.7765316089385474
0 0.10026657366771159 0.7166340418994412 0.1181441065830721 0.7257184776536313 0.1640220579937304 0.6662676480446927 0.144127868338558 0.6632553240223463 0.10026657366771159 0.7166340418994412
0 0.14437518181818182 0.6605071592178772 0.1581160078369906 0.6677595307262569 0.1938110329153605 0.6166347486033519 0.18396310188087775 0.6113362653631285 0.14437518181818182 0.6605071592178772
0 0.23752998746081502 0.5509394329608939 0.2571142554858934 0.5556593826815642 0.295314565830721 0.4984094525139665 0.2743460752351097 0.5013521033519552 0.23752998746081502 0.5509394329608939
0 0.2798032695924765 0.4931735642458101 0.2991460564263323 0.4888107681564246 0.337652736677116 0.4442989636871509 0.31195852978056426 0.4508210810055866 0.2798032695924765 0.4931735642458101
0 0.006264206896551724 0.799487315642458 0.007218725705329153 0.8088832821229051 0.010710650470219437 0.8203342011173185 0.054821594043887145 0.7644676648044693 0.04634338871473354 0.7500703603351956 0.006264206896551724 0.799487315642458
0 0.044617109717868336 0.747952720670391 0.054674605015673984 0.7652894245810056 0.0952435 0.7145029134078212 0.08175502821316614 0.7064638435754189 0.044617109717868336 0.747952720670391
0 0.08283215830721002 0.707699312849162 0.09731355329153606 0.7173800027932962 0.13950812852664576 0.6680135558659218 0.12088779153605016 0.653885905027933 0.08283215830721002 0.707699312849162
0 0.12590859717868338 0.6534024217877095 0.14215815830721004 0.6584517094972067 0.1788887884012539 0.6094193603351955 0.15773316614420063 0.6035568491620111 0.12590859717868338 0.6534024217877095
0 0.164849407523511 0.5985807849162011 0.1824296802507837 0.6053864441340783 0.21606254545454545 0.5605365558659218 0.19831275548589342 0.5573385446927375 0.164849407523511 0.5985807849162011
0 0.21191898902821318 0.5508599162011173 0.22358750156739815 0.5526202234636872 0.2620908589341693 0.5041861648044693 0.24331266300940438 0.499537156424581 0.21191898902821318 0.5508599162011173
0 0.25056588714733546 0.49768182960893853 0.2688787053291536 0.497763812849162 0.30206844514106584 0.4527643798882682 0.27909484639498433 0.45714574301675975 0.25056588714733546 0.49768182960893853
0 0 0.7852112094972067 0.001169780564263323 0.7890472234636872 0.03989026645768025 0.7467927960893854 0.024530493730407523 0.7274373212290502 0 0.7578782737430168 0 0.7852112094972067
0 0.0225960329153605 0.7291916787709497 0.03826677742946709 0.7479874804469273 0.06894321943573668 0.6999612402234637 0.051088407523510966 0.6939147988826816 0.0225960329153605 0.7291916787709497
0 0.12276321786833856 0.6026729944134078 0.1527445172413793 0.604515377094972 0.17708537460815046 0.5735204553072626 0.1584349592476489 0.5667405558659219 0.12276321786833856 0.6026729944134078
0 0.16732636677115986 0.5597699301675978 0.18372172570532916 0.562690159217877 0.21647847962382444 0.5293079022346369 0.18905246865203762 0.5302314720670391 0.16732636677115986 0.5597699301675978
0 0.20376755329153606 0.5176107262569832 0.22090120062695925 0.5203444301675978 0.2484879028213166 0.48565263966480443 0.22778916927899687 0.4877492681564246 0.20376755329153606 0.5176107262569832
0 0.23651978056426332 0.478998689944134 0.25734015360501566 0.4755703296089385 0.28344804231974924 0.4386367011173184 0.25471434952978056 0.4521713072625698 0.23651978056426332 0.478998689944134
0 0.39634208150470224 0.3421192094972067 0.4303040752351097 0.33615596648044693 0.4658509404388715 0.284545530726257 0.4085888181818182 0.3178436843575419 0.39634208150470224 0.3421192094972067
0 0.17572313793103447 0.6733496899441341 0.1659743526645768 0.6713659413407821 0.1441769827586207 0.7123134525139665 0.1618795909090909 0.7179086424581006 0.17572313793103447 0.6733496899441341
0 0.2866509686520376 0.5234510474860335 0.27395818338558 0.5326727150837989 0.25114644200626957 0.5773830223463687 0.269128605015674 0.5833240782122905 0.2866509686520376 0.5234510474860335