1 1 0.4940438608247423 0.9884491979768786 0.4678472963917526 0.9222825794797689 0.549195768041237 0.9394741950867052 0.6152270335051546 1 0.521801368556701 1 0.4940438608247423
1 0.6968083106936416 0.845063636597938 0.701012465317919 0.983308793814433 0.7962527427745665 0.8362990025773196 0.7941893497109827 0.7816938891752577 0.7909213684971098 0.7519606546391753 0.6968083106936416 0.845063636597938
1 0.6839010303468208 1 0.6804560895953757 0.8852485463917525 0.6121215115606936 0.8395706340206185 0.5687443135838149 0.9021787809278351 0.5688958020231214 1 0.6839010303468208 1
1 0.9369847817919075 0.15756722164948453 0.9227526098265896 0.18330334536082474 0.9763304465317919 0.28463495103092784 0.9904507947976878 0.2644749793814433 0.9369847817919075 0.15756722164948453
1 0.8813943323699422 0.4065408118556701 0.9352410867052023 0.3288263530927835 0.8949250968208093 0.227706043814433 0.8470489075144508 0.2827681597938144 0.8813943323699422 0.4065408118556701
1 0.8053123294797687 0.3211081108247423 0.7733915997109827 0.37762528092783504 0.8032350115606935 0.5112450850515464 0.8574753843930636 0.43436123969072166 0.8421302485549134 0.3381799355670103 0.8053123294797687 0.3211081108247423
1 0.7750118049132948 0.4751104226804124 0.7324700462427746 0.4349941365979382 0.6993228078034682 0.48615913917525777 0.69972025 0.5565503195876288 0.7218007037572254 0.6282500103092784 0.7715238193641619 0.5597824149484536 0.7750118049132948 0.4751104226804124
1 0.5859706676300578 0.6422878015463918 0.5569190910404624 0.6668438092783504 0.5434023367052023 0.7616107087628866 0.5613893945086705 0.8468741984536083 0.6244045086705202 0.7829348737113402 0.6313409104046243 0.6746521417525774 0.5859706676300578 0.6422878015463918
1 0.5462488424855492 0.8658975025773196 0.5515885563583814 0.7388311391752577 0.5209075621387284 0.7209809819587628 0.49226372109826594 0.7536021520618557 0.4873416806358382 0.8293061030927834 0.49673743930635833 0.9133402113402063 0.5462488424855492 0.8658975025773196
1 0.4850185997109827 0.8055242164948453 0.4614842427745665 0.7802187706185566 0.44818221387283236 0.7862496262886598 0.4277175578034682 0.8214636365979382 0.41748522687861267 0.8590105077319589 0.420554926300578 0.9521588402061856 0.4420428179190751 0.9878740077319588 0.4860418338150289 0.930834850515464 0.4850186011560694 0.9034108376288661 0.4942276965317919 0.896446837628866 0.4850185997109827 0.8055242164948453
1 0.37827237427745664 1 0.37655591040462427 0.9874454149484536 0.36223065028901735 0.9660522577319588 0.3284639638728324 0.9927954046391753 0.32576654479768785 1 0.37827237427745664 1
1 0.8503127500000001 0.19453746391752577 0.8370107225433525 0.2259463350515464 0.8513359826589596 0.26546664175257734 0.8646380115606938 0.2703120798969072 0.8851026690751445 0.23872349742268043 0.8810097384393063 0.23053949226804127 0.886125901734104 0.21539148711340209 0.8666844768786128 0.19101918298969073 0.8503127500000001 0.19453746391752577
1 0.7346874306358382 0.36576208247422676 0.7162692384393063 0.3941918067010309 0.7183157052023121 0.4454144020618557 0.7479894580924855 0.4431161262886598 0.7643611849710983 0.4686012860824742 0.7766399797687862 0.44964813917525775 0.7756167471098266 0.40772240206185567 0.7541288554913295 0.3647563762886598 0.7346874306358382 0.36576208247422676
1 0.6436197023121387 0.5860907345360825 0.6405500028901734 0.5763272989690722 0.6129227138728324 0.5283361237113402 0.6026903858381504 0.5223778324742269 0.5914348236994219 0.5361261211340206 0.5719933973988439 0.5878878556701032 0.5781327947976879 0.6400435979381444 0.6037136170520231 0.654939324742268 0.6211085780346821 0.6353398943298969 0.6333873713872832 0.6381393273195877 0.6374803049132948 0.6318216108247423 0.6333873713872832 0.6091358840206186 0.6436197023121387 0.5860907345360825
1 0.5709701647398844 0.5822164226804123 0.5453893424855492 0.5890732757731959 0.5116226560693641 0.6629470154639174 0.5105994219653179 0.7007807474226805 0.5198085187861271 0.7191947603092784 0.5464125751445087 0.7252601984536082 0.5556216705202313 0.6856673247422681 0.5781327947976879 0.6509198865979382 0.5791560274566474 0.6203370154639175 0.5709701647398844 0.5822164226804123
1 0.41543876156069365 0.7570318865979381 0.39088117196531796 0.8239416262886597 0.3970205693641618 0.8507193556701032 0.39599733670520226 0.8885530902061856 0.41748522687861267 0.8553850798969072 0.4328337210982659 0.806315631443299 0.460461010115607 0.7672964793814433 0.4399963511560694 0.7372527422680412 0.41543876156069365 0.7570318865979381
1 0.3826953092485549 0.8982093737113402 0.3898579393063584 0.8363973479381444 0.38064884248554914 0.8216087654639175 0.34585892341040464 0.8934365051546392 0.3438124580924855 0.9509768170103092 0.3499518540462428 0.9668782551546391 0.3704165130057804 0.9751694097938144 0.3826953092485549 0.9525908298969071 0.3990670361271676 0.9454471159793815 0.3990670361271676 0.9309453969072166 0.3826953092485549 0.8982093737113402
1 0.4635307080924856 0.5885375335051547 0.45022868063583815 0.5909429613402062 0.43181048843930636 0.6157472525773195 0.41953169364161846 0.641951262886598 0.4205549248554913 0.6730007061855671 0.41032259826589595 0.6815441340206185 0.4185084595375722 0.701537574742268 0.45022868063583815 0.739585605670103 0.4758095043352601 0.7073507396907217 0.49115799855491327 0.6437795721649484 0.4635307080924856 0.5885375335051547
1 0.6221318092485549 0.3763549097938144 0.6108762485549133 0.3828523402061856 0.5996206849710983 0.40385148969072165 0.6006439190751446 0.42765007216494844 0.6344106054913294 0.49879354639175255 0.6640843598265896 0.45299010309278354 0.6692005231213873 0.39796236597938145 0.6446429349710983 0.35248376288659794 0.6303176734104046 0.35646861855670103 0.6221318092485549 0.3763549097938144
1 0.7080833742774566 0.26906088402061856 0.7060369089595375 0.2903468969072165 0.7285480332369942 0.34623521391752576 0.7582217875722543 0.30043177577319585 0.7592450202312139 0.2734743324742268 0.7418500606936416 0.23869230927835053 0.7234318684971098 0.24536944845360822 0.7080833742774566 0.26906088402061856
1 0.8182367543352601 0.11058137371134019 0.8114298988439307 0.12766570618556702 0.8185925303468209 0.1673657268041237 0.829848092485549 0.18987174226804124 0.862591544797688 0.1429554432989691 0.8508009942196532 0.11498229896907217 0.8182367543352601 0.11058137371134019
1 0.6773863887283237 0.3418217680412371 0.7080833757225433 0.3053151907216495 0.7091066083815029 0.2856086082474227 0.6855722514450867 0.23855057731958765 0.6681772904624278 0.25815001030927837 0.6558984956647399 0.30973203350515466 0.6773863887283237 0.3418217680412371
1 0.5812024927745665 0.4069031984536083 0.5474358078034682 0.3611377371134021 0.5290176156069364 0.3895674587628866 0.517762053468208 0.4359446211340206 0.5341337803468208 0.5049349458762886 0.546412573699422 0.525861530927835 0.5781327962427746 0.480524662371134 0.5904115910404624 0.44344436082474226 0.5893883569364162 0.4232712087628866 0.5812024927745665 0.4069031984536083
0 0.9175667557803467 0.6490426417525773 0.9058390043352601 0.5843068634020618 0.8111333367052023 0.726351144329897 0.8197614335260115 0.8000117551546392 0.9175667557803467 0.6490426417525773
0 0.6352049537572254 0.7681267216494845 0.7096913179190751 0.6772883840206185 0.6989451141618498 0.5620940335051546 0.6457482138728323 0.6297161984536083 0.6352049537572254 0.7681267216494845
0 0.4259227774566474 1 0.42126473843930634 0.9430999149484537 0.39496087572254335 0.9630006391752577 0.38826363150289017 1 0.4259227774566474 1
0 0.8897573265895954 0.15954055670103093 0.9098346950867051 0.19968618041237116 0.9354208208092485 0.15444001030927837 0.9203909537572253 0.12438710051546391 0.9147728453757226 0.12362783505154638 0.8897573265895954 0.15954055670103093
0 0.8331980115606937 0.31798006958762887 0.8255691213872832 0.273929 0.7833612774566474 0.3092793092783505 0.7870729393063585 0.3549263994845361 0.8331980115606937 0.31798006958762887
0 0.6966628670520232 0.5458566365979381 0.6906884176300578 0.4689430773195876 0.6587323843930636 0.5095564381443299 0.6613218164739885 0.5938212293814433 0.6966628670520232 0.5458566365979381
0 0.48834535404624274 0.7765123685567009 0.5046460708092485 0.7099701494845361 0.4745921690751445 0.7279222654639175 0.46528451878612714 0.7844440979381443 0.48834535404624274 0.7765123685567009
0 0.29162758092485547 0.9135364149484536 0.2692479638728324 0.9711138582474226 0.30867774421965316 0.9379154613402062 0.33435453034682083 0.8548093427835052 0.29162758092485547 0.9135364149484536
0 0.3347252572254335 0.8621412216494845 0.3142585216763006 0.9266665103092784 0.34141508815028904 0.8913352242268042 0.36299875 0.8198164974226804 0.3347252572254335 0.8621412216494845
0 0.37162579335260115 0.7999413195876288 0.36113559248554916 0.8411351932989691 0.38754652745664736 0.8161761726804124 0.40466464161849713 0.7594543453608248 0.37162579335260115 0.7999413195876288
0 0.4916231069364162 0.624604912371134 0.4775725028901734 0.6982924304123711 0.5147738598265895 0.6461390103092783 0.5274288121387283 0.5897196726804124 0.4916231069364162 0.624604912371134
0 0.5664824017341041 0.5821314329896907 0.5753421632947977 0.5184498195876289 0.530780534682081 0.5634686365979381 0.5251929494219653 0.6155657242268041 0.5664824017341041 0.5821314329896907
0 0.6092667326589595 0.5055522706185567 0.6134808439306358 0.4694677293814433 0.5728186343930636 0.5012147345360825 0.5720666661849712 0.5497996804123712 0.6092667326589595 0.5055522706185567
0 0.7112194335260115 0.38603290206185564 0.7119220693641619 0.3316664768041237 0.6747730650289018 0.3711540360824742 0.6714152210982659 0.4342999845360825 0.7112194335260115 0.38603290206185564
0 0.824657760115607 0.23367932474226805 0.8088253106936417 0.18112375257731958 0.762172661849711 0.24186753092783503 0.7662537052023122 0.3027524948453608 0.824657760115607 0.23367932474226805
0 0.7644688959537572 0.13985655154639176 0.7640263135838149 0.16931141237113403 0.8025782254335261 0.11819335824742268 0.8013496343930636 0.10829914948453608 0.78704787716763 0.10636632474226804 0.7644688959537572 0.13985655154639176
0 0.7273093858381503 0.19149040206185566 0.7254737832369942 0.2242438324742268 0.7625180144508671 0.17545292783505156 0.761016039017341 0.1434511469072165 0.7273093858381503 0.19149040206185566
0 0.6949967658959538 0.2337346237113402 0.6959695563583815 0.25148148969072165 0.7271978742774566 0.21548124999999999 0.7259100216763006 0.190775662371134 0.6949967658959538 0.2337346237113402
0 0.6255444002890174 0.3327313324742268 0.6205865664739885 0.3647895798969072 0.6552603164739884 0.3272843788659794 0.6562002890173411 0.29433454639175255 0.6255444002890174 0.3327313324742268
0 0.5942891054913295 0.37201059793814434 0.5867728049132949 0.41011935567010305 0.6152030462427746 0.36699813402061854 0.6205910173410405 0.3380892371134021 0.5942891054913295 0.37201059793814434
0 0.760802235549133 0.13462926030927835 0.7818512355491329 0.10566402061855669 0.7634123338150289 0.10317207731958764 0.759083460982659 0.11000691237113402 0.760802235549133 0.13462926030927835
0 0.7265626242774567 0.15087207474226805 0.7304326488439306 0.18608265979381444 0.7618780939306359 0.13906987371134022 0.7595140014450867 0.11221218041237113 0.7265626242774567 0.15087207474226805
0 0.6955353106936416 0.18901655412371135 0.6948973858381503 0.22491778092783507 0.7252647442196531 0.18643296391752576 0.7254847658959538 0.15863732731958763 0.6955353106936416 0.18901655412371135
0 0.6659154104046243 0.23473686855670103 0.6645298829479769 0.2641653608247423 0.6923128150289017 0.22890724226804124 0.6918872528901734 0.1982945180412371 0.6659154104046243 0.23473686855670103
0 0.6298329869942196 0.2828000386597938 0.6289926473988439 0.3144433530927835 0.659360563583815 0.27290709536082475 0.660440411849711 0.25369888917525774 0.6298329869942196 0.2828000386597938
0 0.6029058063583815 0.322455837628866 0.5969019739884394 0.35711353865979384 0.6246847630057804 0.3226181804123711 0.6277041907514451 0.29355205154639175 0.6029058063583815 0.322455837628866
0 0.6772248251445087 0.1753013530927835 0.6774588439306358 0.2076003067010309 0.6968425462427745 0.18149361082474227 0.7009417731213873 0.13321928865979382 0.6772248251445087 0.1753013530927835
0 0.654067450867052 0.209138206185567 0.6490283641618497 0.25224738659793816 0.670998034682081 0.21375964948453607 0.6722945144508671 0.18659034536082472 0.654067450867052 0.209138206185567
0 0.6266017239884393 0.2534415257731959 0.622107039017341 0.28541284020618557 0.6438599494219653 0.2556491108247423 0.6453719682080925 0.22738445103092783 0.6266017239884393 0.2534415257731959
0 0.6045214364161849 0.28179957989690724 0.5930319494219654 0.3219028402061856 0.6156455939306358 0.2953865180412371 0.6208186950867052 0.2637587113402062 0.6045214364161849 0.28179957989690724
0 0.5124304725433526 0.47165122164948453 0.48640769075144513 0.5490236056701031 0.5178512427745665 0.5134538530927835 0.5264728612716763 0.4620122731958763 0.5124304725433526 0.47165122164948453
0 0.751350799132948 0.2416456675257732 0.751543848265896 0.21132651030927835 0.7276669537572255 0.22939234536082476 0.7270182919075144 0.24564701030927835 0.751350799132948 0.2416456675257732
0 0.6669236517341041 0.3574739123711341 0.6669924971098266 0.3265722525773196 0.641086676300578 0.3447307963917526 0.6344088005780347 0.36113987371134026 0.6669236517341041 0.3574739123711341