1 0.12674964066496164 0.7646277853881278 0.1445889360613811 0.5970666506849315 0.05706187851662404 0.5692397283105023 0.04586859974424552 0.6083609360730593 0.05546786828644501 0.7356772283105023 0.12674964066496164 0.7646277853881278
1 0.2751802851662404 0.8249117831050228 0.2639266764705882 0.6911113264840182 0.187793547314578 0.6735313470319635 0.18071887723785166 0.7865469885844749 0.2751802851662404 0.8249117831050228
1 0.5811571150895141 0.9209996552511416 0.5287054194373402 0.7651644132420091 0.4268877493606138 0.7572967488584474 0.4327901636828645 0.7820169726027397 0.4730956010230179 0.905293609589041 0.5310412723785166 0.928827810502283 0.5811571150895141 0.9209996552511416
1 0.6473348746803069 0.7231221894977168 0.5947676342710998 0.7045629566210045 0.5532696687979539 0.7847333378995435 0.5983018708439898 0.9183216232876712 0.713850364450128 0.900272808219178 0.6473348746803069 0.7231221894977168
1 0.6812446815856777 0.7889817602739726 0.721414436061381 0.899091289954338 0.7941723184143222 0.8877264200913242 0.7639041598465474 0.8132519863013699 0.6812446815856777 0.7889817602739726
1 0.03645217519181586 0.4834697283105023 0.05262459335038363 0.48902626484018263 0.07184612787723785 0.3954485799086758 0.04351382608695652 0.36254867123287676 0.027462232736572893 0.35452005251141555 0.027038210997442455 0.35861115296803653 0.03645217519181586 0.4834697283105023
1 0.15879932608695652 0.4140216666666667 0.10115772122762148 0.3831698858447488 0.08097014450127878 0.5044830844748859 0.14501997314578005 0.5265519589041097 0.15879932608695652 0.4140216666666667
1 0.24773577365728902 0.43898093150684936 0.19373579667519183 0.42914097031963466 0.1904874769820972 0.5326731164383561 0.2557410025575447 0.5557081484018265 0.24773577365728902 0.43898093150684936
1 0.2828085421994885 0.5608602762557078 0.348138631713555 0.5830032602739725 0.3337187289002558 0.4618106141552511 0.292044952685422 0.4402344703196347 0.26752797314578003 0.47771371689497716 0.2828085421994885 0.5608602762557078
1 0.38282480946291564 0.4780341461187214 0.360333942455243 0.5367991232876712 0.38736049872122763 0.598669095890411 0.44667339258312017 0.6174416506849315 0.44378084398976986 0.5483673881278539 0.4239458516624041 0.4947351506849315 0.38282480946291564 0.4780341461187214
1 0.5894045984654731 0.5368214200913242 0.5591724782608696 0.5375647100456621 0.5322033337595907 0.5923374748858447 0.5687435140664961 0.6698099383561644 0.6373756099744246 0.6762913242009132 0.6273306815856777 0.5996615205479452 0.5894045984654731 0.5368214200913242
1 0.6142711854219949 0.5878465502283104 0.6549137723785166 0.6806239657534247 0.7080383350383631 0.68359750456621 0.6914839565217391 0.6136251712328767 0.6658795754475704 0.5595100433789955 0.6336641023017903 0.5538669703196347 0.6142711854219949 0.5878465502283104
1 0.7368573209718671 0.567944710045662 0.7104318145780051 0.554885098173516 0.6980816125319693 0.5591775068493151 0.6865307212276215 0.5940466894977169 0.7052062992327366 0.6691171803652969 0.7145548465473145 0.6682598470319635 0.7215889130434782 0.6897333835616438 0.7730584092071611 0.7036560707762558 0.7799946828644501 0.6622585182648402 0.7557786918158569 0.5895920091324202 0.7368573209718671 0.567944710045662
1 0.9003685613810741 0.6622786301369863 0.8651767148337596 0.6316961095890412 0.8305527301790282 0.6339234497716896 0.8252365933503836 0.6596893949771689 0.8305383849104858 0.6851135547945206 0.8562695460358056 0.7048724246575343 0.8696505051150895 0.728923703196347 0.9153481419437339 0.7474834543378996 0.9238902071611252 0.7416443995433789 0.9226280012787723 0.715533801369863 0.9003685613810741 0.6622786301369863
1 0.029560378516624044 0.3598023242009133 0.0704119462915601 0.374066796803653 0.07548228900255755 0.4017240410958904 0.0884218695652174 0.35345633789954334 0.07711677109974424 0.3349023310502283 0.04919043861892583 0.3235602579908676 0.03741527109974425 0.3350674771689498 0.029560378516624044 0.3598023242009133
1 0.20578692455242967 0.3825065776255708 0.19723768542199488 0.4139406826484018 0.20566044117647062 0.42201569634703195 0.20473464833759591 0.43094804337899545 0.23012222378516625 0.44125901826484015 0.23935863427109974 0.428720703196347 0.23948511636828645 0.3892115821917808 0.21986940025575447 0.37426354109589044 0.20578692455242967 0.3825065776255708
1 0.3454185895140665 0.4392169337899543 0.3405581777493606 0.48611175570776255 0.35174396675191816 0.5185798333333334 0.36697651150895144 0.5247664178082192 0.3727555434782609 0.494534301369863 0.3971123606138108 0.47650158447488583 0.38408215984654726 0.43630315296803657 0.36123334271099744 0.42702327625570774 0.3454185895140665 0.4392169337899543
1 0.5486241585677749 0.5589807602739726 0.564789668797954 0.5306399474885845 0.554761121483376 0.4870064360730594 0.5244153414322251 0.46071919634703196 0.511490104859335 0.45779679680365293 0.5050239015345269 0.46913312328767126 0.49669893861892583 0.5239291940639269 0.49704252557544754 0.533377091324201 0.5118121739130435 0.5440298470319634 0.5150381035805627 0.5639567374429224 0.5201156189258312 0.5660189315068493 0.5291205805626599 0.555713700913242 0.5486241585677749 0.5589807602739726
1 0.5763477340153453 0.4701757100456621 0.5539546393861893 0.48202471232876715 0.5583306381074169 0.5163812191780822 0.5679034616368286 0.5388858515981735 0.595829794117647 0.5502279246575342 0.614519716112532 0.5741083082191781 0.6340304680306905 0.5517803150684931 0.6361135012787724 0.5316825342465753 0.6244648158567775 0.5036806301369863 0.5763477340153453 0.4701757100456621
1 0.7029420242966752 0.5122826849315069 0.6951992698209719 0.5486985136986301 0.7284345664961638 0.559869694063927 0.7547407621483375 0.5868433721461187 0.781397716112532 0.5976698949771689 0.7697490319693095 0.569667993150685 0.7669859987212276 0.5452749292237443 0.728217462915601 0.5109126780821918 0.7029420242966752 0.5122826849315069
1 1 0.6519412488584475 0.9922410754475702 0.6437418584474885 0.9875143196930946 0.6255325091324202 0.9494329552429668 0.6100660479452055 0.9292350332480818 0.6134982488584475 0.9278391713554988 0.6524918219178083 0.9999551406649616 0.7097062374429224 1 0.7095768995433791 1 0.6519412488584475
1 0.8228386636828644 0.5679590707762557 0.7744901329923274 0.5366872397260274 0.7713691687979539 0.5540363835616439 0.7947858491048593 0.5961261210045663 0.7910826777493607 0.6318555114155252 0.7952344002557544 0.6428500525114156 0.8103548069053709 0.6373556529680364 0.8266252826086956 0.6462908721461187 0.8405956227621484 0.6263668584474885 0.8409463810741689 0.610219700913242 0.8228386636828644 0.5679590707762557
1 0.6920020294117647 0.4263914178082192 0.6746936240409207 0.4147075616438356 0.6528827352941177 0.4081763219178082 0.6415704654731458 0.4152173675799087 0.6353213631713555 0.47551071004566214 0.6657792826086957 0.5134789292237443 0.6954378913043479 0.5208703767123287 0.7098782979539642 0.4708851347031964 0.7106919539641944 0.4502718059360731 0.7000740255754476 0.4506135890410959 0.6920020294117647 0.4263914178082192
1 0.46500750511508954 0.35747016666666664 0.4541581304347826 0.36004503652968034 0.4419272391304348 0.3504233767123288 0.4293455882352941 0.3569488721461187 0.4227529028132992 0.4077943196347032 0.4425928938618926 0.44610432191780824 0.47940487723785163 0.46105523515981733 0.48600473657289 0.38461473744292235 0.4800086023017903 0.3658898378995434 0.46500750511508954 0.35747016666666664
1 0.3151992915601023 0.3734205730593607 0.3237341841432225 0.39317657305936077 0.360546168797954 0.4081274840182648 0.3625242378516624 0.3507536689497717 0.3547958273657289 0.3359793926940639 0.33575514450127875 0.3282461621004566 0.3191339104859335 0.33545809817351596 0.3151992915601023 0.3734205730593607
1 0.19761713427109973 0.2954133196347032 0.19529547953964196 0.3433392397260274 0.23487767007672636 0.35708816210045663 0.23742359974424554 0.33252421004566207 0.23177822378516624 0.2976521506849315 0.21470126470588236 0.2837352100456621 0.20431478644501277 0.2818439063926941 0.19761713427109973 0.2954133196347032
1 0.14164515856777493 0.28664324657534246 0.13747909079283888 0.32683880821917805 0.17579190281329923 0.34007218264840183 0.18030155626598465 0.30932451598173516 0.1777699705882353 0.2826983675799087 0.15942363299232737 0.26826587671232877 0.15157591304347826 0.26740567123287673 0.14164515856777493 0.28664324657534246
1 0.11520530690537084 0.3247737397260274 0.12503109718670075 0.2682601301369863 0.11960999488491049 0.2567500410958904 0.0931844884910486 0.2436904292237443 0.07944559846547314 0.2613813607305936 0.07481663427109975 0.30604309589041095 0.11520530690537084 0.3247737397260274
1 0.3651751329923274 0.3634657488584475 0.40014270460358053 0.37068630365296806 0.40811690792838873 0.3320373858447489 0.38354298849104856 0.30111308447488583 0.3640394092071611 0.29784602739726024 0.3587161010230179 0.3492070228310502 0.3651751329923274 0.3634657488584475
1 0.5094572800511509 0.2987292146118722 0.49559190664961633 0.35592926484018267 0.49374032097186704 0.3737939589041096 0.49869852429667516 0.3897702237442922 0.5191207225063939 0.4096999863013699 0.5574335345268542 0.4229333584474886 0.5612488439897698 0.39888495433789956 0.5545727084398977 0.3356692100456621 0.5323060971867007 0.3080090913242009 0.5094572800511509 0.2987292146118722
0 0.4353648516624041 0.8899695479452056 0.40341373913043477 0.7513504337899544 0.28711129539641944 0.7067726415525114 0.30831410997442454 0.8383688401826485 0.4353648516624041 0.8899695479452056
0 0.5078322033248082 0.5678704018264841 0.44598702429667514 0.5520538105022831 0.4703837915601023 0.6465503767123288 0.5558783260869565 0.6657807009132419 0.5078322033248082 0.5678704018264841
0 0.8035391969309463 0.6534219041095891 0.7768342966751918 0.655863488584475 0.7977976445012788 0.7329853105022831 0.8703771662404093 0.7523205821917808 0.8035391969309463 0.6534219041095891
0 0.11263622378516623 0.386225196347032 0.17380644373401535 0.41783363470319634 0.17834780562659847 0.37401711415525113 0.11758960230179027 0.3528209429223744 0.11263622378516623 0.386225196347032
0 0.3162936726342711 0.45371886986301374 0.3061895959079284 0.4166378105022831 0.2623599501278772 0.4179649406392694 0.26887861764705884 0.45644648630136986 0.3162936726342711 0.45371886986301374
0 0.48511796930946294 0.5510350296803653 0.46306170076726344 0.4854236689497717 0.42591285933503836 0.475928595890411 0.4431610984654732 0.5382224246575342 0.48511796930946294 0.5510350296803653
0 0.6962562122762148 0.5649135342465753 0.6726409603580562 0.5282640639269407 0.6434989744245525 0.5346820913242009 0.675567969309463 0.5742682465753425 0.6962562122762148 0.5649135342465753
0 0.82096797314578 0.5310069748858447 0.8652672378516624 0.5769027283105023 0.9062621189258311 0.5757954703196347 0.8719047723785166 0.5470570936073059 0.82096797314578 0.5310069748858447
0 0.7880732058823529 0.5235660616438356 0.8257861393861893 0.5634045205479452 0.8575896879795396 0.5720934269406392 0.8227709488491048 0.5368127328767123 0.7880732058823529 0.5235660616438356
0 0.7375157046035806 0.5055691917808219 0.7674260153452686 0.5371652465753425 0.7956645767263427 0.5384872785388127 0.7754931508951407 0.5142468378995434 0.7375157046035806 0.5055691917808219
0 0.590876905370844 0.4586965365296804 0.6171361265984655 0.4930375936073059 0.6617779501278772 0.5077862328767123 0.6294603593350384 0.46128331735159817 0.590876905370844 0.4586965365296804
0 0.6000620805626599 0.47680180821917806 0.5806846099744246 0.44102785616438356 0.5322071086956522 0.43659337442922375 0.557514442455243 0.4789695456621004 0.6000620805626599 0.47680180821917806
0 0.5437982787723785 0.4581785502283105 0.5292882544757033 0.42184479452054796 0.48772462020460355 0.42487374885844753 0.5014209104859335 0.4494230296803653 0.5437982787723785 0.4581785502283105
0 0.431387300511509 0.43681975570776255 0.4106274104859335 0.3911831164383561 0.3696535281329923 0.3860022694063927 0.38577934143222503 0.42675215753424656 0.431387300511509 0.43681975570776255
0 0.3179839245524297 0.4002886598173516 0.30381237723785165 0.3514087808219178 0.2491629641943734 0.3364458493150685 0.2515646572890025 0.3868421301369863 0.3179839245524297 0.4002886598173516
0 0.03327039258312021 0.2984810616438356 0.06200699872122762 0.3132370068493151 0.07422386445012788 0.28353031278538815 0.03675289514066496 0.2648807374429224 0.03327039258312021 0.2984810616438356
0 0.0428655652173913 0.20590374200913242 0.057456028132992325 0.21396044063926942 0.06868290920716112 0.19698032420091324 0.04483065345268543 0.18694392465753426 0.0428655652173913 0.20590374200913242
0 0.10929624552429666 0.21347512557077625 0.06931466751918158 0.196257801369863 0.06073659590792839 0.21887652283105025 0.09658732097186701 0.23132203881278537 0.10929624552429666 0.21347512557077625
0 0.1532132915601023 0.23033259817351598 0.1132803989769821 0.2126455502283105 0.10428452557544757 0.23533840867579908 0.14711055626598465 0.25428938584474886 0.1532132915601023 0.23033259817351598
0 0.15326197186700768 0.22986291095890413 0.14541003324808183 0.25457772602739726 0.18988518797953965 0.274109696347032 0.1950310588235294 0.2464739885844749 0.15326197186700768 0.22986291095890413
0 0.1943372608695652 0.24458707990867581 0.19202394884910484 0.26959330593607306 0.23353625063938618 0.2854741073059361 0.23365869948849105 0.26338710273972604 0.1943372608695652 0.24458707990867581
0 0.23062684271099743 0.25981535616438356 0.23613572634271102 0.2845717260273973 0.28155975063938615 0.29763535844748856 0.2727736010230179 0.2755989748858447 0.23062684271099743 0.25981535616438356
0 0.2765603158567775 0.27602318493150685 0.2845226138107417 0.30128641552511415 0.32807628900255753 0.31359045662100454 0.31723325703324806 0.2899815844748858 0.2765603158567775 0.27602318493150685
0 0.31814622890025573 0.28850714155251145 0.32419069437340153 0.3080960365296804 0.35943764961636826 0.31457861643835616 0.35513378516624045 0.3004754680365297 0.31814622890025573 0.28850714155251145
0 0.4034677097186701 0.3205648378995434 0.413651679028133 0.3449194794520548 0.4520811751918159 0.3502469520547945 0.43894360869565213 0.32924584931506845 0.4034677097186701 0.3205648378995434
0 0.44443353452685425 0.33000693835616435 0.45701299616368285 0.34833369406392695 0.4920639565217391 0.3620797694063927 0.4751508670076726 0.3381964634703197 0.44443353452685425 0.33000693835616435
0 0.04902864961636828 0.16390532648401826 0.047017996163682865 0.16583973287671233 0.04545079411764706 0.18096060273972603 0.07113752429667519 0.19210271689497718 0.08041922250639387 0.1831443926940639 0.04902864961636828 0.16390532648401826
0 0.08763463554987214 0.18068984474885844 0.07764753836317136 0.1937676392694064 0.11160481074168799 0.21000684474885845 0.11802317774936061 0.1968260707762557 0.08763463554987214 0.18068984474885844
0 0.12266186572890025 0.19197864611872145 0.11337777877237852 0.21170599315068495 0.15177994501278771 0.23072956392694066 0.1572598938618926 0.20786263698630136 0.12266186572890025 0.19197864611872145
0 0.15892649744245524 0.21013411187214612 0.1546715780051151 0.22700855479452056 0.19297757289002557 0.24158714383561644 0.19692107416879795 0.2215211621004566 0.15892649744245524 0.21013411187214612
0 0.1982038874680307 0.22608632876712328 0.1930499769820972 0.24357479908675797 0.23650628260869566 0.2568182899543379 0.2355487186700767 0.23843427397260275 0.1982038874680307 0.22608632876712328
0 0.2351263925831202 0.2352075593607306 0.23619038618925833 0.25717952511415526 0.27420543734015346 0.2691923493150685 0.2685289578005115 0.24937938812785387 0.2351263925831202 0.2352075593607306
0 0.26881645524296677 0.2513382397260274 0.2746175179028133 0.2732759931506849 0.31319068158567775 0.28796308675799087 0.30620096419437337 0.2586889726027397 0.26881645524296677 0.2513382397260274
0 0.30928491943734016 0.26385792465753427 0.3174182979539642 0.28478467808219177 0.3526889667519182 0.2937247146118721 0.34190126854219943 0.2669311735159817 0.30928491943734016 0.26385792465753427
0 0.34747097953964196 0.27153416438356165 0.35589527493606143 0.29502693150684933 0.38817812276214836 0.30324294520547945 0.378646442455243 0.2818549497716895 0.34747097953964196 0.27153416438356165
0 0.3884477007672634 0.2925824429223744 0.3948092672634271 0.30642559589041096 0.4309539833759591 0.3176787214611872 0.4212236304347826 0.2942482237442922 0.3884477007672634 0.2925824429223744
0 0.42600199616368284 0.3009812374429224 0.43673484398976986 0.3210056438356164 0.46879920460358054 0.32864345890410956 0.4540820537084399 0.30636864383561646 0.42600199616368284 0.3009812374429224
0 0.04797514194373402 0.15660488812785386 0.05768645907928389 0.1606939497716895 0.0738202084398977 0.1447275730593607 0.05040919309462916 0.13312037899543377 0.04797514194373402 0.15660488812785386
0 0.07739108184143223 0.14519878538812786 0.06720802046035805 0.16554020319634702 0.08955487084398976 0.17559520319634703 0.1007230767263427 0.1555058401826484 0.07739108184143223 0.14519878538812786
0 0.1072430831202046 0.16074973287671232 0.09893157289002558 0.17646623515981735 0.1256995588235294 0.18684839269406392 0.13212349744245525 0.16825888584474885 0.1072430831202046 0.16074973287671232
0 0.13765558695652175 0.16820612328767123 0.13497889002557545 0.18865887442922374 0.16128493861892582 0.20081152054794518 0.165347368286445 0.1768533812785388 0.13765558695652175 0.16820612328767123
0 0.1714929168797954 0.17754305022831052 0.1647097404092072 0.20269208675799086 0.1964095294117647 0.21116075570776255 0.20033189002557544 0.18861251369863014 0.1714929168797954 0.17754305022831052
0 0.19721588235294119 0.1899483789954338 0.1959475959079284 0.21293139497716895 0.2326741841432225 0.22931619178082194 0.22905993734015348 0.20028019634703195 0.19721588235294119 0.1899483789954338
0 0.22743367007672632 0.19928386073059362 0.23138691048593352 0.22830380136986303 0.26282068286445015 0.2312795502283105 0.25402304731457803 0.2079692123287671 0.22743367007672632 0.19928386073059362
0 0.32160912148337595 0.22823120547945205 0.3387034936061381 0.26209878767123285 0.3616583478260869 0.26897401598173515 0.3525983235294118 0.24433047488584478 0.32160912148337595 0.22823120547945205
0 0.3597678427109975 0.24960361643835619 0.3685816189258312 0.2693381392694064 0.3971463388746803 0.2838767716894977 0.3807800895140665 0.25455150456621006 0.3597678427109975 0.24960361643835619
0 0.39294845396419437 0.2625901369863014 0.4022479590792839 0.2830114703196347 0.4281419552429667 0.2910804109589041 0.4153991675191816 0.2698365684931507 0.39294845396419437 0.2625901369863014
0 0.4229714884910486 0.27380466438356166 0.43615774552429665 0.29433596347031965 0.46180945652173916 0.2993692579908676 0.44115218797953965 0.27662161643835614 0.4229714884910486 0.27380466438356166
0 0.5550788056265984 0.3612375639269406 0.5766917276214834 0.39449260273972603 0.6119873337595908 0.40050537442922374 0.5690532595907928 0.3591872534246575 0.5550788056265984 0.3612375639269406
0 0.33297032352941175 0.3308466575342465 0.32779869693094627 0.31895539497716896 0.30355740153452687 0.32117072831050225 0.3123917007672634 0.34402867351598176 0.33297032352941175 0.3308466575342465
0 0.439997216112532 0.35669131506849316 0.42996617263427106 0.34870096803652967 0.4040779386189258 0.35219812785388127 0.412979810741688 0.3755804726027397 0.439997216112532 0.35669131506849316
0 0.04561857289002558 0.22018313470319634 0.03887031329923274 0.24445120547945204 0.038500768542199484 0.24801670091324202 0.07870542710997443 0.2680161780821918 0.08785021227621483 0.24103600456621005 0.04561857289002558 0.22018313470319634
0 0.10016028132992327 0.24597137214611872 0.1364415063938619 0.2649996210045662 0.13758183503836316 0.24614468493150687 0.10267953708439899 0.23022701141552512 0.10016028132992327 0.24597137214611872