1 0.12640807091346154 0.8276262403433476 0.14553933653846154 0.6665134763948498 0.06382809014423077 0.6153786223175965 0.03454676201923077 0.7050062575107297 0.03744595673076923 0.7641710042918455 0.12640807091346154 0.8276262403433476
1 0.2673597091346154 0.9281647596566525 0.2566035528846154 0.7879276995708154 0.18548853245192307 0.7495532832618026 0.17729625841346155 0.8639239570815451 0.2673597091346154 0.9281647596566525
1 0.5240556574519231 1 0.5038509459134615 0.9332856351931331 0.40864838581730767 0.8963788154506438 0.4140185348557692 0.920875474248927 0.4373464675480769 1 0.5240556574519231 1
1 0.6388251670673076 1 0.6150870324519231 0.9291020472103004 0.5660239927884615 0.8966896244635193 0.5267108942307692 0.9584716759656653 0.5393056045673077 1 0.6388251670673076 1
1 0.02535893389423077 0.5175074742489271 0.060168856971153845 0.5401768369098713 0.078724484375 0.45955250643776824 0.05242125360576923 0.4209856373390558 0.02475136658653846 0.3986658347639485 0.020461177884615385 0.41755746566523605 0.02535893389423077 0.5175074742489271
1 0.15636149879807693 0.49807037339055793 0.10262674879807691 0.4528534442060086 0.0829973125 0.5587520944206008 0.14278083653846155 0.597742982832618 0.15636149879807693 0.49807037339055793
1 0.24300295192307694 0.5508967532188842 0.19254611538461536 0.5261010021459228 0.18887244831730768 0.620550135193133 0.249776109375 0.6607818583690988 0.24300295192307694 0.5508967532188842
1 0.2750662992788462 0.6734133133047211 0.33604705528846157 0.7128454034334765 0.32330033052884616 0.5969773454935622 0.2844466646634615 0.5649581673819742 0.2612811201923077 0.5923505128755365 0.2750662992788462 0.6734133133047211
0 0.36863774158653845 0.6812276459227468 0.3371606057692308 0.6666484227467812 0.3655112896634615 0.750837703862661 0.42556347956730767 0.7826006888412017 0.42523105408653844 0.7637885236051503 0.4070042163461538 0.708593830472103 0.36863774158653845 0.6812276459227468
1 0.5620354326923077 0.7405691545064378 0.5337486153846154 0.7324480042918454 0.5081830204326923 0.7750604613733906 0.5418914362980769 0.8570876137339056 0.6060572692307692 0.8830507939914163 0.5971300901442308 0.809517626609442 0.5620354326923077 0.7405691545064378
1 0.5849853317307692 0.7948272446351932 0.6224377163461539 0.8921514484978541 0.672117704326923 0.9103654334763949 0.6570600889423077 0.8410704291845494 0.6334389278846154 0.7837502875536482 0.6033358377403846 0.7691669806866952 0.5849853317307692 0.7948272446351932
1 0.6997871466346154 0.8121964785407726 0.6751460697115385 0.7924660236051503 0.6635660901442308 0.7928237103004292 0.6525463737980769 0.8215878884120172 0.6695571165865384 0.8961982381974248 0.6783079747596154 0.8981313326180258 0.6847566947115384 0.9199660965665236 0.7267395252403847 0.9374193025751073 0.7395639783653846 0.9116630042918455 0.7173554182692308 0.8376538884120173 0.6997871466346154 0.8121964785407726
1 0.8718235769230769 1 0.8521740600961538 0.9467440879828326 0.8194394879807692 0.9083144270386266 0.7870349663461538 0.9002814291845493 0.7819037067307693 0.9224738755364806 0.7867076514423077 0.9474441974248927 0.8106580877403846 0.9731451545064377 0.8230285420673076 0.9992037939914162 0.824144795673077 1 0.8718235769230769 1
1 0.03938459254807692 0.4143907660944206 0.07751391466346155 0.4394334206008583 0.0820876454326923 0.46639390557939914 0.09448864543269231 0.4256887253218884 0.08402645673076922 0.40529996995708156 0.05797081971153846 0.38671490557939914 0.04688454567307692 0.3938878669527897 0.03938459254807692 0.4143907660944206
1 0.2173307019230769 0.4831487339055794 0.2041059483173077 0.4866419763948498 0.19226258052884615 0.4980567896995708 0.18777686778846153 0.5111727253218884 0.18773007572115383 0.5279080751072962 0.20282450120192308 0.5309698047210301 0.2265114423076923 0.5478653175965665 0.23522902283653846 0.5390028025751074 0.23558961538461537 0.5026356416309012 0.2173307019230769 0.4831487339055794
1 0.33438413461538463 0.579567296137339 0.3295496466346154 0.6213607982832617 0.33981490024038463 0.654535330472103 0.35402706610576923 0.6646726394849786 0.3920236478365385 0.679948347639485 0.38251521995192306 0.6289790407725322 0.3705719146634615 0.5881444570815451 0.3492536646634615 0.5729384978540774 0.33438413461538463 0.579567296137339
1 0.5237493028846154 0.7491083969957082 0.5390459819711538 0.7277036523605149 0.529931796875 0.6845782854077254 0.5017044002403847 0.6515178948497855 0.48963071394230767 0.64506030472103 0.48351204326923075 0.6536222017167381 0.47538800480769233 0.7016868175965666 0.47565149639423077 0.7104922618025752 0.48940323557692306 0.7246099012875536 0.4922989134615384 0.7439103369098713 0.49703630288461537 0.7472894420600859 0.5055236682692308 0.7404170944206008 0.5237493028846154 0.7491083969957082
1 0.5356071454326923 0.6901037103004292 0.5329595180288462 0.7138205236051501 0.5678325709134615 0.7559299034334763 0.5851706274038462 0.7833774785407726 0.603559920673077 0.7684873969957081 0.60563184375 0.7505758948497855 0.5949061634615385 0.7213816974248927 0.55009790625 0.6764944442060087 0.5356071454326923 0.6901037103004292
1 0.6684005805288462 0.7510302081545064 0.6609339038461539 0.7823287145922747 0.6919571442307693 0.8023027145922746 0.7164012860576924 0.8348189463519313 0.7412725757211539 0.8525592339055794 0.7305468942307692 0.8233650364806867 0.7281116430288462 0.8000842660944206 0.6920542451923077 0.7571301115879828 0.6684005805288462 0.7510302081545064
1 0.9528856370192307 1 0.9558363473557693 0.9926778497854077 0.9482032800480769 0.969998313304721 0.9382347980769231 0.9564248326180257 0.9339245576923076 0.9382697854077253 0.8983941430288461 0.912926517167382 0.8794778665865385 0.9102057145922747 0.8779329266826923 0.9457281008583691 0.9273389747596154 1 0.9528856370192307 1
1 0.7802229194711539 0.8372543948497854 0.7351844483173077 0.7943573111587983 0.7321583918269231 0.8094338690987125 0.753806688701923 0.855036491416309 0.7501232692307693 0.8868791587982833 0.7539398016826924 0.8982189270386266 0.7681186887019231 0.8975606266094421 0.7832849891826924 0.9105328755364807 0.7964764639423076 0.8962440236051502 0.7969036141826924 0.8814680793991416 0.7802229194711539 0.8372543948497854
1 0.6586928545673078 0.6687027381974249 0.6425724218750001 0.6528955472103004 0.6222083052884616 0.6405245278969957 0.6115824591346154 0.6437171545064377 0.6053666875 0.6974516566523605 0.6336273629807692 0.7413076566523605 0.6613277740384615 0.7567571630901287 0.6751433353365385 0.7149065901287555 0.6760309122596154 0.6961503154506438 0.6660957079326923 0.6933724442060086 0.6586928545673078 0.6687027381974249
1 0.44676126802884614 0.5390791158798284 0.4365958497596154 0.5382914120171673 0.42521280528846156 0.525863321888412 0.4134026129807692 0.5282111738197425 0.4069233485576923 0.5731402339055794 0.4235225673076923 0.6000722253218884 0.46315327764423075 0.6260741244635193 0.46623780769230766 0.5702064120171674 0.4607432211538462 0.5512065901287554 0.44676126802884614 0.5390791158798284
1 0.3065173317307692 0.5101397446351932 0.3143806129807692 0.5308291180257511 0.34872668028846154 0.55532760944206 0.3509289831730769 0.5030391158798283 0.34378962139423075 0.4871748540772532 0.32602441466346155 0.47450321888412017 0.3104309651442308 0.4763069120171674 0.3065173317307692 0.5101397446351932
1 0.19699713100961538 0.4040138927038627 0.19453133653846155 0.4474969442060086 0.23147631129807691 0.471694821888412 0.2340086622596154 0.44980298927038626 0.22894122596153846 0.4160272253218884 0.21305100600961538 0.39822986480686695 0.20334601562500002 0.39346182832618026 0.19699713100961538 0.4040138927038627
1 0.14468891947115384 0.3796295386266094 0.1405450721153846 0.4154525407725322 0.17630569951923075 0.438805643776824 0.18071304086538462 0.41178808583690985 0.17850800240384615 0.38651714806866955 0.1614334375 0.3678750128755365 0.15409713942307693 0.3647965278969957 0.14468891947115384 0.3796295386266094
1 0.11972052884615383 0.4070618540772532 0.1292591286057692 0.35785184763948497 0.12425824759615385 0.34566730042918453 0.09961717067307692 0.3259368454935622 0.08665590865384616 0.3382355321888412 0.08205163221153847 0.3780388669527897 0.11972052884615383 0.4070618540772532
1 0.35333095673076925 0.5155242789699571 0.38599896995192307 0.5323627188841202 0.3936958605769231 0.49907404721030046 0.3708964927884616 0.4634222575107296 0.3526708581730769 0.4547309549356223 0.3473759411057692 0.5005047896995708 0.35333095673076925 0.5155242789699571
1 0.48870439062500004 0.4979021094420601 0.47538253605769226 0.5465679549356224 0.47354082572115386 0.5624892896995708 0.47808128004807693 0.578654169527897 0.4970641117788462 0.6029661866952789 0.5328247403846154 0.6263192896995707 0.5365414387019231 0.6052722317596566 0.5306835252403845 0.5450801416309013 0.5100226394230769 0.5131080708154506 0.48870439062500004 0.4979021094420601
0 0.41147214783653846 1 0.38602878966346155 0.8774151480686695 0.2790437536057692 0.820786660944206 0.2993775432692308 0.9510025622317596 0.36807031129807694 1 0.41147214783653846 1
0 0.4750090108173077 0.7477513969957081 0.4172496057692308 0.7151635793991417 0.43949342427884613 0.8093397339055793 0.5193559519230769 0.8519615815450644 0.4750090108173077 0.7477513969957081
0 0.8118220168269231 1 0.7616441442307693 0.9103789399141631 0.736646640625 0.9048500171673819 0.7557850228365385 0.9820168605150215 0.7870734963942307 1 0.8118220168269231 1
0 0.11694032451923077 0.462935364806867 0.1739714675480769 0.5098773068669528 0.178488609375 0.47082724463519315 0.12177906370192308 0.43359925965665236 0.11694032451923077 0.462935364806867
0 0.3070487451923077 0.5844459721030043 0.29782372355769227 0.5473360858369098 0.25681279206730767 0.5357921974248927 0.2626750625 0.5731481437768241 0.3070487451923077 0.5844459721030043
0 0.4819179350961538 0.7391080386266095 0.4684994903846154 0.660075034334764 0.39286068149038467 0.6259014721030044 0.4120759555288461 0.6975357982832618 0.4819179350961538 0.7391080386266095
0 0.6618232487980769 0.7975772231759657 0.639955825721154 0.7569294635193133 0.6126540372596154 0.7543545944206009 0.6424119591346155 0.8001706459227468 0.6618232487980769 0.7975772231759657
0 0.8076257572115384 0.8402552081545064 0.8412113509615384 0.8601928326180257 0.8441056562499999 0.8588129141630901 0.8218949182692307 0.8291927854077253 0.7791550096153846 0.8056927553648069 0.8076257572115384 0.8402552081545064
0 0.7453957487980769 0.7867533948497853 0.7793535396634615 0.8233760278969956 0.8027112163461538 0.8386330493562232 0.7777743858173077 0.8090657489270385 0.7453957487980769 0.7867533948497853
0 0.7007855504807693 0.7549149806866954 0.7285730096153846 0.7927401115879829 0.7549821790865384 0.8021835793991416 0.7362603774038461 0.7739727167381975 0.7007855504807693 0.7549149806866954
0 0.5638918389423077 0.6690131502145923 0.5882468581730769 0.7083040579399141 0.6299190084134616 0.7348968519313305 0.5999709387019231 0.6826352339055795 0.5638918389423077 0.6690131502145923
0 0.5723735817307692 0.6883709442060086 0.5544652524038461 0.6497642768240343 0.5091415649038461 0.6315577682403434 0.5325568197115385 0.6779750214592274 0.5723735817307692 0.6883709442060086
0 0.5198527860576923 0.6548227918454936 0.5065014026442308 0.6171181094420601 0.46759989903846155 0.607802339055794 0.4802622932692308 0.6344116909871245 0.5198527860576923 0.6548227918454936
0 0.4148228786057692 0.6023995214592275 0.3956817668269231 0.5543026287553648 0.3573823185096154 0.5375940665236052 0.37221819951923074 0.5798384527896996 0.4148228786057692 0.6023995214592275
0 0.3089576141826923 0.5357073133047211 0.29599980528846154 0.48654112446351927 0.24496683293269234 0.45683586480686694 0.24690459855769228 0.5039709442060086 0.3089576141826923 0.5357073133047211
0 0.026221915865384617 0.3125597939914163 0.025393032451923075 0.3136799785407725 0.022153174278846152 0.3416881072961373 0.07002405889423077 0.38093619527896994 0.08163514182692308 0.35712275536480687 0.026221915865384617 0.3125597939914163
0 0.03200683894230769 0.2586365987124463 0.06637536778846154 0.28813640987124467 0.07698227644230769 0.27576096995708155 0.03892162019230769 0.24806031545064378 0.03200683894230769 0.2586365987124463
0 0.11487505649038462 0.30278927682403434 0.07757771995192307 0.2752792510729614 0.06941420432692308 0.2936216888412017 0.10287637499999999 0.31553169527896996 0.11487505649038462 0.30278927682403434
0 0.1558562439903846 0.3311140536480687 0.11860733293269231 0.30318540343347644 0.11005250841346154 0.32147445064377683 0.15000021153846152 0.3514104120171674 0.1558562439903846 0.3311140536480687
0 0.15590466466346153 0.3306954592274678 0.14840759735576922 0.3511807596566524 0.1898944987980769 0.38213240557939915 0.19487793870192308 0.3581675493562232 0.15590466466346153 0.3306954592274678
0 0.19424046033653844 0.356226847639485 0.19192301201923076 0.37859394849785405 0.23066054206730768 0.4053183626609442 0.23091052884615385 0.3850028948497854 0.19424046033653844 0.356226847639485
0 0.22809611658653847 0.3808287424892704 0.23309789302884615 0.40524407725321887 0.2755121274038462 0.430512135193133 0.26742778004807694 0.40764841201716734 0.22809611658653847 0.3808287424892704
0 0.27096766346153844 0.40914227682403437 0.27826150841346153 0.43473927038626614 0.31893068389423074 0.45876263948497853 0.3089317548076923 0.4338508819742489 0.27096766346153844 0.40914227682403437
0 0.3097948858173077 0.4327582510729614 0.31532938822115386 0.4525682424892704 0.3482632932692308 0.46880808798283263 0.3443234903846154 0.45455970815450647 0.3097948858173077 0.4327582510729614
0 0.3894168677884616 0.4871489334763949 0.39879466586538465 0.512555873390558 0.43471293269230765 0.5286584055793991 0.42255146754807693 0.5054811158798284 0.3894168677884616 0.4871489334763949
0 0.42768264663461536 0.5077814978540772 0.4393384014423077 0.5283320600858369 0.4720444110576923 0.5512074549356224 0.4563686057692308 0.5242747446351931 0.42768264663461536 0.5077814978540772
0 0.07930848798076923 0.2719816888412017 0.08804648197115385 0.26643099570815454 0.058798459134615386 0.23956051502145922 0.04624916706730769 0.2474946051502146 0.07930848798076923 0.2719816888412017
0 0.094811578125 0.26627106652360516 0.08538841947115385 0.2754119978540773 0.11705599519230768 0.3002660150214592 0.12314122475961538 0.2899906931330472 0.094811578125 0.26627106652360516
0 0.1275104579326923 0.28687539914163085 0.1187041923076923 0.30234805150214594 0.15451290865384618 0.33106231545064374 0.1597796394230769 0.31158875751072956 0.1275104579326923 0.28687539914163085
0 0.16132482451923075 0.3141671566523605 0.15724085817307693 0.3284760236051502 0.19298686057692307 0.3530666309012876 0.19679906610576922 0.3357263497854077 0.16132482451923075 0.3141671566523605
0 0.19797114903846152 0.34030638841201716 0.19304240745192305 0.3549191630901287 0.23361473317307693 0.37977978540772533 0.23283165625 0.36256169527897 0.19797114903846152 0.34030638841201716
0 0.23245635456730768 0.3594655600858369 0.23331699399038464 0.3800206158798283 0.2688065516826923 0.4021623626609442 0.2636176754807692 0.3822531030042918 0.23245635456730768 0.3594655600858369
0 0.26387462019230773 0.3841417467811159 0.26916701442307694 0.4060450944206009 0.30516228966346154 0.4308135 0.298802890625 0.40180414163090133 0.26387462019230773 0.3841417467811159
0 0.3016562463942308 0.4074651502145923 0.30913673076923076 0.429116313304721 0.3420777487980769 0.44762738412017167 0.3321501153846154 0.41979736909871246 0.3016562463942308 0.4074651502145923
0 0.3373323737980769 0.42566094635193136 0.3450692776442308 0.44976119313304724 0.37521961899038464 0.4667348519313305 0.3664338485576923 0.4442513991416309 0.3373323737980769 0.42566094635193136
0 0.37553717908653844 0.4569907060085837 0.3814035637019231 0.4715988905579399 0.41514807211538457 0.49249585407725327 0.40618896634615387 0.46807255579399143 0.37553717908653844 0.4569907060085837
0 0.41061785937499995 0.4756682510729614 0.42053568990384615 0.4972451566523605 0.4504851802884616 0.5136224184549356 0.43685382091346153 0.48881141845493564 0.41061785937499995 0.4756682510729614
0 0.055092007211538466 0.20743584978540772 0.03661385216346154 0.21667751502145924 0.03657308774038462 0.21702992060085835 0.0669175625 0.23912337768240344 0.08210864903846155 0.22911128540772532 0.055092007211538466 0.20743584978540772
0 0.08544632572115383 0.23058559012875535 0.07579530168269231 0.2463621974248927 0.09663920552884615 0.2621361545064378 0.10721028846153846 0.2468787381974249 0.08544632572115383 0.23058559012875535
0 0.11327762379807692 0.25360965450643774 0.10540580288461537 0.2656699763948498 0.13038368870192307 0.2830331652360515 0.13650729687500002 0.26777581974248926 0.11327762379807692 0.25360965450643774
0 0.14168291105769232 0.2693385944206009 0.13905343509615384 0.2874042446351931 0.16358832091346154 0.3062642210300429 0.16753564783653846 0.2853723154506438 0.14168291105769232 0.2693385944206009
0 0.17328060216346156 0.2877978626609442 0.1667807043269231 0.30899456652360513 0.1963840420673077 0.3260311888412017 0.20019168990384614 0.30639757939914164 0.17328060216346156 0.2877978626609442
0 0.19726846153846156 0.30672082188841204 0.19594104447115385 0.3275281180257511 0.2301984314903846 0.3533229313304721 0.22699533653846155 0.3255161845493562 0.19726846153846156 0.30672082188841204
0 0.22548006850961538 0.3241244570815451 0.229000390625 0.3520151502145923 0.2583885528846154 0.36391306866952794 0.25030126923076923 0.33987216738197423 0.22548006850961538 0.3241244570815451
0 0.3134040420673077 0.37822822103004294 0.3291882163461538 0.41441332188841207 0.35062040865384614 0.427434508583691 0.3422958341346154 0.40208875536480687 0.3134040420673077 0.37822822103004294
0 0.34897061177884614 0.40903580901287556 0.35709492067307697 0.42978662660944206 0.38372816947115385 0.45150297639484976 0.3685973052884615 0.4197152896995708 0.34897061177884614 0.40903580901287556
0 0.37993156129807687 0.43066655150214594 0.3885060600961538 0.452191686695279 0.4126805096153846 0.4671688819742489 0.4008898521634615 0.4438829184549356 0.37993156129807687 0.43066655150214594
0 0.40794945312500003 0.44974481974248925 0.4201593485576923 0.4725034163090129 0.44412575240384616 0.4846129721030043 0.42494028966346153 0.4576360643776824 0.40794945312500003 0.44974481974248925
0 0.5310001959134616 0.5687864313304721 0.5510152463942307 0.6057232982832619 0.5839975456730769 0.6215444270386266 0.544085921875 0.5709677467811158 0.5310001959134616 0.5687864313304721
0 0.3234032584134615 0.4760881716738197 0.3186380985576923 0.4636250772532189 0.29594669230769227 0.45860528755364804 0.3040710504807692 0.48224003218884115 0.3234032584134615 0.4760881716738197
0 0.423368828125 0.5310764699570816 0.41403374639423074 0.5207922575107296 0.3897937644230769 0.516473830472103 0.3979781189903846 0.5406114420600858 0.423368828125 0.5310764699570816
0 0.04792438221153846 0.31358525107296137 0.0859227920673077 0.34413330472103004 0.09464321274038462 0.3219372660944206 0.055263228365384616 0.290422025751073 0.04792438221153846 0.31358525107296137
0 0.10612906370192307 0.33007043562231764 0.13995360216346153 0.35817121673819746 0.14113600120192307 0.34113029184549354 0.10858237980769231 0.31629727253218887 0.10612906370192307 0.33007043562231764