1 1 0.4601661995798319 0.9614522405660377 0.4087407415966387 0.8992313738207548 0.4833570651260504 0.9663309492924529 0.6278556386554622 1 0.5824008529411765 1 0.4601661995798319
1 0.8618310070754717 0.7678583718487395 0.8804935436320755 0.7437401302521008 0.9287596285377359 0.6785786701680672 0.8858848903301886 0.5729836176470589 0.8299296733490565 0.6323112352941176 0.8618310070754717 0.7678583718487395
1 0.6823068301886792 1 0.7205528466981133 0.959667512605042 0.7224587759433962 0.957094418067227 0.7201931238207546 0.8075920168067227 0.7180646816037736 0.7833341785714286 0.6389013738207547 0.84951093697479 0.6400544091981132 1 0.6823068301886792 1
1 0.6255641686320755 1 0.6246948478773584 0.8803489201680672 0.5693470566037736 0.8371476491596639 0.5324895860849057 0.8835153109243697 0.5299527948113207 1 0.6255641686320755 1
1 0.5230622806603773 1 0.5236326120283019 0.9587795147058824 0.48808127004716984 1 0.5230622806603773 1
1 0.9150528573113208 0.22685779201680673 0.9015267688679245 0.27111960084033615 0.9427899009433962 0.33863482773109244 0.9871625601415094 0.2835237920168067 0.9346506698113207 0.19700836344537814 0.9150528573113208 0.22685779201680673
1 0.8793648867924528 0.4242615483193277 0.9244240731132075 0.36822367226890756 0.8747105436320755 0.2779303193277311 0.8372024115566037 0.33761190966386556 0.8793648867924528 0.4242615483193277
1 0.7989825141509435 0.5135632163865546 0.8447358419811322 0.45600812394957985 0.8134776981132075 0.3707718403361344 0.7730616745283019 0.41063909243697483 0.7989825141509435 0.5135632163865546
1 0.7380103985849056 0.4376113802521009 0.7106908844339623 0.48014638865546216 0.7327233443396226 0.5905808403361344 0.7787848054245283 0.5337317394957983 0.7679730613207548 0.45481478991596636 0.7380103985849056 0.4376113802521009
1 0.7101888808962264 0.5588270819327731 0.6759518679245283 0.522523743697479 0.647724237028302 0.5606323592436975 0.6467263808962265 0.617372987394958 0.6635388903301886 0.677200218487395 0.7057263643867925 0.6267073571428572 0.7101888808962264 0.5588270819327731
1 0.55155 0.6757757983193278 0.5271919693396226 0.692833550420168 0.5142904728773585 0.7679056575630252 0.5274807594339622 0.8382754516806723 0.580516116745283 0.7926762983193277 0.5882594257075472 0.7060997226890757 0.55155 0.6757757983193278
1 0.5146691344339623 0.8521803550420168 0.5214526226415094 0.750323018907563 0.4965524304245283 0.7330678949579832 0.4723779905660377 0.7566607310924369 0.466904695754717 0.8171824033613445 0.47305149056603774 0.8857565378151261 0.5146691344339623 0.8521803550420168
1 0.46544146226415095 0.7978072268907563 0.44655992570754716 0.7752164306722689 0.4355050660377358 0.7788276554621849 0.41800947641509434 0.8052758529411764 0.4088864127358491 0.8345624411764705 0.4096582841981132 0.9098855084033614 0.4266606238207547 0.9406699831932773 0.46392475117924525 0.8988466932773109 0.4635992287735849 0.876659455882353 0.4713050790094339 0.8719128781512605 0.46544146226415095 0.7978072268907563
1 0.3591368066037736 1 0.3605205283018868 0.9903654579831932 0.3756067051886792 0.9586850630252101 0.3728035424528302 0.9341860840336135 0.3614231615566038 0.9156100693277311 0.33314563679245285 0.9339876764705882 0.31349792806603777 0.9803113655462186 0.31246343985849057 1 0.3591368066037736 1
1 0.880553733490566 0.2232446512605042 0.8766588773584906 0.24547292016806724 0.9003592370283019 0.27852810714285714 0.8967529375000001 0.25228506092436975 0.9254398466981133 0.21638473739495798 0.9123167299528302 0.20016149579831932 0.8997238278301888 0.1973641344537815 0.880553733490566 0.2232446512605042
1 0.7774068018867923 0.3398711071428572 0.7658743254716981 0.36392549999999996 0.7769135518867925 0.3971037773109244 0.7877637193396226 0.40225391596638654 0.8051910778301887 0.3787261701680672 0.8019785294811321 0.37174990756302523 0.8064718301886792 0.3600270651260504 0.7909393030660378 0.33857163025210085 0.7774068018867923 0.3398711071428572
1 0.6790786910377359 0.4669619537815126 0.6633940695754718 0.48813692436974787 0.664113341981132 0.5295909453781512 0.6885642405660377 0.5305211491596639 0.7015508962264151 0.5525852983193277 0.7120073101415094 0.5384686491596639 0.711954712264151 0.5045996029411765 0.6950888349056604 0.4679742205882353 0.6790786910377359 0.4669619537815126
1 0.6000258702830189 0.6359103802521008 0.5976846898584905 0.6277577310924369 0.5758635283018868 0.5865088613445378 0.567559233490566 0.5807500147058824 0.5580424174528302 0.5907698214285714 0.5410770436320754 0.6306438970588235 0.5451453254716981 0.673233275210084 0.5659060601415093 0.6876303886554622 0.5805828537735849 0.6734727121848739 0.590629883254717 0.6768787836134453 0.5941153537735849 0.6721732352941177 0.5911757299528302 0.6535151575630253 0.6000258702830189 0.6359103802521008
1 0.5403421367924528 0.6259793781512605 0.5191720176886793 0.6291049831932773 0.4900074905660377 0.685448474789916 0.4884538148584906 0.7158293949579833 0.4956820483490566 0.7315259852941176 0.5174506132075471 0.738905806722689 0.5257705400943395 0.7078751512605043 0.544940633254717 0.6819946323529411 0.5463578478773585 0.6574546218487395 0.5403421367924528 0.6259793781512605
1 0.40912237146226416 0.7522220798319328 0.387663695754717 0.8038189957983193 0.3922095943396226 0.8259652037815126 0.3906559186320755 0.8563461197478991 0.4089546438679245 0.8316419894957983 0.42250277830188676 0.7935530084033613 0.4459614799528302 0.764711006302521 0.42969404716981136 0.7385910525210084 0.40912237146226416 0.7522220798319328
1 0.2833591910377358 1 0.28884233608490567 0.9881425168067227 0.276931741745283 0.9561406239495798 0.25984553773584906 0.9650661050420168 0.23396946816037734 1 0.2833591910377358 1
1 0.3795328278301887 0.8628777941176471 0.38658763443396227 0.8137567415966387 0.37929117099056603 0.8009806029411765 0.349323508254717 0.8555800315126051 0.34655730896226417 0.9017396029411765 0.35130790094339626 0.915124449579832 0.3679847193396226 0.9237216890756302 0.3785093655660377 0.9066845882352941 0.3921100966981132 0.9024646575630252 0.3923830200471698 0.8907828466386555 0.3795328278301887 0.8628777941176471
1 0.4518506650943396 0.6210001050420167 0.4408640365566038 0.6216908718487395 0.42524764504716983 0.6399453886554622 0.4146547688679246 0.659902943277311 0.41491205896226413 0.6850106302521008 0.4063348419811321 0.6909335987394958 0.4126917075471698 0.7078065756302521 0.43806657193396226 0.7414294432773109 0.45971430778301886 0.7178606701680672 0.47353536556603776 0.6680898781512605 0.4518506650943396 0.6210001050420167
1 0.5862986108490565 0.4649441638655462 0.5769182570754717 0.46912306512605045 0.567264978773585 0.484983775210084 0.5676587311320754 0.5042505609243697 0.5940940224056604 0.5647251827731092 0.6193636922169812 0.5306099537815125 0.6246075318396227 0.4867621302521008 0.6052640117924528 0.4478250042016807 0.5934060165094339 0.4496921617647059 0.5862986108490565 0.4649441638655462
1 0.6590158985849056 0.3865708109243698 0.656932008254717 0.4035258487394958 0.6743963313679245 0.45065665336134453 0.6996659988207548 0.4165414264705882 0.7010149823113208 0.39492186764705883 0.6873616533018868 0.36527275000000003 0.6720864162735849 0.368925 0.6590158985849056 0.3865708109243698
1 0.7466829009433962 0.2823579663865546 0.7518272441037736 0.31500959663865546 0.7606617523584905 0.3341943214285714 0.7884772936320754 0.2994703844537815 0.7733541521226415 0.26049222899159663 0.764246720518868 0.2529893172268908 0.7564726403301887 0.2606563487394958 0.7466829009433962 0.2823579663865546
1 0.7856897641509434 0.2381819012605042 0.7910387995283018 0.26207217226890756 0.8031540860849057 0.28531270588235297 0.8300982606132076 0.25176515546218486 0.8156417936320755 0.22037197268907563 0.8023822146226415 0.2099896386554622 0.7963508714622641 0.21530389705882352 0.7856897641509434 0.2381819012605042
1 0.8238252594339623 0.19518222268907565 0.8473209257075471 0.23699877100840336 0.8744015613207547 0.19761031512605043 0.8583388207547169 0.16272899999999998 0.8424651391509433 0.15587582773109243 0.8249695495283018 0.1823240231092437 0.8238252594339623 0.19518222268907565
1 0.6323972452830189 0.4423055966386555 0.6583335896226415 0.4157753382352941 0.6595461120283019 0.3999966869747899 0.6410739599056604 0.35988317647058826 0.6263971674528301 0.3740408508403361 0.6153266745283018 0.4144415735294118 0.6323972452830189 0.4423055966386555
1 0.5520579728773585 0.4857155756302521 0.5251450648584906 0.4456841218487395 0.5094604433962264 0.46685909453781516 0.4993295495283019 0.5031629747899159 0.5114974339622641 0.5602725588235293 0.5212033101415094 0.5782808928571429 0.5481474834905661 0.5447333424369748 0.5589450518867924 0.5160144306722689 0.5584830695754717 0.49966810084033614 0.5520579728773585 0.4857155756302521
0 0.7498502889150944 0.9191991218487395 0.8376086073113208 0.7971922647058824 0.8157434952830189 0.6590534621848739 0.7351716686320755 0.7645991659663866 0.7498502889150944 0.9191991218487395
0 0.5896785318396226 0.7817600588235295 0.6526556155660377 0.7155677962184874 0.6459844716981132 0.6217660462184874 0.6009556084905661 0.6712522478991597 0.5896785318396226 0.7817600588235295
0 0.3969356674528302 1 0.4150164658018868 0.9798249411764707 0.410412616745283 0.9026546575630252 0.38840228773584906 0.9162199327731092 0.37058483844339624 1 0.3969356674528302 1
0 0.8531810518867924 0.2619988991596639 0.8105099150943397 0.31537694537815125 0.8262686721698114 0.3495981386554622 0.8663863089622642 0.2872157647058824 0.8531810518867924 0.2619988991596639
0 0.7610061650943396 0.43770556092436974 0.7555601933962265 0.4015052521008403 0.7201775507075472 0.4260250693277311 0.7223714339622641 0.4631438508403361 0.7610061650943396 0.43770556092436974
0 0.6444128384433963 0.6084721323529412 0.6409461745283018 0.5459546428571429 0.6138969327830189 0.5756750819327732 0.6144409563679245 0.6437970273109244 0.6444128384433963 0.6084721323529412
0 0.46872383254716976 0.7747486764705882 0.4833840412735849 0.7226738256302522 0.45832585141509435 0.7343178802521008 0.4496062558962264 0.7789763634453781 0.46872383254716976 0.7747486764705882
0 0.3043381533018868 0.8666878802521009 0.2848465648584906 0.9109713571428572 0.3179036603773585 0.8879245924369747 0.3405877287735849 0.823385649159664 0.3043381533018868 0.8666878802521009
0 0.34075467806603776 0.8293265714285715 0.32270574174528305 0.879386174369748 0.3457078525943396 0.8534707962184873 0.364807116745283 0.7978823529411764 0.34075467806603776 0.8293265714285715
0 0.3722771969339623 0.7826806596638656 0.3628733879716981 0.8148809054621848 0.3850669870283019 0.7972509768907563 0.40021471108490564 0.753163531512605 0.3722771969339623 0.7826806596638656
0 0.47427880188679244 0.6526873970588235 0.4613349115566037 0.7107290420168068 0.49291578891509436 0.672204237394958 0.5043867216981133 0.6279420882352942 0.47427880188679244 0.6526873970588235
0 0.5366524033018868 0.625490237394958 0.5451383419811321 0.5750222352941176 0.5076376698113207 0.6071098424369747 0.5020612252358491 0.648552699579832 0.5366524033018868 0.625490237394958
0 0.573285154481132 0.5678126995798319 0.5774305153301886 0.5391399453781512 0.5433870224056604 0.560902018907563 0.5418541308962264 0.5999689642857142 0.573285154481132 0.5678126995798319
0 0.6593939882075472 0.4810911848739496 0.6609951096698113 0.43736236344537816 0.6296956650943397 0.4656891344537815 0.6257453172169811 0.5162413760504202 0.6593939882075472 0.4810911848739496
0 0.755568070754717 0.3689968319327731 0.7435344563679245 0.325176762605042 0.7040179068396227 0.36973554831932776 0.7062288419811321 0.419163775210084 0.755568070754717 0.3689968319327731
0 0.9280116367924529 0.13207914915966387 0.9079300353773585 0.11866238025210085 0.868642412735849 0.1783160462184874 0.8866267464622641 0.1961723676470588 0.9280116367924529 0.13207914915966387
0 0.8627775707547171 0.10995578151260504 0.879890133254717 0.08215104831932772 0.864728445754717 0.08073547478991597 0.8491075070754718 0.10223153151260504 0.8627775707547171 0.10995578151260504
0 0.8363224233490566 0.14745653361344538 0.8615177735849058 0.11601219327731092 0.848402766509434 0.10199295798319327 0.8212283915094339 0.1398696344537815 0.8363224233490566 0.14745653361344538
0 0.8023182900943396 0.19633864285714286 0.8312851155660378 0.15533909033613444 0.8178158077830189 0.14150183823529414 0.7908103702830189 0.17974537394957982 0.8023182900943396 0.19633864285714286
0 0.7618711992924528 0.21779052731092435 0.7736332028301888 0.23803979201680672 0.8037566556603774 0.1955866512605042 0.7906414445754717 0.17937854201680672 0.7618711992924528 0.21779052731092435
0 0.7356942523584906 0.25461922268907566 0.7419069068396227 0.2731368004201681 0.7706741874999999 0.23548964075630252 0.7619030742924527 0.21579662184873952 0.7356942523584906 0.25461922268907566
0 0.7078264893867924 0.28777620168067225 0.7069081084905661 0.3114619768907563 0.7395803773584906 0.27389780462184876 0.7371275389150943 0.24983972899159662 0.7078264893867924 0.28777620168067225
0 0.6762898101415094 0.32588639075630255 0.6741635448113208 0.3520987394957983 0.7055518974056604 0.31626786764705883 0.70491875 0.29034814915966384 0.6762898101415094 0.32588639075630255
0 0.6489165719339622 0.3568871386554622 0.6493827264150943 0.37127425420168064 0.6757465790094339 0.3452016848739496 0.6751522382075471 0.325179462184874 0.6489165719339622 0.3568871386554622
0 0.5899265778301886 0.43012323109243694 0.585245258254717 0.4554829012605042 0.6144714150943397 0.42852098529411764 0.615864692216981 0.40206647268907564 0.5899265778301886 0.43012323109243694
0 0.5634788254716981 0.4588346806722689 0.5565792099056603 0.48882849159663866 0.5807755683962265 0.4567573529411765 0.5857514198113207 0.4339749516806723 0.5634788254716981 0.4588346806722689
0 0.8457961556603774 0.09956211764705883 0.8595911662735849 0.08025583193277311 0.8464326214622642 0.07902728361344538 0.8359009351415094 0.09745151470588236 0.8457961556603774 0.09956211764705883
0 0.8096471757075472 0.13096175 0.818423891509434 0.1383009306722689 0.8410562841981132 0.10477120378151261 0.8294570424528303 0.09960611344537815 0.8096471757075472 0.13096175
0 0.7813567099056604 0.16320080042016807 0.7920653620283019 0.17924108403361344 0.8174778926886793 0.14076803151260506 0.8045993396226415 0.129595243697479 0.7813567099056604 0.16320080042016807
0 0.7534530365566038 0.19789485924369749 0.762158783018868 0.21247646218487395 0.7887250860849057 0.1778007205882353 0.7806541344339623 0.1660873781512605 0.7534530365566038 0.19789485924369749
0 0.7272760884433963 0.23472355672268908 0.7316007476415094 0.25075628781512604 0.7626512264150944 0.21419169537815125 0.7536920801886793 0.20248740546218488 0.7272760884433963 0.23472355672268908
0 0.7039585625 0.2632261050420168 0.7049089186320754 0.28322166596638654 0.731953125 0.2508755399159664 0.7267201591981132 0.2317608151260504 0.7039585625 0.2632261050420168
0 0.6764400141509433 0.29309643907563027 0.6789605719339622 0.32182297478991595 0.7057102735849057 0.2868996386554622 0.7042711933962265 0.26504290756302523 0.6764400141509433 0.29309643907563027
0 0.6502011391509435 0.32091513655462184 0.6490007617924529 0.3497754474789916 0.6747032063679246 0.32162072689075627 0.6754072971698114 0.2992506743697479 0.6502011391509435 0.32091513655462184
0 0.6249773325471698 0.3549684495798319 0.6232838431603774 0.3785445924369748 0.6467997841981132 0.3527468676470588 0.6470258808962265 0.3280470021008403 0.6249773325471698 0.3549684495798319
0 0.5943937924528302 0.390303256302521 0.5931070566037736 0.4157146470588235 0.6188673867924528 0.38510190546218487 0.6201170978773585 0.36973002100840335 0.5943937924528302 0.390303256302521
0 0.5714989693396226 0.419723731092437 0.5659083596698113 0.44707933403361344 0.5894098266509433 0.4218960357142857 0.5924404339622641 0.3987649537815126 0.5714989693396226 0.419723731092437
0 0.8265125165094339 0.09644146638655463 0.8391730294811321 0.07834948949579831 0.8188289764150943 0.07645006512605042 0.8120285283018868 0.08606604201680672 0.8265125165094339 0.09644146638655463
0 0.7904736379716981 0.11516614705882353 0.800752225235849 0.12705424579831934 0.8192626757075472 0.10265916386554622 0.8082715188679246 0.09429316176470588 0.7904736379716981 0.11516614705882353
0 0.7663107040094339 0.14183283613445377 0.7761890106132077 0.15962065546218487 0.7938402606132076 0.13400566386554622 0.7860394799528302 0.11835756302521008 0.7663107040094339 0.14183283613445377
0 0.7416173325471698 0.17219283823529413 0.7509934080188679 0.1888759642857143 0.7739735978773585 0.16320663655462184 0.7615920011792453 0.14600793487394956 0.7416173325471698 0.17219283823529413
0 0.7218969021226416 0.19881633823529413 0.7270481757075471 0.2253680882352941 0.7518526485849056 0.19009600420168066 0.7444765271226416 0.17149453361344538 0.7218969021226416 0.19881633823529413
0 0.7040827511792453 0.21988907142857142 0.7035078891509434 0.24465377100840338 0.7277962889150943 0.22376307773109244 0.7229202771226415 0.19702655462184873 0.7040827511792453 0.21988907142857142
0 0.6353982818396225 0.30815050420168066 0.634982899764151 0.3341907521008403 0.6514179658018867 0.3149775903361345 0.6556982429245283 0.2764746323529412 0.6353982818396225 0.30815050420168066
0 0.6157137617924529 0.3332369222689076 0.6107576285377359 0.367491018907563 0.6295527511792453 0.3385467605042017 0.631130478773585 0.31678215126050424 0.6157137617924529 0.3332369222689076
0 0.5922885011792453 0.3663507121848739 0.5879897724056603 0.39168377100840335 0.6064424174528301 0.3697467857142857 0.6082180448113208 0.34712002100840333 0.5922885011792453 0.3663507121848739
0 0.573593033018868 0.38712467016806723 0.563387804245283 0.4183527058823529 0.5824873136792453 0.39911234453781513 0.5873375978773585 0.3741195924369748 0.573593033018868 0.38712467016806723
0 0.49427214858490565 0.531426531512605 0.4714113938679245 0.5913142478991597 0.4979441816037736 0.5656086344537815 0.5060038820754718 0.524978224789916 0.49427214858490565 0.531426531512605
0 0.695120741745283 0.3685424012605042 0.6958501403301887 0.34413700420168064 0.675870603773585 0.3564516890756303 0.6750311438679246 0.3694847773109244 0.695120741745283 0.3685424012605042
0 0.6234967240566038 0.45393336344537816 0.6241349233490566 0.4290470903361345 0.6024847818396226 0.441246268907563 0.5966831898584906 0.4538385714285714 0.6234967240566038 0.45393336344537816
0 0.8739572016509435 0.10826906932773109 0.8459917735849056 0.15052164915966385 0.8607670000000001 0.16788015336134454 0.8877105801886793 0.1269831344537815 0.8739572016509435 0.10826906932773109
0 0.8311522299528302 0.1500983718487395 0.8076758478773586 0.18391025 0.813806875 0.19911222478991594 0.8375237063679245 0.16187581722689073 0.8311522299528302 0.1500983718487395