1 0.6616170854341737 1 0.6262948389355742 0.93131469 0.5680241484593838 0.9337203 0.5426536974789916 1 0.6616170854341737 1
1 0 0.936951165 0.0682372086834734 0.93356816 0.07592432913165266 0.8063258600000001 0.011350033613445377 0.797638255 0 0.9100746725000001 0 0.936951165
1 0.17409397759103643 0.7953099075 0.11483132072829132 0.8077304399999999 0.11799598319327731 0.9207762850000001 0.19032918907563023 0.9177866874999999 0.17409397759103643 0.7953099075
1 0.22004886134453783 0.9117979825 0.2924075392156863 0.907813645 0.2689194411764706 0.7832569574999999 0.22228058543417367 0.7777623300000001 0.1980852801120448 0.828641435 0.22004886134453783 0.9117979825
0 0.3269846344537815 0.8442953725 0.2900831638655462 0.8530800675000001 0.32884099159663865 0.927954385 0.3995485784313726 0.9157953550000001 0.39770903081232495 0.894150345 0.3727083165266107 0.8447678825 0.3269846344537815 0.8442953725
1 0.5513604495798319 0.7550971375000001 0.5185860770308124 0.7687939199999999 0.49284618767507005 0.83937017 0.5375241890756303 0.9073391325 0.6124555798319328 0.8850551975000001 0.596597406162465 0.8066938324999999 0.5513604495798319 0.7550971375000001
1 0.5816553669467788 0.79952165 0.631776431372549 0.882247305 0.6896448893557423 0.8627946725 0.6671498095238095 0.79438997 0.6358541750700281 0.7469475649999999 0.6005137661064426 0.75460257 0.5816553669467788 0.79952165
1 0.7134584327731092 0.72576975 0.6839247422969188 0.72295632 0.6707937941176471 0.732853545 0.6605068207282914 0.7753871499999999 0.6856343389355742 0.8483854875 0.6957284621848739 0.8434733375000001 0.7047530448179271 0.8636324375 0.7538158319327731 0.8495951024999999 0.766387317927171 0.8090883075 0.7354000546218488 0.741045875 0.7134584327731092 0.72576975
1 0.8970761400560224 0.7577660174999999 0.8568925 0.73979315 0.8194458837535014 0.756963785 0.8153395182072829 0.7870201125 0.8227387324929972 0.8121788725000001 0.8519515602240896 0.82251368 0.8680334383753502 0.8427457075 0.9188459705882353 0.843270805 0.9277425406162465 0.8333298225 0.924684656862745 0.8057076925 0.8970761400560224 0.7577660174999999
1 0.12490100280112044 0.752294585 0.11765085714285714 0.7898431125 0.127317162464986 0.794959465 0.1268893473389356 0.804987965 0.15511853081232493 0.8052796825 0.16433596358543417 0.7878173275 0.16191980392156863 0.74515245 0.1396573193277311 0.7373976975 0.12490100280112044 0.752294585
1 0.28016151400560224 0.75389905 0.27791548039215686 0.8065486675 0.29215808543417365 0.8367946125 0.3090955952380952 0.8369696424999999 0.3534594635854342 0.8236589375 0.3386941232492997 0.7720615375 0.3219494635854342 0.7342650475000001 0.2965431974789916 0.7340024975 0.28016151400560224 0.75389905
1 0.5085181008403361 0.7963905674999999 0.5242370028011205 0.758929555 0.5105291694677871 0.7161479925 0.47588441316526614 0.7007405925000001 0.46166286694677877 0.7031018575 0.45537530672268905 0.7180862600000001 0.44987853781512605 0.780735205 0.45086218207282913 0.79077829 0.4675857843137255 0.79596757 0.4723759887955182 0.8160829150000001 0.47802182633053225 0.8161412575 0.4871323039215686 0.8011860249999999 0.5085181008403361 0.7963905674999999
1 0.5328775518207284 0.6887884099999999 0.5093316176470588 0.711119155 0.5163030168067226 0.7463064174999999 0.5281505182072829 0.7664946899999999 0.5592026204481793 0.7668155799999999 0.5810372899159664 0.7845988300000001 0.6007766610644258 0.7521958275 0.6017392478991597 0.7296317050000001 0.5872827352941176 0.7044000125 0.5328775518207284 0.6887884099999999
1 0.6730398277310924 0.6802039275 0.6669872338935574 0.7227812874999999 0.70379212464986 0.7206534000000001 0.734095550420168 0.7385241675 0.7637361932773109 0.7388304725 0.7492796834733894 0.7135987775 0.7447033851540616 0.6884691875 0.7003923221288516 0.6679454375 0.6730398277310924 0.6802039275
1 0.9469698669467786 0.68052649 0.9252632100840336 0.6928433225 0.9262679103641456 0.735493615 0.950009012605042 0.7444541 0.9552479397759103 0.6806120375 0.9469698669467786 0.68052649
1 0.8068075896358543 0.6891109725 0.7522954523809524 0.676006495 0.7500283599439777 0.6960489049999999 0.7781716470588235 0.73145496 0.7764603837535013 0.771568955 0.7816784047619048 0.7816557975 0.7977392254901962 0.7692806175 0.8159812408963585 0.7719773625 0.8298608669467787 0.7445302650000001 0.8291980868347338 0.7269658075 0.8068075896358543 0.6891109725
1 0.6556113291316527 0.5922357725 0.6360648081232494 0.58701732 0.6119630476190476 0.58927648 0.6001366036414566 0.601695415 0.5972488473389356 0.6693877825 0.6327702927170868 0.69734539 0.665447761904762 0.69266662 0.6778948725490196 0.6325977300000001 0.6774459985994398 0.61001902 0.6659404173669468 0.6149165825 0.6556113291316527 0.5922357725
1 0.4047135112044818 0.61472529 0.393100974789916 0.6221299775 0.3792002913165266 0.6169698675 0.36596238935574227 0.62937422 0.362090987394958 0.6870235 0.38610685294117647 0.7198786699999999 0.42703916806722686 0.720301665 0.4292641456582633 0.6350448375 0.42154406722689075 0.61740745 0.4047135112044818 0.61472529
1 0.2431005994397759 0.6958267725 0.25364359523809527 0.713493335 0.2945759117647059 0.7139163275 0.2930153837535014 0.6511944525 0.2836699397759104 0.6385567274999999 0.2624980518207283 0.638337935 0.24491881652661066 0.6532056525000001 0.2431005994397759 0.6958267725
1 0.11040237675070028 0.6618484800000001 0.11097926050420169 0.7145272699999999 0.15484144957983192 0.7124723125 0.15601794397759103 0.68489394 0.14763508543417367 0.6496920925 0.12819551960784312 0.6419665125 0.11679689075630251 0.6443569499999999 0.11040237675070028 0.6618484800000001
1 0.04906790756302521 0.6762640274999999 0.04714273529411765 0.7213922725 0.0895934649859944 0.7193227299999999 0.09250228011204481 0.68423757 0.08803293697478991 0.6566008525 0.06718191176470589 0.64886069 0.058606201680672265 0.6512802974999999 0.04906790756302521 0.6762640274999999
1 0 0.72715913 0.022827067226890756 0.728665685 0.029842247899159666 0.6635242025 0.023212768907563026 0.6534227724999999 0 0.6512114825 0 0.72715913
1 0.29671499159663867 0.663773835 0.33514525210084034 0.6566462825000001 0.341304799719888 0.6115617975 0.312626743697479 0.5886913675000001 0.2912409467787115 0.593486825 0.2887810056022409 0.651150695 0.29671499159663867 0.663773835
1 0.4491753095238095 0.5324131725 0.4378187955182073 0.6000180225 0.4369631638655462 0.62007502 0.4433787366946779 0.6351907 0.46683877310924365 0.647974285 0.5092895042016806 0.6459047425 0.5118774551820728 0.618340955 0.5005436680672268 0.5530098525 0.4745815742296919 0.5326757225000001 0.4491753095238095 0.5324131725
0 0.46480562745098036 0.8233774225 0.3966393221288515 0.83269838 0.4292337296918768 0.92420761 0.5232962983193278 0.90848105 0.46480562745098036 0.8233774225
0 0.7913780182072829 0.789515325 0.7625428403361345 0.8035392349999999 0.7902867226890756 0.8777741324999999 0.8703345014005601 0.8676695 0.7913780182072829 0.789515325
0 0.02400947899159664 0.79603742 0.09246362605042018 0.804036 0.09456222408963585 0.7548424425 0.027228344537815124 0.757897845 0.02400947899159664 0.79603742
0 0.2494784369747899 0.7819623824999999 0.23611208683473392 0.7462799099999999 0.18861288795518208 0.7664062225000001 0.19817714425770308 0.8051284425 0.2494784369747899 0.7819623824999999
0 0.43905716386554616 0.8149088025000001 0.41087064285714286 0.7535542100000001 0.36992521708683473 0.7591590650000001 0.39267734593837533 0.818986475 0.43905716386554616 0.8149088025000001
0 0.6691827128851541 0.7398185024999999 0.641175443977591 0.7103645224999999 0.6099513697478991 0.7297165699999999 0.6473264971988796 0.7587319499999999 0.6691827128851541 0.7398185024999999
0 0.8381795882352941 0.6701724425000001 0.8778933487394958 0.6659043825000001 0.8810750238095238 0.66192714 0.8535345378151261 0.6456020075000001 0.8031415868347339 0.65321429 0.8381795882352941 0.6701724425000001
0 0.7633080518207283 0.6587875649999999 0.804741263305322 0.6736537025 0.8324689719887954 0.6723060624999999 0.8018348347338936 0.6582743225000001 0.7633080518207283 0.6587875649999999
0 0.7101418893557423 0.6582163950000001 0.7446569719887954 0.67953514 0.7754004579831933 0.6689161575 0.7519340812324931 0.6513765024999999 0.7101418893557423 0.6582163950000001
0 0.5479096834733893 0.6702107825 0.5786382619047619 0.6960473675 0.628058205882353 0.6929124849999999 0.5899661540616247 0.656543355 0.5479096834733893 0.6702107825
0 0.5590519887955182 0.68581965 0.5357021820728292 0.6555023525 0.4827845238095238 0.6713971999999999 0.5129989705882353 0.7063057399999999 0.5590519887955182 0.68581965
0 0.4967638781512605 0.68973293 0.4786623795518208 0.6567357300000001 0.43373333333333336 0.677730935 0.4501897450980392 0.698365565 0.4967638781512605 0.68973293
0 0.3733411008403361 0.7146447899999999 0.347853 0.674280155 0.3030336344537815 0.6861694625 0.3231747787114846 0.723240305 0.3733411008403361 0.7146447899999999
0 0.2478603081232493 0.7236164875 0.2293154257703081 0.67694381 0.16901659523809523 0.684116185 0.17488118207282913 0.7374445975 0.2478603081232493 0.7236164875
0 0.05798783333333333 0.610598265 0.013490372549019608 0.6085555075 0.005190373949579832 0.63686703 0.05291054621848739 0.6390389125 0.05798783333333333 0.610598265
0 0.05801032913165267 0.6100709400000001 0.05108295798319328 0.6400752249999999 0.10063110084033614 0.6421703025 0.10443176890756303 0.6101700475 0.05801032913165267 0.6100709400000001
0 0.10355657703081232 0.60843093 0.10266121708683475 0.6363870725 0.1487566736694678 0.6358081025 0.14746212605042017 0.611934845 0.10355657703081232 0.60843093
0 0.14393965826330532 0.60937589 0.15152055042016807 0.6337261025 0.20168081092436976 0.62844029 0.190717649859944 0.6084214825 0.14393965826330532 0.60937589
0 0.19485622829131652 0.60726382 0.2051335 0.631114215 0.253214068627451 0.6258069525 0.23991615966386556 0.60496954 0.19485622829131652 0.60726382
0 0.24081206302521008 0.6029899224999999 0.24864045238095236 0.621538525 0.28732634033613447 0.61349589 0.28174222969187673 0.6001212850000001 0.24081206302521008 0.6029899224999999
0 0.3355157857142857 0.6011716125000001 0.3481463613445378 0.6230944575 0.3902128151260504 0.61244856 0.3745923165266106 0.595402355 0.3355157857142857 0.6011716125000001
0 0.3806018095238095 0.593881535 0.3954435406162465 0.6082814875 0.4343860798319328 0.6081561975 0.4144802955182073 0.5896119125 0.3806018095238095 0.593881535
0 0 0.6055052675 0.011500682072829132 0.6064243425 0.017617098039215684 0.58947109 0 0.587172255 0 0.6055052675
0 0.02233993837535014 0.5822645275 0.013535372549019608 0.6075006475 0.056457334733893555 0.6116377700000001 0.06092891176470588 0.5846381900000001 0.02233993837535014 0.5822645275
0 0.0628851162464986 0.5863771249999999 0.0593562324929972 0.6063912425 0.10188650280112044 0.6057754275 0.10487101960784315 0.582452045 0.0628851162464986 0.5863771249999999
0 0.10655878991596639 0.5868284475 0.10209357422969188 0.6078882525 0.15012914705882352 0.603635725 0.14790137675070028 0.5842168424999999 0.10655878991596639 0.5868284475
0 0.14723432352941176 0.5809169399999999 0.14980953081232493 0.604160065 0.19185810364145658 0.6009011475 0.18441474789915968 0.5819539300000001 0.14723432352941176 0.5809169399999999
0 0.18485348039215688 0.5839439424999999 0.19256941736694677 0.605129625 0.2353967619047619 0.6045168799999999 0.225916175070028 0.5759258725 0.18485348039215688 0.5839439424999999
0 0.22959843557422968 0.58018521 0.23978118067226892 0.5992857025 0.27865163725490194 0.5938833425 0.26520797899159665 0.5695876375000001 0.22959843557422968 0.58018521
0 0.27155239355742294 0.5721763125 0.282216824929972 0.5939201875 0.31779667086834734 0.5890113825000001 0.3060660070028011 0.5700098650000001 0.27155239355742294 0.5721763125
0 0.31740035714285714 0.57739895 0.32520166666666667 0.589615465 0.3651705546218488 0.5863349800000001 0.3530921890756302 0.56521535 0.31740035714285714 0.57739895
0 0.3587151218487395 0.57043881 0.37166174089635856 0.5874573399999999 0.4069670098039216 0.5820181375 0.3895492703081232 0.564271975 0.3587151218487395 0.57043881
0 0 0.5756233224999999 0.025306333333333333 0.5754358125 0.031079232492997197 0.5526468175 0.0035817450980392155 0.5551605625 0 0.5643277625 0 0.5756233224999999
0 0.037081901960784314 0.5502302675 0.03549772969187675 0.5734304499999999 0.06484310924369749 0.575316665 0.06770519047619047 0.547744825 0.037081901960784314 0.5502302675
0 0.07442186414565827 0.5458673375 0.06868289075630252 0.5758840675 0.10364604901960785 0.5714964475 0.10644718347338934 0.5455049425 0.07442186414565827 0.5458673375
0 0.10315053221288514 0.5482747775 0.10325897478991596 0.5736031325 0.14419124929971988 0.57560901 0.1383907324929972 0.5458350475 0.10315053221288514 0.5482747775
0 0.13656073529411766 0.5454541574999999 0.14272825210084034 0.5750662075 0.17704759523809524 0.5648678925 0.16598962605042017 0.5434800125 0.13656073529411766 0.5454541574999999
0 0.24067601400560223 0.5365047525 0.26142389915966385 0.5657398375 0.28678987394957983 0.563363725 0.27536087114845936 0.5406498925000001 0.24067601400560223 0.5365047525
0 0.28348547899159665 0.543278955 0.29432986414565826 0.5608034 0.3262816456582633 0.564299515 0.3066178403361345 0.5396527824999999 0.28348547899159665 0.543278955
0 0.3203483263305322 0.5431322550000001 0.3317644481792717 0.56119025 0.3603985392156863 0.55884791 0.34519095798319327 0.5413715175 0.3203483263305322 0.5431322550000001
0 0.35366853361344536 0.542421265 0.3693115308123249 0.5589400175 0.39748638375350137 0.55342705 0.37358901680672263 0.5377046225000001 0.35366853361344536 0.542421265
0 0.5027456120448179 0.5803696724999999 0.5283596078431373 0.6070167974999999 0.5670679509803922 0.5984467225 0.5177848865546218 0.57219777 0.5027456120448179 0.5803696724999999
0 0.2596426974789916 0.6423304224999999 0.253259431372549 0.631711485 0.22708431652661065 0.644440565 0.23815285154061624 0.6653248975 0.2596426974789916 0.6423304224999999
0 0.37751000140056024 0.6245531225 0.366103081232493 0.6202140775 0.33822276330532214 0.6350281 0.34939855182072826 0.6564491775000001 0.37751000140056024 0.6245531225
0 0.0013999761904761904 0.6500939200000001 0.04201957703081233 0.6551407425 0.042039011204481794 0.6343191375 0.003117521008403361 0.6320389325 0.0013999761904761904 0.6500939200000001