1 0.11855989130434783 0.8084143287671234 0.04498561253196932 0.8094349794520548 0.05051510358056266 0.9089282123287671 0.11793334910485934 0.9138148926940639 0.11855989130434783 0.8084143287671234
1 0.2552729936061381 0.923769689497717 0.24381152429667519 0.8622732648401826 0.16804002685421993 0.8698889703196347 0.16976668925831204 0.9175719315068492 0.2552729936061381 0.923769689497717
1 0.5542129143222506 0.9429495844748857 0.508591205882353 0.8485654703196347 0.4087819373401535 0.8742308242009132 0.41693299744245527 0.8967546529680366 0.43582114578005116 0.9368563721461187 0.5408997020460358 0.9444727853881278 0.5542129143222506 0.9429495844748857
1 0.7038350204603581 0.925830888127854 0.7036800498721227 0.9248499657534247 0.6198891956521739 0.767986198630137 0.5669457953964194 0.7668905091324201 0.5343933222506394 0.8598604452054794 0.5735400051150895 0.9407383150684931 0.7038350204603581 0.925830888127854
1 0.7865357851662403 0.8961281666666667 0.7420662455242967 0.8188805388127853 0.6592941790281329 0.8220197785388128 0.7127547915601022 0.9248103515981735 0.7982932506393862 0.9150236529680364 0.7865357851662403 0.8961281666666667
1 0.9290715920716113 0.9000609269406392 0.9023395562659847 0.8524307260273973 0.8618379309462916 0.8193370182648402 0.7949737109974424 0.8309403082191781 0.7862667659846546 0.8758305684931507 0.8177442020460358 0.9127982123287671 0.9290715920716113 0.9000609269406392
1 1 0.8410932762557078 0.9565169782608696 0.7905584155251142 0.876443179028133 0.8137738356164383 0.9426875089514067 0.8985030913242009 1 0.891945803652968 1 0.8410932762557078
1 0.11048858695652174 0.6208685296803653 0.05141095396419438 0.6092753287671233 0.04359827877237852 0.7359586757990867 0.10805337595907928 0.73675500456621 0.11048858695652174 0.6208685296803653
1 0.20348629028132995 0.6180856598173516 0.14999908695652173 0.6260892237442922 0.15693079411764707 0.7296113150684931 0.22265095140664962 0.7309682853881279 0.20348629028132995 0.6180856598173516
1 0.2494828913043478 0.7271740410958905 0.3151905767263427 0.7276230936073059 0.2893508324808184 0.6124289748858448 0.24670990281329924 0.6047688242009132 0.226514368286445 0.6499129018264841 0.2494828913043478 0.7271740410958905
0 0.34438112276214833 0.6715116872146119 0.31111355242966754 0.6774558561643835 0.34906894245524295 0.7480952328767123 0.41298105242966754 0.7409778607305936 0.4105311777493606 0.7210866232876713 0.38600919437340153 0.6745290159817352 0.34438112276214833 0.6715116872146119
1 0.5453788375959079 0.6026563036529681 0.5160432148337596 0.6133243150684932 0.49514798849104863 0.676387602739726 0.5382435767263427 0.7410490570776255 0.6056366969309462 0.7249146278538813 0.5883963069053709 0.6523823219178082 0.5453788375959079 0.6026563036529681
1 0.574541148337596 0.6449808493150685 0.6231191278772379 0.723440205479452 0.6750854936061381 0.7089292694063927 0.6521619987212276 0.6451237739726027 0.6219808145780051 0.5999837762557078 0.5900934092071611 0.6049834863013699 0.574541148337596 0.6449808493150685
1 0.6918460396419437 0.5850116621004566 0.6648678772378517 0.5807697716894977 0.6532726982097187 0.5890750502283105 0.6454354232736573 0.6273763447488585 0.6709192250639385 0.6955300502283105 0.6799293900255755 0.6916102671232877 0.6888647941176471 0.710549399543379 0.7330115907928388 0.7004910662100456 0.743000547314578 0.6641717922374429 0.7123616713554987 0.6002172990867579 0.6918460396419437 0.5850116621004566
1 0.8600953158567775 0.6246440844748858 0.8228817647058824 0.605941698630137 0.789418641943734 0.6195212214611873 0.7867588670076727 0.6467656324200913 0.7943942890025575 0.670183401826484 0.8213500242966751 0.6812829680365298 0.8367105805626599 0.7006878150684931 0.8829716764705882 0.7040409611872146 0.8907117647058824 0.6954562534246576 0.8869389092071611 0.6700320205479452 0.8600953158567775 0.6246440844748858
1 1 0.5984113561643836 0.9848255063938619 0.6085341438356164 0.9668350792838875 0.6072301415525113 0.9615828171355498 0.6411459406392693 0.9693079514066496 0.6371330159817351 0.9718481074168799 0.6464628652968036 1 0.6610441894977169 1 0.5984113561643836
1 0.03460171867007673 0.6225955296803654 0.0401786074168798 0.5857919132420092 0.032038872122762144 0.5764817465753425 0.03460171867007673 0.6225955296803654
1 0.17007134654731457 0.5631968744292237 0.15717618542199488 0.5759807899543379 0.14655998465473147 0.5962913196347032 0.14352798721227622 0.6133871849315069 0.14536324168797954 0.6313168196347032 0.1608742800511509 0.6242639360730593 0.18657488874680309 0.626126796803653 0.19433740281329923 0.6106844132420092 0.190609405370844 0.5715448333333333 0.17007134654731457 0.5631968744292237
1 0.2985295345268542 0.5862265136986302 0.2983725358056266 0.6342302305936073 0.31241815856777494 0.662685497716895 0.3278385242966752 0.6638032123287672 0.3677350831202046 0.6541434520547945 0.35244848081841434 0.6061397557077626 0.335855226342711 0.5706405273972602 0.312724679028133 0.5689639543378995 0.2985295345268542 0.5862265136986302
1 0.5078698797953964 0.6379830707762557 0.5208323260869565 0.6046261301369862 0.506824084398977 0.5647414086757991 0.474743179028133 0.5486974863013698 0.4618853989769821 0.5500519474885844 0.4567004207161125 0.5633947260273973 0.45394345780051154 0.6203557214611872 0.4551985843989769 0.6295924292237443 0.47060399744245524 0.6352819269406393 0.475684310741688 0.6539416301369863 0.48082443094629157 0.6543141986301371 0.48857947058823525 0.641157710045662 0.5078698797953964 0.6379830707762557
1 0.5131480601023019 0.5667676347031964 0.5131552544757033 0.5939430319634703 0.5529313900255755 0.615117593607306 0.5734395434782609 0.6326091187214611 0.5902421291560103 0.604103390410959 0.5903094143222506 0.5835303698630137 0.5762488401534527 0.5596468858447489 0.5261775089514067 0.5422989611872147 0.5131480601023019 0.5667676347031964
1 0.6534296969309463 0.5410713310502283 0.6494475115089514 0.5796520547945205 0.6828657787723785 0.5797878789954338 0.7110841163682864 0.5978382648401827 0.7380697557544758 0.5997942648401826 0.7240091815856777 0.5759107785388128 0.718943820971867 0.552679296803653 0.6778826547314578 0.5314115936073059 0.6534296969309463 0.5410713310502283
1 0.8834202416879795 0.5668874840182648 0.8858632097186702 0.6059339200913243 0.9615902915601023 0.6388600479452055 0.9694200920716112 0.6028446461187215 0.959199658567775 0.5838123721461187 0.9476568120204604 0.5761164132420091 0.9412839923273657 0.5596494566210046 0.9027330792838875 0.5568551689497717 0.8834202416879795 0.5668874840182648
1 0.7754851598465473 0.5567775844748859 0.7254063542199489 0.5417155525114156 0.7240615140664961 0.5599095410958904 0.7509424884910486 0.5938680205479452 0.7508228708439898 0.6304422831050228 0.7559330882352941 0.6399584178082192 0.7701058043478262 0.6295535342465753 0.7868037237851663 0.6330502853881279 0.7984512340153452 0.6087437671232877 0.7972185370843989 0.5926493835616438 0.7754851598465473 0.5567775844748859
1 0.6344159028132992 0.4596679931506849 0.6164404283887468 0.4537922100456621 0.5945874347826087 0.45449467123287673 0.5842698120204604 0.4651789863013699 0.5840679565217392 0.5268980502283105 0.6173965115089515 0.5544645707762557 0.6469671636828644 0.5520350730593607 0.6561418030690537 0.4978256826484018 0.654924057544757 0.4771595205479452 0.6446288606138108 0.4809861598173516 0.6344159028132992 0.4596679931506849
1 0.4068907531969309 0.4660406073059361 0.39658808184143224 0.4721531369863014 0.38375272890025575 0.4666499269406392 0.372150074168798 0.47724109589041097 0.370693094629156 0.5297234520547945 0.39040088491048597 0.5471690844748858 0.43314579539641945 0.5478624155251142 0.42996149232736575 0.4860043082191781 0.42230364322250635 0.46944421232876715 0.4068907531969309 0.4660406073059361
1 0.26272063299232734 0.5310430114155251 0.27294854347826086 0.5477893949771689 0.31021442710997443 0.5504905388127854 0.3065462378516624 0.49306382648401825 0.297588405370844 0.4809823721461187 0.2783129475703325 0.4795852283105023 0.262847726342711 0.49218285844748855 0.26272063299232734 0.5310430114155251
1 0.1407399296675192 0.49247784703196346 0.14315299232736572 0.5406678493150685 0.18299641176470588 0.541269388127854 0.18307864833759593 0.5161245844748859 0.1741881010230179 0.4834701073059361 0.1562201023017903 0.4753084292237443 0.14593238363171354 0.4768491803652968 0.1407399296675192 0.49247784703196346
1 0.08543876214833761 0.5021880479452054 0.08530419309462917 0.543334091324201 0.12386258312020461 0.5438424885844749 0.12525227877237852 0.5119331506849315 0.1201943938618926 0.48641577625570775 0.10094136572890026 0.47816095890410965 0.09322370588235293 0.47988799086757994 0.08543876214833761 0.5021880479452054
1 0.030253531969309463 0.5443577694063927 0.06343624808184144 0.5486083333333334 0.06748571739130435 0.4894545890410959 0.061090470588235295 0.47984531050228313 0.03411230562659847 0.4756034178082192 0.02716304603580563 0.48875003424657537 0.030253531969309463 0.5443577694063927
1 0.3103639475703325 0.5047727123287672 0.3450821969309463 0.500429899543379 0.34907185933503837 0.4595632831050228 0.3221535051150895 0.43703426027397263 0.30286309590792837 0.440208899543379 0.30269114578005113 0.492784399543379 0.3103639475703325 0.5047727123287672
1 0.4444033478260869 0.3933073401826484 0.436491310741688 0.45446754566210046 0.4364315012787724 0.4727546757990868 0.44281179667519177 0.4869357397260274 0.46461993478260866 0.49994862557077624 0.5031783235294118 0.5004570228310502 0.5045455907928389 0.47540536073059364 0.49188966496163683 0.41504075799086754 0.467533895140665 0.3949839132420091 0.4444033478260869 0.3933073401826484
0 0.4065264028132992 0.9347329999999999 0.3839211726342711 0.8694259246575343 0.27005487723785165 0.8820612328767123 0.2822741189258312 0.9257268150684932 0.4065264028132992 0.9347329999999999
0 0.46905629667519183 0.660181997716895 0.4073551777493606 0.6648485799086759 0.4402977225063939 0.750346595890411 0.5253363196930946 0.7412884703196347 0.46905629667519183 0.660181997716895
0 0.7650419795396419 0.6476918150684932 0.7393029693094628 0.6588816164383562 0.7672121304347825 0.7283136872146119 0.8396979731457801 0.7236025114155251 0.7650419795396419 0.6476918150684932
0 0.06692698721227622 0.6102644292237442 0.12951080690537084 0.6214471278538813 0.12965749872122762 0.5765945045662101 0.06848937212276215 0.5755803698630136 0.06692698721227622 0.6102644292237442
0 0.2716120191815857 0.6101462465753424 0.2581689872122762 0.5767706118721462 0.21566337851662404 0.5924837191780823 0.2257552378516624 0.6284232191780822 0.2716120191815857 0.6101462465753424
0 0.4453202148337596 0.6509843287671233 0.4174698721227621 0.5933020205479452 0.36249731713554983 0.5957703242009132 0.3898614820971867 0.6592330342465754 0.4453202148337596 0.6509843287671233
0 0.6520561560102301 0.595351109589041 0.6255122941176471 0.5668415296803653 0.5977902199488491 0.5827670799086758 0.6328436406649617 0.611405394977169 0.6520561560102301 0.595351109589041
0 0.8033566751918159 0.5412384246575342 0.8393454705882353 0.5395822442922374 0.8420984271099745 0.5361262716894977 0.8164499168797954 0.5196450867579908 0.7708623145780051 0.5237546164383561 0.8033566751918159 0.5412384246575342
0 0.7348112966751918 0.5265972123287671 0.7730506815856777 0.5425301689497717 0.7982361624040921 0.5428660205479452 0.7698544514066495 0.5283064589041095 0.7348112966751918 0.5265972123287671
0 0.6864066125319693 0.5230688630136986 0.7185813772378518 0.5445094315068493 0.7461790920716113 0.5365402146118722 0.7241947199488492 0.5191791164383561 0.6864066125319693 0.5230688630136986
0 0.5391960255754475 0.524860602739726 0.5680867800511509 0.5502171392694064 0.6129493657289002 0.550145700913242 0.5769799360613811 0.5147442671232877 0.5391960255754475 0.524860602739726
0 0.5498955933503836 0.539759792237443 0.5275593427109975 0.5107243378995434 0.4799709718670077 0.522262789954338 0.5087189859335038 0.5558835662100456 0.5498955933503836 0.539759792237443
0 0.4933501457800512 0.5398152077625571 0.4756941035805627 0.5086266301369863 0.43555862148337593 0.5252793744292237 0.4512744552429667 0.5450734429223744 0.4933501457800512 0.5398152077625571
0 0.3819213094629156 0.5556101347031963 0.3572789846547314 0.517268799086758 0.3169169539641944 0.5256034086757991 0.33657519309462913 0.5606313196347033 0.3819213094629156 0.5556101347031963
0 0.26804824936061383 0.5567166712328767 0.24949856010230181 0.5130013059360731 0.1948802787723785 0.5161485730593607 0.20212873401534528 0.5652314246575342 0.26804824936061383 0.5567166712328767
0 0.036216814578005116 0.4622457534246575 0.04683975319693095 0.44040915296803657 0.02523686061381074 0.43833105707762554 0.02518817902813299 0.45321587671232877 0.025681305626598466 0.4620887922374429 0.036216814578005116 0.4622457534246575
0 0.09120286828644501 0.4426627260273972 0.05063444757033248 0.43827925342465757 0.04409569565217391 0.46369149543378996 0.08760159335038363 0.4683752305936073 0.09120286828644501 0.4426627260273972
0 0.0912044398976982 0.44218193150684937 0.08597552685421994 0.4692192602739726 0.13114222890025576 0.47393613926940636 0.13345412787723784 0.44489736301369864 0.0912044398976982 0.44218193150684937
0 0.13259532097186702 0.4432580251141553 0.1327824705882353 0.4687640753424658 0.1747111918158568 0.4708411917808219 0.17267743606138108 0.4489437739726027 0.13259532097186702 0.4432580251141553
0 0.1693800767263427 0.4464052785388128 0.17715185421994883 0.4690941689497717 0.2226110780051151 0.46709827397260273 0.21191648593350385 0.44817778082191784 0.1693800767263427 0.4464052785388128
0 0.21564133375959077 0.4473534908675799 0.22584905754475704 0.4697379246575343 0.2694148746803069 0.46760482420091326 0.2565661905370844 0.4478039703196347 0.21564133375959077 0.4473534908675799
0 0.25731056138107417 0.4460449200913242 0.26509963938618925 0.4634441461187215 0.3000177276214834 0.45827924657534247 0.2944565127877238 0.4457368333333333 0.25731056138107417 0.4460449200913242
0 0.3434311342710998 0.44973755479452054 0.3557114092071611 0.47049294520547946 0.3936126994884911 0.4631393630136986 0.37878620843989774 0.44667299543378997 0.3434311342710998 0.44973755479452054
0 0.384200679028133 0.44562250456621005 0.3982236023017903 0.4596257168949772 0.43365902557544755 0.46171312785388124 0.4148789872122762 0.4436349497716895 0.384200679028133 0.44562250456621005
0 0.025254677749360615 0.4328834611872146 0.0487473337595908 0.43621850228310505 0.053705996163682865 0.4210661849315068 0.025311177749360616 0.41560805707762555 0.025254677749360615 0.4328834611872146
0 0.05774575703324808 0.41474520547945204 0.050637592071611254 0.4373174794520548 0.08984728516624041 0.44352647031963466 0.09294897826086956 0.41909709360730596 0.05774575703324808 0.41474520547945204
0 0.09479156010230179 0.42079738584474885 0.09229740409207161 0.43889415981735164 0.13098028260869565 0.44073601369863014 0.13286042583120203 0.41958322374429224 0.09479156010230179 0.42079738584474885
0 0.13455324808184144 0.4236794337899544 0.13124445524296674 0.44267920091324203 0.17480712787723784 0.44150776712328765 0.17208373657289003 0.42362963698630135 0.13455324808184144 0.4236794337899544
0 0.17135840792838875 0.4205752465753425 0.17453505115089515 0.44196902968036533 0.21268482608695652 0.44136739954337895 0.2052318644501279 0.42362554337899544 0.17135840792838875 0.4205752465753425
0 0.20570245907928386 0.4254695593607306 0.21348371611253197 0.4452731689497717 0.25243705754475704 0.44713462328767123 0.24278445652173913 0.42046150684931505 0.20570245907928386 0.4254695593607306
0 0.24628818030690536 0.4245634748858447 0.2562396355498721 0.4426003447488584 0.2914203222506394 0.4398595388127854 0.2783150485933504 0.41688897488584475 0.24628818030690536 0.4245634748858447
0 0.2841816074168798 0.41961420091324203 0.2946661662404092 0.44009480821917807 0.32686990025575446 0.4376191324200913 0.3155132979539642 0.41958521917808217 0.2841816074168798 0.41961420091324203
0 0.3260930294117647 0.4269809863013699 0.3336305166240409 0.4385900730593607 0.3698868874680307 0.4378511324200913 0.3581379411764706 0.4178612397260274 0.3260930294117647 0.4269809863013699
0 0.3634423427109974 0.4229543127853881 0.3758344603580563 0.43924419406392695 0.40776930434782604 0.43626812100456624 0.3912821342710997 0.41906024657534247 0.3634423427109974 0.4229543127853881
0 0.03970330434782609 0.38890691552511414 0.03315026342710997 0.40719054566210044 0.06020059462915601 0.4086703310502283 0.06463747826086957 0.3881637283105023 0.03970330434782609 0.38890691552511414
0 0.07001363299232737 0.38629400228310506 0.06940346803069053 0.40741334246575345 0.09617702557544758 0.41079695662100457 0.0977934757033248 0.38575343378995436 0.07001363299232737 0.38629400228310506
0 0.10383873657289003 0.38441687214611875 0.09969177877237852 0.4115327716894977 0.13135297314578004 0.4094986803652968 0.13297059974424552 0.38589640410958903 0.10383873657289003 0.38441687214611875
0 0.13006973529411764 0.38824210273972604 0.1310762199488491 0.4114026621004566 0.1683987979539642 0.41555082648401825 0.162052868286445 0.3880043767123288 0.13006973529411764 0.38824210273972604
0 0.16037381457800512 0.38755270319634705 0.16704793222506395 0.4149718926940639 0.19791495524296676 0.4075894315068493 0.18708501406649616 0.38741201369863015 0.16037381457800512 0.38755270319634705
0 0.25480384782608695 0.38525846347031967 0.27473341304347826 0.4131574680365297 0.29773272378516624 0.41241957762557074 0.28651759590792836 0.3910090319634703 0.25480384782608695 0.38525846347031967
0 0.29400567647058823 0.39387183561643835 0.30450277493606137 0.41050534018264845 0.33370600767263425 0.4155080502283105 0.3149274667519182 0.3918648812785388 0.29400567647058823 0.39387183561643835
0 0.32754769309462917 0.39582207762557076 0.3385842276214834 0.41297566894977167 0.3645589181585678 0.4124534429223744 0.35009278516624043 0.39561715525114155 0.32754769309462917 0.39582207762557076
0 0.3578454820971867 0.3970561552511416 0.3726735447570333 0.4130416164383562 0.39811666240409205 0.4095949292237443 0.37580519820971864 0.39387071232876714 0.3578454820971867 0.3970561552511416
0 0.49487416496163683 0.44017679680365296 0.5191394117647059 0.4659851141552512 0.5540590306905371 0.46033930821917807 0.5082678644501278 0.4335566598173516 0.49487416496163683 0.44017679680365296
0 0.27585750895140665 0.48307358675799084 0.26966778132992325 0.4730051392694064 0.24630317135549873 0.48316165296803654 0.2571246828644501 0.5028793401826485 0.27585750895140665 0.48307358675799084
0 0.38248626214833764 0.47348673744292236 0.37194980306905373 0.4688751232876712 0.34710808823529415 0.48084121232876714 0.35804644373401534 0.5010556438356164 0.38248626214833764 0.47348673744292236
0 0.04112028516624041 0.47556879908675803 0.07826730179028132 0.4824792305936073 0.07753872122762148 0.46344583789954336 0.042036237851662404 0.45916058447488584 0.04112028516624041 0.47556879908675803