1 0.21126324710982658 0.9750493762886598 0.18371967774566475 0.8460207551546391 0.0987833020231214 0.8652283092783505 0.10560809104046243 0.9805317577319588 0.21126324710982658 0.9750493762886598
1 0.5676998309248554 0.955283193298969 0.48085809248554917 0.7934547654639176 0.3693793164739885 0.8363869845360824 0.37911777456647394 0.8606465257731959 0.4329024696531792 0.963548644329897 0.5269381387283237 0.9586691881443299 0.5676998309248554 0.955283193298969
1 0.7186705375722544 0.9427423453608247 0.7020146589595376 0.8521465489690722 0.6038299580924855 0.6869818788659794 0.5443174812138728 0.6931657577319588 0.5101389479768785 0.8025770206185566 0.5911525173410405 0.9533350231958763 0.7186705375722544 0.9427423453608247
1 0.7696381777456647 0.9385085592783505 0.84917212716763 0.8868175025773196 0.7943666372832371 0.8081432448453608 0.7424126719653178 0.727257224226804 0.6494955014450867 0.7423973969072165 0.7632278771676301 0.9390410515463918 0.7696381777456647 0.9385085592783505
1 1 0.8651507963917526 0.923351299132948 0.742633368556701 0.8769931979768786 0.7109870283505155 0.8021672890173411 0.7334434097938145 0.793541362716763 0.7852897912371134 0.9085502760115606 0.9033421288659793 1 0.8740443737113401 1 0.8651507963917526
1 1 0.6828916443298969 0.9826277239884393 0.6652627216494845 0.8932594869942198 0.7026662010309278 1 0.8228662036082475 1 0.6828916443298969
1 0.03230310838150289 0.5938449845360825 0.017418505780346823 0.5927744742268042 0.021337406069364163 0.7261398041237114 0.03255314739884393 0.7248802912371134 0.03230310838150289 0.5938449845360825
1 0.1321203930635838 0.5762829716494845 0.07223139884393064 0.592804987113402 0.08268698265895953 0.7085833402061856 0.15656143930635838 0.7009035695876289 0.1321203930635838 0.5762829716494845
1 0.18661053612716763 0.6928642396907216 0.2604475852601156 0.6841622860824742 0.22844722976878615 0.5578702963917526 0.1803408843930636 0.5552071314432989 0.15881356213872833 0.6089497938144329 0.18661053612716763 0.6928642396907216
1 0.28389088728323697 0.5508658402061856 0.2674346531791908 0.6270465927835052 0.3050969783236994 0.6815527603092784 0.37195360549132944 0.6721850670103093 0.3594908121387283 0.5975049072164949 0.3307396098265896 0.5484348891752577 0.28389088728323697 0.5508658402061856
1 0.5158541488439307 0.5109687216494846 0.48316917341040466 0.5271109948453608 0.461317450867052 0.6011605798969072 0.5114034060693642 0.6680447551546392 0.5867068005780347 0.6404041443298969 0.5654674869942197 0.5610200180412371 0.5158541488439307 0.5109687216494846
1 0.5497098887283237 0.5546144948453609 0.6063110895953757 0.6362913067010308 0.6643236777456648 0.6126435644329897 0.6369240144508671 0.5438977680412371 0.6018509783236995 0.4972195824742268 0.5661529046242775 0.5073268891752578 0.5497098887283237 0.5546144948453609
1 0.6799618424855491 0.47054335824742266 0.6495413843930636 0.46954021649484534 0.6367276979768786 0.48053168041237115 0.6289091026011561 0.5248253067010309 0.6592974277456647 0.5981161082474227 0.6693197413294798 0.5924327706185567 0.6798470751445087 0.6125396546391753 0.7375431040462428 0.601800912371134 0.7394759421965318 0.5526494097938145 0.7034038684971098 0.4848168221649484 0.6799618424855491 0.47054335824742266
1 0.870018539017341 0.49166113659793814 0.827725563583815 0.4757841984536082 0.7904781806358382 0.4957884407216495 0.7881918280346821 0.5268867886597938 0.7973739783236994 0.5522267577319587 0.8279459421965317 0.5609669664948453 0.8457042182080924 0.5806986417525773 0.8977669985549134 0.577997131443299 0.9062421213872832 0.567230793814433 0.9013480332369942 0.5390866752577319 0.870018539017341 0.49166113659793814
1 1 0.45651840721649484 0.9894966502890173 0.4570634201030928 0.984469426300578 0.49604891494845366 0.9930455534682082 0.49044062113402065 0.9961399378612718 0.5006066262886597 1 0.5021141056701031 1 0.45651840721649484
1 0.07900401589595377 0.5352880670103093 0.07397679190751445 0.5742735644329897 0.08420111560693642 0.5789063144329897 0.08440312283236995 0.5892224046391752 0.1133268901734104 0.5877215670103093 0.12165050578034681 0.5692181597938145 0.11645340606936416 0.5255999097938144 0.09316288728323699 0.5190635154639176 0.07900401589595377 0.5352880670103093
1 0.23808473410404624 0.5270334613402061 0.239145274566474 0.5811929226804124 0.25565937138728323 0.6113157268041237 0.27301363294797687 0.610415224226804 0.2751989812138728 0.5741588324742268 0.29917815751445087 0.5419348530927836 0.27962017919075144 0.5042250695876289 0.25358878901734105 0.5055758221649485 0.23808473410404624 0.5270334613402061
1 0.4746214667630058 0.556065987113402 0.4883258208092486 0.5166302371134021 0.4715592138728324 0.4736123221649485 0.4351014927745665 0.46001423711340206 0.42069011127167627 0.4633436804123711 0.4152083713872832 0.4791179768041237 0.41357854335260114 0.5437436134020619 0.41522673988439307 0.5539846597938144 0.43268200433526016 0.5582422010309278 0.4388707731213873 0.5785742087628866 0.4446555274566474 0.5782740412371135 0.4530296459537572 0.5623496572164949 0.4746214667630058 0.556065987113402
1 0.4926965173410405 0.44411745360824745 0.4700120216763006 0.4685293195876289 0.47939618063583816 0.5041853788659794 0.4928158916184971 0.5241421778350516 0.524632034682081 0.5224912577319588 0.5481245621387283 0.5393437396907216 0.566268485549133 0.5048409072164949 0.5658139667630058 0.4816297113402062 0.5494008757225434 0.45666495103092786 0.4926965173410405 0.44411745360824745
1 0.6356671546242775 0.42637221649484536 0.6321871242774567 0.47044071907216495 0.6697375202312139 0.46591060824742264 0.701907176300578 0.4823128402061856 0.7322771329479768 0.48073696134020616 0.7158640404624278 0.45577220360824744 0.7095742673410405 0.4302821494845361 0.6628922239884394 0.4120513118556701 0.6356671546242775 0.42637221649484536
1 0.8947368771676301 0.42325581185567007 0.898487789017341 0.46694910051546396 0.984418926300578 0.4934698969072165 0.992288024566474 0.45175529123711344 0.9803144999999999 0.43172344845360827 0.9671472991329481 0.4246617603092784 0.9595628439306357 0.4069838170103093 0.9161771936416184 0.4092350695876289 0.8947368771676301 0.42325581185567007
1 0.7732065534682081 0.42698030670103093 0.7165526979768786 0.4170118298969072 0.7155105260115607 0.43771904896907216 0.746587510115607 0.4722494768041237 0.7473955433526012 0.5135138298969072 0.7533823034682081 0.52352975 0.7690378641618497 0.5098091804123711 0.7878888164739885 0.5114126546391753 0.8003489898843931 0.4823680360824742 0.7985492861271676 0.46438992525773193 0.7732065534682081 0.42698030670103093
1 0.6122067601156069 0.3372320747422681 0.5918591184971098 0.33312461855670106 0.5673244190751445 0.3369793505154639 0.5560074234104047 0.35047479639175255 0.5573709768786127 0.4201083891752578 0.5955273959537573 0.44652654639175254 0.6286887239884393 0.4396425386597938 0.6375999942196532 0.37722071649484534 0.6356992875722544 0.3540845592783505 0.6242307846820809 0.3598429381443299 0.6122067601156069 0.3372320747422681
1 0.3567364421965318 0.3763047087628866 0.3453184407514451 0.3846421082474227 0.3307555534682081 0.3802344819587629 0.3179923684971098 0.39380496907216495 0.3177077268786127 0.4531975206185567 0.34439564306358383 0.48537405154639174 0.38633510549132943 0.483197837628866 0.38317184826589595 0.39558613144329896 0.3741412037572254 0.37798322680412366 0.3567364421965318 0.3763047087628866
1 0.19642991329479767 0.46981712371134016 0.20835293497109825 0.48726994329896905 0.2502923973988439 0.4850937293814433 0.24469128179190752 0.42084330412371135 0.2343154523121387 0.4084734871134021 0.21262262861271677 0.4095991159793814 0.19557138005780347 0.42597375 0.19642991329479767 0.46981712371134016
1 0.05838549421965318 0.4434188170103093 0.06233841329479769 0.49742819587628867 0.10711975 0.49252287628865976 0.10656422687861272 0.46415363402061854 0.09573388150289017 0.42857261855670103 0.07533573843930635 0.42188613917525775 0.06381673410404624 0.4250654948453608 0.05838549421965318 0.4434188170103093
1 0.014886127167630058 0.5065943608247423 0.040746592485549134 0.503711868556701 0.041485752890173415 0.4675305180412371 0.03514547687861272 0.4394614432989691 0.013301145953757225 0.43285000257731954 0.01446367774566474 0.4922178324742268 0.014886127167630058 0.5065943608247423
1 0.24928235693641618 0.4335132886597938 0.28817793641618494 0.4237500927835051 0.2916074638728324 0.3771025695876289 0.26078299132947974 0.35546724999999996 0.2391911705202312 0.3617509226804123 0.2403527167630058 0.42106843041237113 0.24928235693641618 0.4335132886597938
1 0.397009338150289 0.28902076546391753 0.38969576300578035 0.3591046108247423 0.3900997774566474 0.3797367886597938 0.3976337312138728 0.3948357113402062 0.4224714436416185 0.40645510824742265 0.4658065924855492 0.4016248324742268 0.4666972601156069 0.3731805463917526 0.45092232225433526 0.3068763917525773 0.42304072832369943 0.28767001288659794 0.397009338150289 0.28902076546391753
0 0.39154296098265895 0.9656947654639175 0.34312001011560694 0.841729469072165 0.2109768092485549 0.8515345850515464 0.2478812182080925 0.9731492886597939 0.39154296098265895 0.9656947654639175
0 0.43158470664739884 0.5865408118556701 0.3623810289017341 0.6004505721649485 0.4015965 0.6922565927835052 0.49690770520231214 0.6701236030927834 0.43158470664739884 0.5865408118556701
0 0.7638158135838151 0.5309747577319588 0.7351852369942197 0.5472014587628866 0.7683314985549132 0.6215940773195876 0.8496511401734104 0.6061226417525774 0.7638158135838151 0.5309747577319588
0 0.04810137283236994 0.5398367113402062 0.01596497687861272 0.5433090103092784 0.017299112716763005 0.5887113917525773 0.04909229913294798 0.5904410025773196 0.04810137283236994 0.5398367113402062
0 0.20845807080924855 0.5577818402061856 0.192494225433526 0.5220255128865979 0.14514219075144508 0.5457031881443298 0.15740691184971098 0.5848206211340207 0.20845807080924855 0.5577818402061856
0 0.4046791734104046 0.5794943092783506 0.37190175722543356 0.5183445541237113 0.33033359971098264 0.5267059226804124 0.3574490216763006 0.5866353969072164 0.4046791734104046 0.5794943092783506
0 0.6355225765895954 0.48778016237113403 0.6049647586705202 0.45934762886597935 0.5742281488439307 0.4811931056701031 0.6143501488439307 0.5085782835051547 0.6355225765895954 0.48778016237113403
0 0.7661888439306358 0.3871931237113402 0.8204258872832371 0.4153350824742268 0.8647334364161849 0.3933365644329897 0.8235944205202311 0.3790696159793815 0.7661888439306358 0.3871931237113402
0 0.7295113757225433 0.3956628170103093 0.7757880289017342 0.4204655489690722 0.8114506199421965 0.4139246932989691 0.7689279450867051 0.3926794639175258 0.7295113757225433 0.3956628170103093
0 0.6722542933526011 0.40144801804123714 0.7089565289017341 0.4211191597938145 0.7397584291907514 0.40826407731958764 0.7146106676300578 0.3917655644329897 0.6722542933526011 0.40144801804123714
0 0.5069028858381502 0.4240990335051546 0.5400162962427746 0.44864674226804124 0.5904195447976879 0.44227905670103096 0.5490941011560694 0.40739496907216494 0.5069028858381502 0.4240990335051546
0 0.5193082355491329 0.4394025335051546 0.49346430491329485 0.4097872731958763 0.4402939913294798 0.42946917783505156 0.47345997543352597 0.4633571030927835 0.5193082355491329 0.4394025335051546
0 0.45577836560693646 0.4473894020618557 0.43513737283237 0.4146900025773196 0.3904724913294798 0.43909522938144324 0.40863996531791913 0.4592160695876289 0.45577836560693646 0.4473894020618557
0 0.3309901575144509 0.4808183711340206 0.30231545809248556 0.44103132989690724 0.25718170375722543 0.4560873092783505 0.28017118208092484 0.4928360206185567 0.3309901575144509 0.4808183711340206
0 0.20307727312138726 0.4980246546391752 0.1811094436416185 0.451323074742268 0.1198244971098266 0.4625267860824743 0.12923319942196532 0.5168654613402062 0.20307727312138726 0.4980246546391752
0 0.013138182080924854 0.42452785309278346 0.047124281791907516 0.42385295360824743 0.04897354479768786 0.39077971391752575 0.012520254335260116 0.3929716443298969 0.013138182080924854 0.42452785309278346
0 0.04796639595375723 0.38905126030927834 0.04883389595375723 0.41779015463917524 0.09599618063583815 0.41425671907216494 0.09314692630057804 0.3898463402061856 0.04796639595375723 0.38905126030927834
0 0.08937678468208092 0.3874455850515464 0.09869335693641619 0.4119444278350516 0.14971736705202313 0.40332277577319586 0.13721398843930635 0.38348344587628863 0.08937678468208092 0.3874455850515464
0 0.14137777890173409 0.38203182474226804 0.15342339595375723 0.4058459355670103 0.20231654624277456 0.3973348891752578 0.18737026445086705 0.3768045902061855 0.14137777890173409 0.38203182474226804
0 0.1881612716763006 0.374716456185567 0.19736097832369945 0.3932473195876289 0.23645990173410406 0.38252898969072163 0.2298884436416185 0.3691633118556701 0.1881612716763006 0.374716456185567
0 0.28501667630057803 0.36681184278350515 0.2993489219653179 0.38849830670103097 0.34174320809248554 0.3748935618556701 0.3246606936416185 0.35840098711340207 0.28501667630057803 0.36681184278350515
0 0.33071702167630057 0.3564574768041237 0.3468332210982659 0.37028477319587627 0.38670026589595374 0.3676729278350515 0.36513423699421965 0.3499166494845361 0.33071702167630057 0.3564574768041237
0 0.012442854046242775 0.3890190180412371 0.046086845375722545 0.3864333298969072 0.04765421242774566 0.36231422422680415 0.01202934971098266 0.3679023582474227 0.012442854046242775 0.3890190180412371
0 0.049661722543352604 0.3666966005154639 0.046433723988439306 0.3885877912371134 0.09534811994219652 0.38116172938144327 0.09182759537572255 0.3613808556701031 0.049661722543352604 0.3666966005154639
0 0.09093395231213873 0.358037837628866 0.09505431502890173 0.3817200592783505 0.13790176589595377 0.3756951855670103 0.12907087138728324 0.3567308067010309 0.09093395231213873 0.358037837628866
0 0.12964712138728324 0.3587444948453608 0.13889999566473987 0.3799880567010309 0.1827137543352601 0.3766283762886598 0.1711813323699422 0.34789979896907214 0.12964712138728324 0.3587444948453608
0 0.17522361849710982 0.3520348840206186 0.18686928323699423 0.3709818273195876 0.22632570953757225 0.36296053350515467 0.21100946242774568 0.33889146649484536 0.17522361849710982 0.3520348840206186
0 0.21767102023121387 0.34114276030927837 0.22997861849710985 0.36277098711340205 0.2660971387283237 0.35546589175257726 0.2528728078034682 0.33671920103092784 0.21767102023121387 0.34114276030927837
0 0.2649501734104046 0.34357731443298967 0.2737180086705202 0.35561345360824737 0.31443459682080926 0.34969906443298965 0.30071904913294795 0.32880145103092784 0.2649501734104046 0.34357731443298967
0 0.3068100144508671 0.33380193041237116 0.3211528540462428 0.35043662113402063 0.35695636994219654 0.34260487628865977 0.33798890606936416 0.3255087809278351 0.3068100144508671 0.33380193041237116
0 0.014140919075144507 0.3267215902061856 0.011612508670520232 0.34661511597938144 0.011827050578034683 0.35757137371134023 0.04570066907514451 0.35115237371134017 0.0469099725433526 0.3243075850515464 0.014140919075144507 0.3267215902061856
0 0.0437111661849711 0.3273595412371134 0.04543878468208093 0.35333842010309274 0.08747923265895954 0.3527861778350515 0.07963949855491329 0.32260926804123713 0.0437111661849711 0.3273595412371134
0 0.07774136849710983 0.3223351881443299 0.0859465578034682 0.35232257989690724 0.12043679190751444 0.3396710618556701 0.10774895375722543 0.3184331675257732 0.07774136849710983 0.3223351881443299
0 0.1837785534682081 0.3065142190721649 0.20688918497109826 0.33518509536082475 0.23271090895953755 0.3311297603092784 0.21955852312138727 0.30855515463917527 0.1837785534682081 0.3065142190721649
0 0.22804547832369942 0.3107343659793814 0.24026803612716763 0.328022162371134 0.2732080606936416 0.3295715128865979 0.25150031502890174 0.30553895618556703 0.22804547832369942 0.3107343659793814
0 0.26578166473988435 0.3082331726804124 0.27862370231213873 0.32603190979381447 0.3077939552023121 0.32180281701030927 0.29110678757225433 0.3048425592783505 0.26578166473988435 0.3082331726804124
0 0.29985436416184974 0.3053789510309278 0.31692624999999996 0.32132895103092785 0.34542390173410403 0.3138762164948454 0.31995081502890177 0.2992695798969072 0.29985436416184974 0.3053789510309278
0 0.4549232326589595 0.33480597164948456 0.48285132225433525 0.3605114097938144 0.521939573699422 0.34925051030927834 0.4698010606936416 0.3254629201030928 0.4549232326589595 0.33480597164948456
0 0.20995372109826588 0.4138773170103093 0.20273984971098266 0.4033897963917526 0.1767503887283237 0.41811842783505154 0.18941691040462427 0.43883902835051547 0.20995372109826588 0.4138773170103093
0 0.32950879046242776 0.3881223608247423 0.31755178468208095 0.38439809020618554 0.2899493612716763 0.4013745231958763 0.30275996098265895 0.42263896391752576 0.32950879046242776 0.3881223608247423