1 0.9845715870646766 0.7133555796460176 0.9004823109452736 0.7367443340707965 0.9154366803482586 0.8625463561946902 0.9973110534825871 0.832475157079646 0.9975568345771144 0.7573292234513275 0.9845715870646766 0.7133555796460176
1 0.8652040161691542 0.8809960420353983 0.8597676592039801 0.8088943075221239 0.7865410472636816 0.8228381681415928 0.7801814577114428 0.9122235199115045 0.8652040161691542 0.8809960420353983
1 0.5411938271144279 1 0.6012669179104478 0.9779360774336283 0.6247805099502488 0.9039211261061947 0.6301623059701492 0.8802736725663717 0.5320339427860696 0.8838081991150443 0.4939729626865672 1 0.5411938271144279 1
1 0.47634223507462686 1 0.5085831604477612 0.9017333960176992 0.46753479726368163 0.8226200707964602 0.41705557711442787 0.8384512831858407 0.35767815298507466 1 0.47634223507462686 1
1 0.349774855721393 1 0.3851739452736318 0.9007264623893805 0.3057356666666667 0.9208733694690265 0.27412757462686566 1 0.349774855721393 1
1 0.26199166044776123 1 0.2695828731343284 0.9872554269911505 0.2564629092039801 0.9470970398230087 0.191322407960199 0.9547689889380532 0.1561541641791045 0.9974832256637168 0.1551765422885572 1 0.26199166044776123 1
1 0.15130160074626864 1 0.17676989552238806 0.9535712544247787 0.09776401368159204 0.953916418141593 0.070040315920398 1 0.15130160074626864 1
1 0.9950289701492537 0.5142041504424779 0.9681115199004976 0.5448584469026548 0.9878383631840796 0.6360353539823008 0.9979636231343284 0.6329568008849558 0.9983570634328358 0.5126648030973451 0.9950289701492537 0.5142041504424779
1 0.9028622947761195 0.6658200221238938 0.9643748855721392 0.6470566371681417 0.9433654291044776 0.5290447477876107 0.888146156716418 0.5565496061946903 0.9028622947761195 0.6658200221238938
1 0.7927263420398011 0.6923466504424779 0.8553879751243781 0.672697896017699 0.8509453271144278 0.5725415730088496 0.7989736542288557 0.5798915221238938 0.7927263420398011 0.6923466504424779
1 0.7562425584577114 0.579332842920354 0.7163108644278607 0.5985139159292036 0.7039314950248756 0.7150270663716813 0.7666782711442786 0.6962432123893806 0.7803689415422885 0.616522296460177 0.7562425584577114 0.579332842920354
0 0.7024646343283583 0.6662903230088496 0.6700363930348259 0.6699451084070795 0.6305763146766169 0.6844381880530973 0.6121186778606965 0.73546221460177 0.6119038893034826 0.7550190862831858 0.67374357960199 0.7439157610619469 0.7024646343283583 0.6662903230088496
1 0.4997637562189055 0.6626980597345132 0.4705881492537313 0.6607724225663717 0.43479367537313435 0.7199699557522125 0.4260716629353234 0.7936038871681416 0.49220201990049756 0.7900832190265487 0.5264744713930348 0.7166934203539823 0.4997637562189055 0.6626980597345132
1 0.40920662686567166 0.7970893274336284 0.44724336069651743 0.7090766482300884 0.4281046194029851 0.6754730265486726 0.39709632587064675 0.6796382964601769 0.3730788184079602 0.7308984269911504 0.3579927002487562 0.7978403097345134 0.40920662686567166 0.7970893274336284
1 0.37760990298507463 0.7121807057522125 0.36602545024875627 0.678030825221239 0.354056421641791 0.6733904712389381 0.32872771517412935 0.6849524137168143 0.3107471305970149 0.7051109977876107 0.288303592039801 0.7743498185840708 0.30173244900497515 0.8060180464601769 0.3449974527363184 0.8032272013274336 0.3515120460199005 0.782761703539823 0.3605418233830846 0.7839634004424778 0.37760990298507463 0.7121807057522125
1 0.24462432089552238 0.770060657079646 0.2391698843283582 0.744954807522124 0.20573850000000002 0.7414199513274337 0.17217405721393034 0.7695613451327433 0.15137268656716418 0.8201242367256637 0.15048507462686567 0.8453003252212389 0.15879978358208954 0.8512828539823009 0.20265159950248754 0.8351767588495574 0.21525672014925373 0.8124743008849558 0.23983087189054725 0.794412203539823 0.24462432089552238 0.770060657079646
1 0.020982509950248758 0.790954185840708 0.029346502487562192 0.8630062057522123 0.035361613184079606 0.8491787300884955 0.06770795024875623 0.8214847278761063 0.06913808830845772 0.8119230663716813 0.07694976119402985 0.813572157079646 0.06830455721393035 0.7828609314159292 0.05125107462686567 0.7891244137168142 0.03537620895522388 0.7836595154867257 0.020982509950248758 0.790954185840708
1 0.9983486467661692 0.5152382787610619 0.9984450559701492 0.48576182522123895 0.9890596094527363 0.4763091438053097 0.9622612786069651 0.4861517588495575 0.9515893308457711 0.5036259911504425 0.9646828955223881 0.5507761880530974 0.9692248258706467 0.5242579247787611 0.9983486467661692 0.5152382787610619
1 0.8387295385572139 0.5270048672566372 0.825039368159204 0.5184784690265487 0.8063042276119403 0.5321368915929204 0.8069257263681592 0.5703132986725664 0.8159949925373134 0.5827959845132744 0.8403571119402985 0.5738481526548673 0.8559345161691542 0.5762062234513274 0.8557716380597015 0.5586821946902655 0.8510464141791044 0.5433090796460177 0.8387295385572139 0.5270048672566372
1 0.6893265671641792 0.5638054933628318 0.6674006604477613 0.5718585442477876 0.6553380621890547 0.610175424778761 0.645860986318408 0.6599912367256637 0.6850215609452737 0.6580096902654867 0.6996388320895522 0.6526409933628318 0.7100197736318409 0.6217190508849558 0.7047378830845771 0.5762179424778762 0.6893265671641792 0.5638054933628318
1 0.5596502164179105 0.6611337876106195 0.5598622475124378 0.6520195199115044 0.5511380684079602 0.598746314159292 0.5447565335820895 0.5875355641592921 0.5323239552238805 0.5898427610619469 0.5033804179104477 0.6140278694690265 0.4942570684079602 0.6557834048672567 0.51021090920398 0.6838102809734513 0.5289855348258706 0.6814328473451328 0.5378032835820896 0.691748814159292 0.5426757064676617 0.6899592477876106 0.5455359813432836 0.670835924778761 0.5596502164179105 0.6611337876106195
1 0.4824857375621891 0.5981419955752213 0.4364887164179105 0.6285905840707965 0.4256047375621891 0.6551790862831858 0.42786840547263677 0.6746795597345132 0.446973526119403 0.6970308230088496 0.4647025895522388 0.6747055221238939 0.5004517251243781 0.6435026283185841 0.4975534067164179 0.6177171415929203 0.4824857375621891 0.5981419955752213
1 0.3363419527363184 0.6301965575221239 0.29937471019900497 0.6618468451327433 0.29701747263681594 0.6853036061946902 0.28613349378109454 0.7118921084070797 0.3117137189054726 0.7024968849557522 0.3367514203980099 0.6774872345132743 0.36867369278606965 0.6680217699115044 0.36074355721393037 0.63252971460177 0.3363419527363184 0.6301965575221239
1 0.12417948258706468 0.7171569646017699 0.08763630348258707 0.7305787101769912 0.08330640422885571 0.7479827035398231 0.07309800746268656 0.7585093871681416 0.06536530721393036 0.7794222743362832 0.07669824253731343 0.8114054380530974 0.14554826990049752 0.7590087013274336 0.14370866542288557 0.721279685840708 0.12417948258706468 0.7171569646017699
1 0.27319787810945273 0.7098658650442478 0.2952568432835821 0.6701365707964602 0.2920265858208955 0.6532502057522124 0.24577804726368158 0.6815320752212389 0.22884302611940296 0.7216385243362832 0.2293855509950249 0.7372529491150442 0.2431152089552239 0.7570603407079647 0.2586990684079602 0.7490775309734513 0.27335582711442785 0.7549898207964602 0.2772221766169154 0.7445333761061947 0.27319787810945273 0.7098658650442478
1 0.41872420149253736 0.5412022654867257 0.4077217611940298 0.5339478030973451 0.3867624402985074 0.5393867389380531 0.3702119950248756 0.5499836615044248 0.362730815920398 0.5730632699115045 0.3524829291044776 0.5723089623893806 0.3535284912935323 0.5922568296460177 0.3680916815920398 0.6411263561946903 0.3966111554726368 0.6351697876106195 0.4255152052238806 0.5997036924778761 0.41872420149253736 0.5412022654867257
1 0.5988313407960199 0.49538357079646017 0.5883319365671641 0.492462546460177 0.573966184079602 0.4999979646017699 0.5684181791044777 0.5178493495575222 0.5719880024875622 0.5774287389380531 0.6127638569651741 0.564828592920354 0.6297329440298508 0.5427704469026549 0.6227299104477612 0.49338328982300883 0.6105093631840797 0.48657621681415925 0.5988313407960199 0.49538357079646017
1 0.6943861305970148 0.47610145575221235 0.6871169825870647 0.4900667942477876 0.689750630597015 0.5455769557522124 0.7250757039800995 0.5326025995575221 0.733059921641791 0.5138564314159292 0.7287841044776119 0.4770222013274336 0.7126577201492538 0.4693905840707965 0.6943861305970148 0.47610145575221235
1 0.8125818967661691 0.4439854623893805 0.8075764154228855 0.4774512743362832 0.8103431218905472 0.5012851880530973 0.8483559241293532 0.48958276991150446 0.8455102450248757 0.44318687831858405 0.8388771902985075 0.42980940707964604 0.8288808246268656 0.43122182079646015 0.8125818967661691 0.4439854623893805
1 0.8644969029850746 0.4316951725663717 0.862391184079602 0.45731865486725665 0.8671305509950249 0.48720533628318585 0.9039252487562189 0.4759503053097345 0.8993979141791044 0.43694935840707966 0.8895740907960199 0.4179665110619469 0.8820139365671641 0.41848414159292036 0.8644969029850746 0.4316951725663717
1 0.915193803482587 0.4198522765486725 0.925387605721393 0.4748448075221239 0.9641154788557215 0.4583615597345133 0.959085105721393 0.41502717035398234 0.9456069651741293 0.3973865 0.9202782587064677 0.4089484402654867 0.915193803482587 0.4198522765486725
1 0.6510768407960199 0.5078219823008849 0.6847202574626866 0.5022425663716814 0.6907712997512439 0.4887246194690265 0.6849863718905473 0.4388900730088495 0.6662117437810945 0.4412675066371681 0.6428951865671643 0.4701632057522124 0.6510768407960199 0.5078219823008849
1 0.5588063893034826 0.4897522345132743 0.5447067487562189 0.43393515929203536 0.5227808407960198 0.4419882079646018 0.5016489776119403 0.46782240265486724 0.4960074029850747 0.5286310265486726 0.49999221393034826 0.5520175486725664 0.5367869104477612 0.5407625199115044 0.5562371194029851 0.5223232654867257 0.5608185373134328 0.5070859911504425 0.5588063893034826 0.4897522345132743
1 0.7513938594527364 0.9227967610619469 0.7669455746268656 0.8154588252212389 0.6548321977611941 0.8372873008849558 0.6306645708955223 0.9671387721238938 0.7513938594527364 0.9227967610619469
0 0.5045626753731343 0.7867042654867257 0.5867997686567165 0.7715398473451328 0.6091417350746269 0.6812173495575221 0.5496770211442785 0.6940282123893806 0.5045626753731343 0.7867042654867257
0 0.2022463445273632 0.8577524026548673 0.27202244900497513 0.8419707455752213 0.2912717027363184 0.7682975508849558 0.2654774875621891 0.7648720110619469 0.2022463445273632 0.8577524026548673
0 0.9234419490049751 0.5018471084070796 0.8650938967661691 0.519898814159292 0.8700290708955224 0.5624131084070796 0.9286429813432836 0.5343181460176991 0.9234419490049751 0.5018471084070796
0 0.7787970559701493 0.5959212234513275 0.7845994067164178 0.5590030176991151 0.7422983109452737 0.555970203539823 0.7330192599502487 0.5913921371681415 0.7787970559701493 0.5959212234513275
0 0.6252595808457712 0.6710019380530973 0.6446261554726369 0.6031446194690266 0.5918267300995025 0.6161612986725664 0.5713775733830846 0.6786701194690266 0.6252595808457712 0.6710019380530973
0 0.38793609452736316 0.6935098230088496 0.41837396517412934 0.656544924778761 0.3901783196517413 0.6491802345132743 0.3678590062189055 0.6836455398230089 0.38793609452736316 0.6935098230088496
0 0.20265964800995023 0.6577464756637168 0.17991009577114428 0.6805493296460177 0.18291047139303485 0.6830591504424778 0.21748089303482587 0.6745757367256637 0.24666562686567164 0.6489089823008849 0.20265964800995023 0.6577464756637168
0 0.24811542412935325 0.6529460951327434 0.22254840547263682 0.6746893672566371 0.2465814788557214 0.6673342522123894 0.2814223445273632 0.6415338318584071 0.24811542412935325 0.6529460951327434
0 0.29077524004975125 0.6315295685840708 0.2716214589552239 0.6541435575221239 0.298847684079602 0.6539941769911505 0.3273039912935323 0.6246626172566372 0.29077524004975125 0.6315295685840708
0 0.4309897014925373 0.5861921327433628 0.4003994440298507 0.6298296615044248 0.44328085074626866 0.6173634668141593 0.46818009452736314 0.5852340176991151 0.4309897014925373 0.5861921327433628
0 0.5006225696517412 0.6061531327433629 0.524501907960199 0.5662226172566371 0.4777896654228856 0.5685706880530973 0.4595476554726368 0.6023593827433628 0.5006225696517412 0.6061531327433629
0 0.5543648519900497 0.5798475088495575 0.5672678917910448 0.5566765088495575 0.5271313967661692 0.5520900022123894 0.5135922947761193 0.5866139579646018 0.5543648519900497 0.5798475088495575
0 0.6656425721393036 0.5625631526548672 0.6806846666666667 0.5238371349557522 0.641220921641791 0.5272060044247787 0.6217699154228855 0.5704682190265487 0.6656425721393036 0.5625631526548672
0 0.7946206268656717 0.5293651946902654 0.7963005310945274 0.4807712455752213 0.7437670870646766 0.49304475884955756 0.7307131343283583 0.5397035508849558 0.7946206268656717 0.5293651946902654
0 0.9765644241293532 0.46582351991150445 0.9985444912935324 0.4553602278761062 0.998657277363184 0.4208766924778761 0.9644027425373135 0.43663472787610624 0.9765644241293532 0.46582351991150445
0 0.9903224676616915 0.3449573938053097 0.9686541679104478 0.3532366128318584 0.979699880597015 0.370090203539823 0.9924757101990049 0.3635065995575221 0.9903224676616915 0.3449573938053097
0 0.9421677475124378 0.3853009845132743 0.9765971268656716 0.374708796460177 0.9680355497512437 0.35251331858407076 0.9296812873134328 0.36755075 0.9421677475124378 0.3853009845132743
0 0.8937161927860696 0.40547269469026553 0.9347927039800995 0.3888739225663717 0.9258271181592039 0.36659012831858406 0.887525763681592 0.38208332300884956 0.8937161927860696 0.40547269469026553
0 0.8473864502487563 0.39600791150442477 0.8527002599502488 0.42291341150442474 0.8953604054726368 0.40581919026548674 0.8874728619402985 0.3816275951327434 0.8473864502487563 0.39600791150442477
0 0.8103345422885572 0.41080550663716814 0.8107318967661692 0.4321495442477876 0.8505798097014926 0.4184645199115044 0.8480319303482587 0.3942126017699115 0.8103345422885572 0.41080550663716814
0 0.7727531194029851 0.42104158628318583 0.7645553333333334 0.44198089159292037 0.8082126654228856 0.431173889380531 0.8132143482587065 0.40747579867256634 0.7727531194029851 0.42104158628318583
0 0.7300428308457712 0.4331614203539823 0.7198805609452735 0.45553781858407083 0.7617430920398011 0.44538998230088495 0.7691052786069652 0.4213001836283186 0.7300428308457712 0.4331614203539823
0 0.6936112462686568 0.44178618584070795 0.6896374166666667 0.4552399026548673 0.723559697761194 0.4503846349557522 0.729143406716418 0.431700435840708 0.6936112462686568 0.44178618584070795
0 0.6131200708955223 0.4662349247787611 0.6007111990049752 0.486000203539823 0.6377184154228855 0.482388046460177 0.6472354291044776 0.4592648097345133 0.6131200708955223 0.4662349247787611
0 0.5783025472636816 0.4734363053097345 0.5622877052238806 0.49583539823008854 0.5959290758706468 0.4839547455752212 0.6078333271144278 0.46675096902654867 0.5783025472636816 0.4734363053097345
0 0.9662244340796019 0.3484261172566372 0.9896503271144278 0.33916719026548675 0.9877261554726369 0.3225913296460177 0.98719732960199 0.3220665420353982 0.9571567338308459 0.33940039380530973 0.9662244340796019 0.3484261172566372
0 0.921051567164179 0.3511168584070797 0.9274102699004976 0.3641076969026549 0.9599649950248756 0.34977464601769914 0.9501646890547264 0.33674076327433633 0.921051567164179 0.3511168584070797
0 0.8833377674129353 0.36021255973451327 0.8889135907960198 0.38252409734513276 0.9257212947761193 0.3656784955752212 0.9165151467661692 0.34624829203539825 0.8833377674129353 0.36021255973451327
0 0.8452476144278607 0.37182448893805314 0.8493057537313432 0.3913685486725664 0.886076869402985 0.37881358407079646 0.8817586417910448 0.36234055752212385 0.8452476144278607 0.37182448893805314
0 0.8081957064676617 0.38662208407079646 0.8075043134328358 0.40434537610619464 0.8492610310945274 0.39328601548672565 0.8440677450248756 0.376183842920354 0.8081957064676617 0.38662208407079646
0 0.7765166380597015 0.3958793207964602 0.7712907748756219 0.4147946946902655 0.8078136405472637 0.4047069977876106 0.8085623495024875 0.38352149336283187 0.7765166380597015 0.3958793207964602
0 0.7402905472636815 0.4033690132743363 0.7339173569651741 0.43137273451327435 0.7709448482587065 0.4187236061946903 0.7762640410447762 0.39776036725663716 0.7402905472636815 0.4033690132743363
0 0.7059531480099502 0.40990621460176996 0.6958845236318408 0.435361657079646 0.7297986119402986 0.42813309070796457 0.7373806703980099 0.4082397699115044 0.7059531480099502 0.40990621460176996
0 0.6706921865671642 0.4228570221238938 0.661766958955224 0.44314011725663716 0.6928077238805971 0.43649171681415927 0.7006380037313432 0.4141308871681416 0.6706921865671642 0.4228570221238938
0 0.6297728445273632 0.43313007079646015 0.6206817699004975 0.4553785730088496 0.6554098470149254 0.4459501460176991 0.6613721156716419 0.4328298075221239 0.6297728445273632 0.43313007079646015
0 0.5982261554726368 0.44352768362831857 0.5843094950248756 0.4644604557522124 0.6151467860696518 0.4583619513274336 0.6252480696517413 0.43944425442477875 0.5982261554726368 0.44352768362831857
0 0.9842703631840797 0.29282124336283183 0.9630374166666666 0.30254792920353984 0.9788041766169154 0.318618092920354 0.9869053395522388 0.31552037168141595 0.9842703631840797 0.29282124336283183
0 0.9372193383084577 0.3118867079646018 0.948247748756219 0.3317419292035398 0.9696795870646766 0.3229199513274337 0.9595984004975124 0.3028605641592921 0.9372193383084577 0.3118867079646018
0 0.9070872425373134 0.32295376548672566 0.9135196990049751 0.3411704181415929 0.939212657960199 0.3322089469026549 0.9309955037313433 0.31669263053097346 0.9070872425373134 0.32295376548672566
0 0.8751434179104478 0.32993024336283183 0.8793654962686567 0.35323942699115046 0.904590421641791 0.3425489668141593 0.9017495348258706 0.32268182964601766 0.8751434179104478 0.32993024336283183
0 0.8415410248756219 0.33989388495575223 0.8456101492537312 0.36183531415929204 0.8760852176616916 0.3549195265486726 0.8692232661691542 0.3303511017699115 0.8415410248756219 0.33989388495575223
0 0.8139733631840795 0.35001906415929207 0.8108536194029851 0.3779275508849557 0.8460781791044776 0.36356445132743365 0.8445640584577114 0.3413089756637168 0.8139733631840795 0.35001906415929207
0 0.7899875957711443 0.3564506703539823 0.7817948345771144 0.37862033628318587 0.8120827077114428 0.3770008561946903 0.8155296965174129 0.3491214203539823 0.7899875957711443 0.3564506703539823
0 0.695347526119403 0.38764351327433627 0.6869184813432836 0.4110907632743363 0.7089770870646765 0.40536517256637167 0.7250405970149254 0.3733271128318584 0.695347526119403 0.38764351327433627
0 0.6682885957711443 0.39639284513274337 0.6528701119402984 0.42407147345132745 0.6802439116915423 0.41116602876106195 0.6884974502487563 0.39245174778761066 0.6682885957711443 0.39639284513274337
0 0.6350833370646767 0.4097776216814159 0.623058394278607 0.4297931924778761 0.6479374228855721 0.4230317057522124 0.6566508843283583 0.40367326769911505 0.6350833370646767 0.4097776216814159
0 0.6103240820895522 0.4153043185840708 0.5906827164179105 0.4364566526548672 0.6153663781094527 0.43261835176991154 0.6278281641791045 0.4133089115044248 0.6103240820895522 0.4153043185840708
0 0.4879762922885572 0.48996576106194695 0.4470783146766169 0.5281700110619469 0.48105347014925376 0.5237705884955752 0.5014839614427861 0.4925048053097345 0.4879762922885572 0.48996576106194695
0 0.735396947761194 0.4855718716814159 0.743630802238806 0.4638407433628318 0.7202161890547264 0.46073218805309735 0.7153772300995024 0.4720142544247788 0.735396947761194 0.4855718716814159
0 0.6387542114427861 0.512037703539823 0.6470466243781096 0.4898026305309735 0.6220269365671642 0.48538986946902657 0.6124505771144279 0.4927090154867257 0.6387542114427861 0.512037703539823
0 0.9598830572139304 0.42146689601769916 0.997211671641791 0.40430475442477876 0.9958854166666666 0.39287967477876107 0.9911986405472637 0.37657500442477876 0.9507196106965173 0.3950350066371682 0.9598830572139304 0.42146689601769916
0 0.9362764838308458 0.38399970132743366 0.9028059888059701 0.39798435840707963 0.9041444776119403 0.4162464181415929 0.9389059589552239 0.3993115840707964 0.9362764838308458 0.38399970132743366