1 0.6789418401253918 0.8979571061452514 0.7618711034482758 0.7215268379888268 0.7600032570532915 0.6998358296089385 0.6840172852664577 0.6770019022346369 0.641351040752351 0.7624671815642459 0.6493898369905956 0.9028736229050278 0.6789418401253918 0.8979571061452514
1 0.9104166379310346 0 0.9461793824451411 0.09803357541899442 0.995122724137931 0 0.9104166379310346 0
1 0.8594768949843261 0.03488067318435754 0.8287141959247649 0.10917090223463687 0.868808368338558 0.24318355027932959 0.9222450548589342 0.13784637988826817 0.899959065830721 0.03895669273743017 0.8594768949843261 0.03488067318435754
0 0.8454851724137931 0.19628567039106146 0.8151514639498433 0.244649469273743 0.7827494373040752 0.3135841005586592 0.7874537836990595 0.39023944692737433 0.7960206598746081 0.4101657430167598 0.8520105830721003 0.31378814804469274 0.8454851724137931 0.19628567039106146
1 0.6440095172413792 0.47205914245810054 0.6143779780564262 0.5103385307262569 0.6056571034482758 0.6190931284916201 0.6301098777429467 0.7050247737430168 0.693734092476489 0.6103445363128491 0.6945836473354232 0.48944219273743017 0.6440095172413792 0.47205914245810054
1 0.6150454827586207 0.7317680893854749 0.6130427288401255 0.5909997513966481 0.5790879796238244 0.5836486368715084 0.550383487460815 0.6305677430167598 0.5497117789968652 0.7151231592178772 0.5648856269592476 0.803109189944134 0.6150454827586207 0.7317680893854749
1 0.5457774498432602 0.6900900810055866 0.5190260282131661 0.6717787094972067 0.505141605015674 0.6836176536312849 0.48535739498432606 0.7301331145251396 0.4766772836990596 0.7751496759776536 0.48562775548589343 0.8755818743016759 0.5130838009404388 0.8888601703910615 0.5544903652037618 0.8264274217877096 0.551727236677116 0.7969061759776537 0.5611700188087775 0.7856667905027933 0.5457774498432602 0.6900900810055866
1 0.786527804075235 0.11152424022346367 0.7685236880877743 0.14982762011173184 0.7738295830721004 0.20491396368715084 0.7868464247648903 0.26797880167597765 0.8245692962382445 0.21201546089385473 0.8365720407523511 0.18647987430167598 0.8329274608150471 0.1411340223463687 0.8072950485893418 0.10274211173184357 0.786527804075235 0.11152424022346367
1 0.7023554278996865 0.3879485 0.6984732931034483 0.37850779050279326 0.6659580579937304 0.33705906703910615 0.6546335956112852 0.3346018100558659 0.6434107178683386 0.35405327932960895 0.6257285485893417 0.4182215335195531 0.6354760830721004 0.4727083184357542 0.6637872351097179 0.4788514553072626 0.6812318479623825 0.4505883463687151 0.6945567664576802 0.4487896731843576 0.6985576802507837 0.44027781005586597 0.6927938667711598 0.41714045810055866 0.7023554278996865 0.3879485
1 0.5979955579937304 0.43107483519553075 0.5663101880877743 0.5250346061452514 0.5675135830721003 0.5667240865921788 0.5784989028213166 0.5831777625698323 0.6073695595611285 0.5792806312849161 0.6148290815047023 0.5324358826815643 0.6360714388714733 0.45184346368715084 0.6216391489028213 0.4299559189944134 0.5979955579937304 0.43107483519553075
1 0.4682863150470219 0.6646772094972068 0.4460437272727273 0.7473975921787709 0.454248724137931 0.7741913184357542 0.4554521191222571 0.8158807988826816 0.476456921630094 0.7711935251396649 0.4899178134796238 0.7115809804469274 0.5171443495297805 0.6580820698324022 0.4933936144200627 0.6333867988826816 0.4682863150470219 0.6646772094972068
1 0.4417880595611285 0.8316758938547487 0.44570458463949847 0.7613940139664804 0.4349396285266458 0.7488964888268156 0.4020336661442006 0.8410280754189944 0.4033386457680251 0.9046262793296089 0.4108825548589342 0.9195515474860335 0.4333111144200627 0.9205099078212291 0.4450934968652038 0.8910181703910615 0.46219896708463953 0.8767514804469273 0.4613175172413793 0.8609268743016759 0.4417880595611285 0.8316758938547487
1 0.5095676379310344 0.4618028938547486 0.4954628526645768 0.4696856843575419 0.4772383746081505 0.5040329134078212 0.46567635579937305 0.5374808016759777 0.4686598463949843 0.5709582011173184 0.45821683542319747 0.5843255502793296 0.4682019263322884 0.6029071927374302 0.5044977131661442 0.6318879022346369 0.5299441551724138 0.5866010698324022 0.5425235971786835 0.5111639217877094 0.5095676379310344 0.4618028938547486
1 0.66658634169279 0.16757361452513966 0.6549227398119123 0.17911277932960895 0.6441405846394985 0.2064765502793296 0.6466833510971787 0.23204164804469274 0.6769471003134796 0.2869243826815642 0.7114961802507838 0.21807627653631287 0.7183262836990596 0.17254714804469273 0.6892524592476489 0.13262683240223463 0.6741474451410658 0.14263758938547486 0.66658634169279 0.16757361452513966
1 0.7599120062695925 0 0.7521480846394984 0.01651758100558659 0.7512494404388714 0.04055426815642458 0.7787635329153605 0.09264282122905029 0.8077701645768024 0.03093182402234637 0.8072278557993732 0.0011107960893854748 0.8064862304075235 0 0.7599120062695925 0
1 0.7213141128526646 0 0.7087319184952978 0.020385201117318435 0.6987124373040752 0.08152615083798882 0.723683763322884 0.1080496061452514 0.7543517100313479 0.05607909776536313 0.7542501269592476 0.03417037430167598 0.7314362272727273 0 0.7213141128526646 0
1 0.6245939326018809 0.21708686871508381 0.5856366003134796 0.18049363407821228 0.5676324858934169 0.21879701117318434 0.5583928699059562 0.273853843575419 0.5801259514106584 0.3426663407821229 0.59455268338558 0.3606484217877095 0.6257801332288401 0.29863764525139663 0.6366810642633228 0.25332130446927376 0.6343586614420063 0.23171235754189945 0.6245939326018809 0.21708686871508381
1 0.7044049639498433 0.5899164162011173 0.7786837978056426 0.4613490893854748 0.7601691677115988 0.339894094972067 0.7072874498432602 0.43471224860335195 0.7044049639498433 0.5899164162011173
0 0.4588668213166144 0.8975293351955307 0.45454312852664575 0.9352899413407821 0.4946992601880878 0.9286092346368716 0.48583758307210034 0.8654159972067038 0.4588668213166144 0.8975293351955307
0 0.8591299921630094 0 0.8352408746081506 0.030649486033519555 0.8419918683385581 0.0789935 0.8891618087774293 0.02044481284916201 0.884237946708464 0 0.8591299921630094 0
0 0.771475894984326 0.3074253966480447 0.7601116598746082 0.2126208156424581 0.7138943056426332 0.2984589022346369 0.7217902884012539 0.38938701675977655 0.771475894984326 0.3074253966480447
0 0.5475781222570533 0.6571167178770949 0.5609971332288402 0.5780611005586592 0.5298903620689654 0.6095303631284916 0.5233542413793104 0.6748873351955308 0.5475781222570533 0.6571167178770949
0 0.34884206112852667 0.8765825837988828 0.3366467006269593 0.9308263324022346 0.34073167711598745 0.9292102039106146 0.37101010815047025 0.873047125698324 0.3882650156739812 0.8070592290502794 0.34884206112852667 0.8765825837988828
0 0.39150669122257054 0.8091132569832403 0.37605768495297803 0.8661767150837989 0.3964527539184953 0.8256696173184357 0.4192246128526646 0.7517517988826815 0.39150669122257054 0.8091132569832403
0 0.4239558746081505 0.7288190558659218 0.4152211677115988 0.7779172402234636 0.441999184952978 0.7402418519553072 0.4568908150470219 0.671579374301676 0.4239558746081505 0.7288190558659218
0 0.5418564059561128 0.490056251396648 0.5312823416927899 0.5760195698324022 0.5679676253918495 0.5044038715083798 0.5780960736677115 0.4378356480446927 0.5418564059561128 0.490056251396648
0 0.6194745109717869 0.414118343575419 0.6250956018808778 0.34112549999999997 0.5800913072100313 0.40786507541899436 0.5772716912225705 0.46692322067039105 0.6194745109717869 0.414118343575419
0 0.6606563996865203 0.3136419217877095 0.6629778401253918 0.27259993016759776 0.6213444545454545 0.32331567039106146 0.6234919529780565 0.37662989106145256 0.6606563996865203 0.3136419217877095
0 0.7626177131661441 0.14292049162011175 0.7600659514106584 0.08331688547486034 0.7226668918495298 0.14109061731843575 0.7229076645768024 0.21132417318435756 0.7626177131661441 0.14292049162011175
0 0.6675908385579937 0.11862167318435753 0.6642278918495298 0.15556405865921788 0.6990956034482758 0.1009319217877095 0.6980998636363637 0.06460477374301676 0.6675908385579937 0.11862167318435753
0 0.6364932852664577 0.17383848324022347 0.6307571128526646 0.21839461731843574 0.658594553291536 0.16010204748603352 0.6626097476489028 0.12642628212290505 0.6364932852664577 0.17383848324022347
0 0.7049253573667711 0 0.7051899326018809 0.02839101117318436 0.7210466206896552 0 0.7049253573667711 0
0 0.6691504263322884 0.06244035195530727 0.6701734952978057 0.0973024189944134 0.7001831786833855 0.03997348324022346 0.7001725423197492 0.01858621787709497 0.6691504263322884 0.06244035195530727
0 0.6427126394984326 0.11635725698324023 0.6383870752351097 0.15654967877094972 0.666055170846395 0.1079257653631285 0.6675232962382445 0.07501465083798883 0.6427126394984326 0.11635725698324023
0 0.680273710031348 0 0.6639041630094044 0.03168091061452514 0.6610321222570533 0.06834536312849161 0.6825277711598746 0.027268159217877095 0.68244268338558 0 0.680273710031348 0
0 0.641972343260188 0.07135360893854749 0.6321007711598746 0.11965668435754191 0.6547159435736677 0.08178290223463687 0.6583356786833856 0.04522513407821229 0.641972343260188 0.07135360893854749
0 0.5548512695924765 0.31492512569832404 0.531674907523511 0.40964173743016763 0.5631996206896551 0.35839841899441344 0.5693095595611285 0.2988563072625698 0.5548512695924765 0.31492512569832404
0 0.7134259921630094 0.12926521787709497 0.7116214702194358 0.09551741340782123 0.6849712523510972 0.125572312849162 0.6788143636363637 0.14611785474860337 0.7134259921630094 0.12926521787709497