1 0.13189619926650367 1 0.13707928239608802 0.8537356478260869 0.05328841320293399 0.8522950260869566 0.024073897310513445 1 0.13189619926650367 1
1 0.26926824938875304 1 0.2549802762836186 0.9086678956521739 0.18252881173594132 0.9136690260869565 0.18311742787286062 1 0.26926824938875304 1
1 0.5510724425427873 1 0.5077965403422983 0.9034656760869565 0.41192233251833743 0.9249226826086956 0.419061924205379 0.9465865304347826 0.4423640171149144 1 0.5510724425427873 1
1 0.6939844559902201 1 0.6916493777506112 0.9817937304347826 0.6161629731051345 0.8301194673913044 0.5657192298288508 0.8275106347826088 0.5320788031784841 0.9149719826086956 0.570251130806846 1 0.6939844559902201 1
1 0.796555380195599 1 0.7714463300733496 0.9569280195652174 0.7312158606356969 0.8821410717391305 0.6522157665036675 0.8826774260869565 0.709002542787286 1 0.796555380195599 1
1 0.9256227457212713 1 0.8830746063569681 0.9187938260869565 0.8453893545232274 0.8861195347826086 0.7813180134474328 0.8951768869565218 0.7717588080684598 0.9376148086956522 0.8218396014669928 1 0.9256227457212713 1
1 0.9706392958435207 1 0.9736716894865526 0.9074162782608696 0.9364598484107579 0.8615496739130435 0.8594694449877751 0.8812605391304348 0.9468982200488997 1 0.9706392958435207 1
1 0 0.7759619847826087 0.04390357090464547 0.7778244673913044 0.05580614180929096 0.6840249543478261 0.027125745721271393 0.6610018565217392 0 0.6557254869565217 0 0.7759619847826087
1 0.1384563056234719 0.6768918478260869 0.08245864425427873 0.6641172000000001 0.07145930195599022 0.7843758173913044 0.13288629951100245 0.7870405760869564 0.1384563056234719 0.6768918478260869
1 0.22338025916870416 0.6752252869565217 0.17216301833740832 0.6812547565217391 0.1758696980440098 0.7799207869565217 0.23848704523227385 0.7831562152173913 0.22338025916870416 0.6752252869565217
1 0.2641740660146699 0.7803414869565217 0.32680497310513446 0.7827130173913043 0.30539918092909535 0.6723860739130435 0.26496147432762834 0.6638385913043477 0.24444232029339855 0.70617795 0.2641740660146699 0.7803414869565217
1 0.3524489816625917 0.6737716804347826 0.3352150293398533 0.7356320652173913 0.3645609694376528 0.7863761739130435 0.4213365268948655 0.7872727173913043 0.4141246063569682 0.7228804260869565 0.3920512053789731 0.6778733586956522 0.3524489816625917 0.6737716804347826
1 0.5497615892420538 0.6706676108695652 0.5214949645476773 0.6799459608695653 0.49980646454767724 0.7393077543478261 0.5390798520782396 0.8020832065217391 0.6037824388753056 0.7887318978260869 0.5893791491442543 0.7192355108695653 0.5497615892420538 0.6706676108695652
1 0.5763775745721271 0.7117858913043479 0.6204909278728606 0.7878469021739131 0.6704406577017116 0.7755832021739131 0.6503746723716382 0.7142187978260869 0.6228662457212714 0.6703925630434783 0.5923257224938876 0.6742042173913043 0.5763775745721271 0.7117858913043479
1 0.6898930733496332 0.658219897826087 0.6642919046454767 0.6533870478260869 0.6530046503667483 0.6609431565217392 0.644459250611247 0.6971399826086957 0.6668442652811736 0.7627157804347826 0.6755441271393643 0.7592542673913043 0.683531966992665 0.7775318826086957 0.7326453288508558 0.7760747847826086 0.7364431577017114 0.7350236695652174 0.7090257628361858 0.6732892326086957 0.6898930733496332 0.658219897826087
1 0.849185347188264 0.700893552173913 0.8142314388753057 0.682004297826087 0.7819481833740831 0.6939296717391304 0.7786487689486553 0.719763395652174 0.7852717114914426 0.7422622239130435 0.8106592738386308 0.7536168108695652 0.8247595831295843 0.7725275086956522 0.8687693630806845 0.7770856847826086 0.8763891356968215 0.7691497282608696 0.8735048777506111 0.7448568369565217 0.849185347188264 0.700893552173913
1 0.9792089694376528 0.7383545108695653 0.9810720929095355 0.681470452173913 0.96855047799511 0.6892622630434783 0.9514355635696821 0.6874896391304347 0.9454775550122249 0.7195918695652175 0.9529549229828851 0.7160037413043479 0.9551151026894865 0.7249526239130435 0.9792089694376528 0.7383545108695653
1 0.013878068459657701 0.6623675173913043 0.05306907457212714 0.6642453152173913 0.0596208141809291 0.6889180565217391 0.06859342665036675 0.639677752173913 0.05679570171149144 0.6253681130434783 0.029900836185819072 0.6225825608695652 0.01962246943765281 0.6367870239130435 0.013878068459657701 0.6623675173913043
1 0.18040998777506112 0.6338085043478261 0.1744519804400978 0.6659107369565217 0.18286703300733495 0.6711448739130436 0.1825822249388753 0.6798405260869566 0.20703210268948655 0.6823728478260869 0.2148654804400978 0.6679151521739131 0.21240843520782396 0.6305787826086956 0.19306214058679708 0.6220311869565217 0.18040998777506112 0.6338085043478261
1 0.314884315403423 0.6477362673913044 0.31338907090464546 0.6933884413043478 0.32598207701711496 0.7208681739130435 0.34065200366748166 0.7223875652173912 0.3440938215158924 0.6922060152173912 0.3657306442542787 0.6682715304347826 0.3509062555012225 0.6340168260869565 0.32890136552567234 0.6317377391304347 0.314884315403423 0.6477362673913044
1 0.5130115843520783 0.7031572869565218 0.5263045562347188 0.67181475 0.5140675599022005 0.633465452173913 0.48393242542787285 0.6172565739130434 0.4716362848410758 0.6181643260869565 0.46631909657701714 0.6307013413043479 0.4620940550122249 0.6847959347826087 0.463031739608802 0.6936182043478261 0.47755926161369194 0.6994854217391304 0.48187962102689486 0.7173831891304348 0.4867695965770171 0.7178896543478261 0.49453177261613696 0.7056058717391305 0.5130115843520783 0.7031572869565218
1 0.5331881919315403 0.61145165 0.5129874706601467 0.6289910108695652 0.5193256039119805 0.6601854891304347 0.5297584315403423 0.6787163369565218 0.5566532970660146 0.6815018891304347 0.5757147836185819 0.6987451369565217 0.5925328325183374 0.6721302760869565 0.5931736515892421 0.6525650586956522 0.5804382408312958 0.629433152173913 0.5331881919315403 0.61145165
1 0.6544998960880195 0.6152909826086957 0.64962197799511 0.6518676565217392 0.681478020782396 0.6529857608695652 0.7078744706601467 0.6709887043478261 0.7335468422982886 0.6736476391304347 0.7208114315403422 0.6505157326086957 0.71663347799511 0.6282701391304347 0.6780832909535452 0.6068271217391303 0.6544998960880195 0.6152909826086957
1 0.8730414926650366 0.646650902173913 0.87427604400978 0.6838606565217391 0.9455487579462103 0.7174179565217392 0.95402295599022 0.6833950456521739 0.9448126210268949 0.6649908130434783 0.934023783618582 0.6573295282608695 0.928409728606357 0.6414790565217392 0.8917349119804401 0.6376805760869565 0.8730414926650366 0.646650902173913
1 0.7704232090464548 0.6338412434782609 0.7231019572127139 0.6180336543478261 0.7213098471882641 0.6352983413043478 0.7459853875305623 0.6683920608695653 0.7448461540342297 0.7031746695652175 0.7494513202933986 0.7123767869565217 0.7632547640586798 0.7028999978260869 0.7790759828850855 0.7067199173913044 0.7908616515892422 0.6839464195652174 0.7901375721271394 0.6686024108695653 0.7704232090464548 0.6338412434782609
1 0.6386545635696822 0.5373047869565217 0.6216820525672372 0.5311843347826087 0.6008284547677262 0.5312057760869565 0.5906924926650367 0.5410624130434782 0.5887700342298288 0.5997580652173913 0.6197716515892421 0.6269631260869565 0.6480314156479218 0.6255274673913044 0.6582977249388753 0.5742398673913043 0.6577160501222493 0.5545480326086957 0.6477936943765282 0.5578829326086957 0.6386545635696822 0.5373047869565217
1 0.4215611234718826 0.5366328826086957 0.4115675660146699 0.5421416934782609 0.39948503178484107 0.5365277065217391 0.38812657579462106 0.5462577282608696 0.3852664315403423 0.5961311108695652 0.4063456943765281 0.6266710695652173 0.44179801711491445 0.6303429347826086 0.4429963960880196 0.5563032739130435 0.43615984841075794 0.5403261869565218 0.4215611234718826 0.5366328826086957
1 0.2822921369193154 0.5941910173913044 0.2915736723716381 0.6104213369565217 0.32702599511002445 0.614093202173913 0.32513856723716383 0.5593655282608695 0.31693712102689486 0.5476096500000001 0.2985997127139364 0.5457104108695653 0.28350257334963325 0.557234495652174 0.2822921369193154 0.5941910173913044
1 0.16708084596577016 0.5539016260869565 0.1680305880195599 0.5998070326086956 0.20599910024449877 0.6015582173913044 0.2067823239608802 0.5776451739130435 0.1992216968215159 0.5463240782608696 0.18232038997555014 0.5380297152173913 0.1724692359413203 0.5391907 0.16708084596577016 0.5539016260869565
1 0.11408639486552567 0.5615006173913043 0.11280475672371638 0.600631052173913 0.14955077506112469 0.6022556195652173 0.1517700990220049 0.571947452173913 0.14766334718826407 0.5475279456521739 0.12953954523227384 0.5391069652173913 0.12213338019559902 0.5405211826086956 0.11408639486552567 0.5615006173913043
1 0.0918087542787286 0.6050003173913043 0.0973274914425428 0.5488584282608695 0.09149983129584352 0.5395296956521739 0.06589866136919316 0.5346968456521739 0.05418419437652812 0.5552964326086957 0.05276015158924205 0.5987746934782608 0.0918087542787286 0.6050003173913043
1 0.32845003911980436 0.5706149413043478 0.36167098044009777 0.5675118347826087 0.36662010024449876 0.528761247826087 0.34158854889975554 0.5065370934782608 0.32310873594132034 0.5089856804347825 0.3214710855745721 0.5589856804347827 0.32845003911980436 0.5706149413043478
1 0.4593631173594132 0.4685656152173913 0.450105695599022 0.5265015717391304 0.4495360782396088 0.5438928760869565 0.45522133496332523 0.5575694347826087 0.47564772004889977 0.5705914717391305 0.512393739608802 0.5722160391304348 0.514399457212714 0.5484296108695652 0.5040257738386308 0.49064171304347826 0.4813680073349633 0.47084470434782605 0.4593631173594132 0.4685656152173913
0 0.4132293471882641 1 0.38954920171149143 0.9259681652173913 0.27771566503667483 0.9168764239130435 0.2977095195599022 1 0.4132293471882641 1
0 0.4753857750611247 0.7231223304347827 0.4164311992665036 0.725734895652174 0.4454409596577017 0.8080277608695652 0.5267677970660146 0.8019289630434783 0.4753857750611247 0.7231223304347827
0 0.7579186577017114 0.72000165 0.7330662982885086 0.7298827086956521 0.7577277347188264 0.7967461456521738 0.8269653520782396 0.7944103130434782 0.7579186577017114 0.72000165
0 0.09340845476772618 0.66374535 0.1527603031784841 0.6762333195652174 0.15415739731051345 0.6335778760869566 0.09587019193154035 0.6308032260869565 0.09340845476772618 0.66374535
0 0.2885515806845966 0.6696900217391304 0.27667098288508557 0.6375483086956522 0.23570712224938875 0.6512353695652173 0.24432095843520782 0.6857164304347826 0.2885515806845966 0.6696900217391304
0 0.4530144095354523 0.7136719326086957 0.42807969437652815 0.6579855543478261 0.39266752811735944 0.6595601 0.4128828325183374 0.713478402173913 0.4530144095354523 0.7136719326086957
0 0.6516689180929095 0.6668763804347826 0.627162033007335 0.6389751413043478 0.6002863398533007 0.6533017347826087 0.6329023447432762 0.6815772347826087 0.6516689180929095 0.6668763804347826
0 0.7662623178484108 0.5994855369565217 0.8107443691931541 0.6302482869565218 0.849067553789731 0.6175730086956521 0.8150154449877751 0.6001880652173912 0.7662623178484108 0.5994855369565217
0 0.7349683789731051 0.6017925652173913 0.7728868814180928 0.6287051260869565 0.803240151589242 0.6278858956521739 0.7683294303178484 0.604455252173913 0.7349683789731051 0.6017925652173913
0 0.6864435941320293 0.5991445108695652 0.7165169413202934 0.6204889717391305 0.743051053789731 0.613726047826087 0.7225785354523228 0.5965631652173913 0.6864435941320293 0.5991445108695652
0 0.5460477579462102 0.5964923717391304 0.5728804743276283 0.6214641717391304 0.6156529535452322 0.6227238065217391 0.5823532310513447 0.5879887304347825 0.5460477579462102 0.5964923717391304
0 0.5558307322738386 0.6109797652173914 0.5353499828850856 0.5827028739130434 0.4896574046454768 0.5922689673913043 0.5161223850855745 0.625096745652174 0.5558307322738386 0.6109797652173914
0 0.5019206564792176 0.6093591695652174 0.4859622127139364 0.5791729152173912 0.44723161124694377 0.5938238152173912 0.4616597188264059 0.6131152195652174 0.5019206564792176 0.6093591695652174
0 0.39524541809290953 0.6210844630434782 0.37282698288508553 0.5838884130434782 0.3341135586797066 0.5906211434782609 0.3518732114914426 0.6245182717391304 0.39524541809290953 0.6210844630434782
0 0.28665166259168706 0.618767152173913 0.27019237652811734 0.5766401 0.21803292909535452 0.5780172239130434 0.22356754400977996 0.6249149173913043 0.28665166259168706 0.618767152173913
0 0 0.6006531630434783 0.041231738386308066 0.6092004413043479 0.050737413202933984 0.5776885804347826 0 0.5679397630434783 0 0.6006531630434783
0 0 0.5093132695652174 0.030497740831295844 0.5167646956521739 0.039905823960880195 0.4975488217391304 0.0005765782396088019 0.4929159086956522 0 0.49438049782608695 0 0.5093132695652174
0 0.07901909413202934 0.5015998586956522 0.040450421760391195 0.4966874630434783 0.03389075305623472 0.5204752869565218 0.0682794511002445 0.5220545152173913 0.07901909413202934 0.5015998586956522
0 0.12125022371638142 0.505056052173913 0.08269652933985329 0.4996863826086957 0.07575038630806846 0.5236627260869565 0.11709615525672372 0.5294049086956522 0.12125022371638142 0.505056052173913
0 0.12126520048899755 0.5045988108695653 0.11552226039119805 0.530159552173913 0.15845045476772615 0.5359824065217391 0.16146851344743277 0.5084317456521739 0.12126520048899755 0.5045988108695653
0 0.16069570782396086 0.5068471413043478 0.16015918215158925 0.5311117413043478 0.20007438875305625 0.5343280717391304 0.19874927139364304 0.5134410304347826 0.16069570782396086 0.5068471413043478
0 0.19567683374083128 0.5109290673913043 0.2024502053789731 0.5327386826086957 0.24584544376528117 0.532185604347826 0.2361799315403423 0.5138736565217391 0.19567683374083128 0.5109290673913043
0 0.23975418092909537 0.5131998891304348 0.2488584327628362 0.5347920195652174 0.29045240709046455 0.5340524152173913 0.27875793276283617 0.514839402173913 0.23975418092909537 0.5131998891304348
0 0.27951689731051343 0.5131883804347827 0.2864550342298289 0.5299674543478261 0.3198895366748166 0.5260883673913044 0.31493923105134475 0.5139945847826087 0.27951689731051343 0.5131883804347827
0 0.36151784352078237 0.5192489760869565 0.3726436601466993 0.5393530369565217 0.408983597799511 0.5334805543478262 0.3953100819070905 0.5173804760869566 0.36151784352078237 0.5192489760869565
0 0.4005015012224939 0.5165415695652175 0.4134779669926651 0.5302751347826087 0.44720239364303177 0.533309102173913 0.42980487897310515 0.5155590239130434 0.4005015012224939 0.5165415695652175
0 0.04188682885085575 0.4922475282608696 0.04999599511002445 0.48115684565217387 0.019341773838630807 0.4718985326086957 0.0076926797066014675 0.48778824565217394 0.04188682885085575 0.4922475282608696
0 0.05659386674816626 0.4767925586956522 0.04809257090464548 0.49197253913043476 0.08095518215158924 0.49767053695652175 0.08610733129584351 0.4834057521739131 0.05659386674816626 0.4767925586956522
0 0.09013588386308069 0.47751335 0.08272648777506111 0.4987717217391304 0.11993364547677261 0.5058374565217391 0.12357546332518336 0.4826942152173913 0.09013588386308069 0.47751335
0 0.12528445843520783 0.4843659065217391 0.1223993533007335 0.5015041239130436 0.15922667848410757 0.5044006391304348 0.16161206601466993 0.48433764565217396 0.12528445843520783 0.4843659065217391
0 0.16311112713936432 0.48828368695652175 0.15942406234718826 0.5062566434782608 0.20098808190709047 0.5064315934782608 0.19889282640586797 0.4893469304347826 0.16311112713936432 0.48828368695652175
0 0.19828693765281172 0.4864204065217391 0.20071576405867972 0.506862252173913 0.23710333863080685 0.5074189717391304 0.23049524938875307 0.49032396304347825 0.19828693765281172 0.4864204065217391
0 0.23089221026894868 0.49209175 0.23775549266503668 0.5111574260869566 0.2748401185819071 0.5140805891304348 0.2663853141809291 0.4884258782608696 0.23089221026894868 0.49209175
0 0.2696106662591687 0.49243098478260866 0.27859246699266504 0.5098805195652174 0.3122093740831296 0.5083147847826087 0.30035912469437653 0.48607943478260873 0.2696106662591687 0.49243098478260866
0 0.3058757139364303 0.4888450282608696 0.3152972567237164 0.508634602173913 0.3460686063569682 0.5072329413043478 0.33574710513447437 0.48974463695652176 0.3058757139364303 0.4888450282608696
0 0.34562615647921757 0.497091902173913 0.3524867347188264 0.5083564717391305 0.3870730501222494 0.5087265608695652 0.3764323276283619 0.489366297826087 0.34562615647921757 0.497091902173913
0 0.38134660391198044 0.4943673391304348 0.392704217603912 0.5102275195652174 0.4232332420537897 0.5083419673913043 0.4079972762836186 0.4914874934782609 0.38134660391198044 0.4943673391304348
0 0 0.4631939456521739 0.02724124205378973 0.46641052608695655 0.0413111271393643 0.44675968695652174 0.01323852444987775 0.4414172108695652 0 0.4573770347826087 0 0.4631939456521739
0 0.04468628606356968 0.44619152826086955 0.03647494987775061 0.46828467608695656 0.058060232273838636 0.47143796304347824 0.06721067237163814 0.4493033 0.04468628606356968 0.44619152826086955
0 0.07365907823960881 0.45240437826086954 0.06689912958435208 0.4696002043478261 0.09264652567237164 0.4718081195652174 0.09745131051344742 0.4524353804347826 0.07365907823960881 0.45240437826086954
0 0.10262916625916871 0.45081615869565217 0.10145546821515893 0.4708849173913044 0.12688563202933983 0.4748953956521739 0.129128684596577 0.45112408260869563 0.10262916625916871 0.45081615869565217
0 0.1349294975550122 0.45003175652173916 0.1302158545232274 0.4756992456521739 0.16045758679706604 0.47470152608695654 0.16266136185819072 0.45230103260869564 0.1349294975550122 0.45003175652173916
0 0.15983002322738388 0.45444620434782607 0.16014036919315403 0.4765042304347826 0.19560618215158923 0.48155404782608696 0.19032832885085574 0.455166552173913 0.15983002322738388 0.45444620434782607
0 0.18874023594132028 0.4546872739130435 0.1943345403422983 0.4809634434782609 0.22396905501222492 0.4748553326086956 0.2142097371638142 0.45534390434782607 0.18874023594132028 0.4546872739130435
0 0.27883095721271395 0.4552995891304348 0.2970491100244499 0.48242437173913044 0.3189965599022005 0.4824031565217391 0.30890458435207824 0.4617074891304348 0.27883095721271395 0.4552995891304348
0 0.31596322249388753 0.4646519195652174 0.3255045574572127 0.480782847826087 0.35320570537897306 0.4864051608695652 0.3359656075794621 0.46336220652173915 0.31596322249388753 0.4646519195652174
0 0.34788638508557457 0.46749939782608696 0.35792742176039116 0.4841409456521739 0.3827054535452323 0.484412897826087 0.3693858606356968 0.46797165 0.34788638508557457 0.46749939782608696
0 0.37673668459657705 0.4695697152173913 0.39042517848410757 0.4852124456521739 0.41477840220048895 0.48268718260869564 0.393948162591687 0.4670714782608696 0.37673668459657705 0.4695697152173913
0 0.5061665195599022 0.5146371717391305 0.5285767677261614 0.5399017804347825 0.5620262102689486 0.535565345652174 0.5191211882640587 0.5087370391304348 0.5061665195599022 0.5146371717391305
0 0.296161 0.5489555652173913 0.29054214669926653 0.5391961934782609 0.2679824217603912 0.548164745652174 0.2777465892420538 0.5672386717391305 0.296161 0.5489555652173913
0 0.3980859853300734 0.5429927891304348 0.38817014547677264 0.5382948413043478 0.3641514767726161 0.5489407891304348 0.3740131149144254 0.5684906260869566 0.3980859853300734 0.5429927891304348
0 0.014435081907090466 0.5541930108695652 0.05392346699266503 0.5617703304347826 0.060729600244498784 0.533704097826087 0.019816552567237165 0.5259977195652175 0.014435081907090466 0.5541930108695652
0 0.07258080195599022 0.534871302173913 0.10780181418092909 0.5425431434782609 0.1076407249388753 0.5244187304347826 0.07391397310513448 0.5192923869565217 0.07258080195599022 0.534871302173913