1 0.16742721393643034 0.8726583826086957 0.17208658312958436 0.7320215043478261 0.08761208679706602 0.7090383434782609 0.06469224205378973 0.8185498804347826 0.06611317359413203 0.8365289 0.16742721393643034 0.8726583826086957
1 0.3077354486552567 0.9226935434782608 0.29112399144254275 0.8166223478260869 0.21810201589242056 0.8029202934782609 0.21900788630806844 0.8910525086956522 0.3077354486552567 0.9226935434782608
1 0.5969188533007335 1 0.5459714254278728 0.8765350739130435 0.4493912102689487 0.8730618413043478 0.456660097799511 0.8962992130434783 0.4940527273838631 0.9891359369565217 0.5245176564792177 1 0.5969188533007335 1
1 0.7310213887530562 1 0.6549739413202934 0.8319647108695652 0.6041128973105134 0.8164080326086957 0.5704883753056235 0.8941494217391305 0.6142229070904646 1 0.7310213887530562 1
1 0.8133950806845965 1 0.8119336454767727 0.9971862347826087 0.7711305684596577 0.9129574804347826 0.6914921797066015 0.8931599499999999 0.7386743251833741 1 0.8133950806845965 1
1 0.9299086479217603 1 0.92434056601467 0.9882388130434783 0.8862422224938875 0.946265302173913 0.8216816442542787 0.938726395652174 0.8121849559902201 0.9781883782608696 0.8270238398533007 1 0.9299086479217603 1
1 1 0.9775295173913043 0.9779695378973104 0.9454275152173913 0.9004203643031785 0.9450883369565217 0.9351955525672372 1 1 1 1 0.9775295173913043
1 0.07790559290953546 0.6330589586956521 0.08959523349633251 0.5434631869565217 0.06060653545232274 0.5133404804347826 0.03983941442542788 0.5040874608695652 0.04936293520782396 0.6245884065217392 0.07790559290953546 0.6330589586956521
1 0.16903982762836184 0.5549516065217391 0.11254633863080685 0.5279237217391304 0.10185450977995111 0.6438891173913043 0.1637879792176039 0.6623271195652174 0.16903982762836184 0.5549516065217391
1 0.25849802200488997 0.5778887413043479 0.20688570293398534 0.57066625 0.21094782885085575 0.6690857195652173 0.2740831748166259 0.6883937369565217 0.25849802200488997 0.5778887413043479
1 0.2999690317848411 0.6922227260869566 0.3631151968215159 0.7106808434782609 0.3411721002444988 0.596188197826087 0.30037857457212713 0.5773397499999999 0.279832815403423 0.6138842869565218 0.2999690317848411 0.6922227260869566
0 0.39258236308068456 0.6663806695652174 0.3604566466992665 0.6627892652173913 0.39516440586797064 0.7390685673913043 0.456774760391198 0.749979345652174 0.45491965281173596 0.7307616173913044 0.4325189731051345 0.6806224195652174 0.39258236308068456 0.6663806695652174
1 0.5875086748166259 0.6573670500000001 0.5590436344743276 0.6592592956521739 0.5373751968215159 0.7123183000000001 0.5771738215158925 0.7844354173913043 0.6423565977995109 0.7878950282608695 0.6276074034229828 0.7155380173913044 0.5875086748166259 0.6573670500000001
1 0.6144759193154035 0.7048336152173913 0.6591975403422983 0.7913200282608696 0.7095115183374082 0.7920579913043478 0.6890805684596577 0.7262769717391304 0.6612047212713936 0.6759057652173913 0.6304293300733497 0.6718127282608696 0.6144759193154035 0.7048336152173913
1 0.7287344572127139 0.6811277282608695 0.7029099266503668 0.6697662847826087 0.6915561430317848 0.6743261695652174 0.683060891198044 0.7078838434782609 0.7058435488997555 0.7784217260869566 0.7146024804400979 0.7772408673913044 0.7227153215158925 0.7973514630434783 0.7654013691931539 0.8000939130434783 0.7759150012224939 0.7689748565217391 0.7480718606356968 0.7009367304347827 0.7287344572127139 0.6811277282608695
1 0.8894580672371638 0.7642694217391305 0.854158662591687 0.7366160413043479 0.8216531772616137 0.7400895956521739 0.8184122347188265 0.7647600739130435 0.8251630403422984 0.7886893282608696 0.8507937444987775 0.8064382086956521 0.8650706650366747 0.8287469695652174 0.9094520464547677 0.8445737630434783 0.917107380195599 0.8386949804347826 0.9141196332518338 0.8139554804347826 0.8894580672371638 0.7642694217391305
1 0.04725602811735941 0.5112807934782608 0.08677075550122249 0.5232199108695652 0.09345695110024449 0.5492783108695652 0.10233985941320294 0.5029457608695652 0.09039935207823961 0.4857745565217392 0.06327739608801956 0.4761026260869565 0.05296260268948655 0.4874895804347826 0.04725602811735941 0.5112807934782608
1 0.2277588215158924 0.5175406760869565 0.21504300488997555 0.5259192173913043 0.20432862347188266 0.5419406891304348 0.20098484352078239 0.5570472152173913 0.20229846332518336 0.574267352173913 0.21738466136919316 0.5719501717391304 0.24204098533007337 0.5807428347826087 0.2498901466992665 0.5684766173913043 0.24729005256723716 0.5309622434782608 0.2277588215158924 0.5175406760869565
1 0.3506527860635697 0.5742788673913043 0.3492959926650367 0.6189909217391304 0.3620816613691931 0.6493766326086957 0.3768754547677262 0.6546522304347826 0.4154662139364303 0.6565994130434782 0.40197880195599023 0.6076474782608695 0.38692132762836184 0.5699950652173913 0.36473063691931545 0.5620816673913044 0.3506527860635697 0.5742788673913043
1 0.550568077017115 0.680005402173913 0.5638653765281173 0.652464552173913 0.5514027530562348 0.6114331130434782 0.5209700036674817 0.5876674108695652 0.5085772334963325 0.5854002239130435 0.5032583129584353 0.5964165673913044 0.4991774523227384 0.6487659347826087 0.5001518312958435 0.657722152173913 0.5148164070904645 0.6672560391304347 0.5192307982885086 0.6860477369565217 0.5241620635696822 0.6878062695652174 0.5319466161369193 0.6776691978260869 0.550568077017115 0.680005402173913
1 0.5574303838630806 0.6150584086956522 0.5567546344743276 0.6403967413043478 0.5944550623471883 0.6710585326086956 0.6137278569682152 0.6929966804347827 0.6305943863080684 0.6710330217391304 0.631175869193154 0.6518707108695652 0.6182609828850856 0.6257432913043478 0.5705688068459658 0.5958227239130436 0.5574303838630806 0.6150584086956522
1 0.6929129352078239 0.6296141152173913 0.6881161320293399 0.6644906869565217 0.7202339621026895 0.673792004347826 0.7469036540342298 0.698367952173913 0.772792793398533 0.7076002499999999 0.7598779070904644 0.6814728304347827 0.7555927347188264 0.6584228413043478 0.7166594902200488 0.6273214173913044 0.6929129352078239 0.6296141152173913
1 0.9133285965770171 0.7168250347826086 0.9146958740831296 0.7538997739130435 0.9866567176039119 0.8053878782608695 0.9950873618581907 0.7739593499999999 0.9857417053789731 0.7534091195652174 0.9748401870415647 0.7430649847826086 0.969128370415648 0.7259627999999999 0.9321438850855746 0.7127738043478261 0.9133285965770171 0.7168250347826086
1 0.8098366466992665 0.677766702173913 0.7620798618581908 0.6499752804347826 0.7603301711491443 0.6665688130434783 0.785314782396088 0.7056091434782609 0.7842810354523228 0.7396754717391305 0.7889538643031786 0.7499505869565217 0.8028378887530563 0.7441408260869565 0.8187998887530563 0.751985202173913 0.8306059364303179 0.7325212999999999 0.8298253838630806 0.71717765 0.8098366466992665 0.677766702173913
1 0.6766820134474327 0.5484995260869565 0.6595518056234718 0.5380863695652174 0.6385293215158925 0.5327417521739131 0.6283437457212714 0.5398704108695652 0.6265992982885086 0.5973573391304348 0.6579418190709047 0.6322084021739129 0.6864258092909535 0.6380616760869565 0.6966061430317849 0.5900396152173913 0.6959548080684597 0.5704376739130435 0.6859630611246944 0.5711789 0.6766820134474327 0.5484995260869565
1 0.45782745721271395 0.49197590652173917 0.4477711002444988 0.4948462782608696 0.4355721577017115 0.4861916543478261 0.4241537652811736 0.4928806826086956 0.42143493887530564 0.5414113978260869 0.43993958557457213 0.5630870260869566 0.4810080709046455 0.5754686652173913 0.47950127506112467 0.5169224695652174 0.47255664303178485 0.49938065000000004 0.45782745721271395 0.49197590652173917
1 0.31761994376528113 0.5129987913043478 0.3270302078239609 0.5314198760869565 0.3627818765281174 0.5441692369565218 0.3606986577017115 0.4896217 0.35239199022004886 0.47589854130434783 0.33389974816625917 0.46930404565217393 0.31871829828850856 0.47680331956521743 0.31761994376528113 0.5129987913043478
1 0.2013423239608802 0.44355475000000005 0.20245116381418093 0.48914607173913044 0.24073307457212714 0.500645552173913 0.2414437762836186 0.4772249521739131 0.23371859168704157 0.4443394847826087 0.2166529914425428 0.43179718260869565 0.20672585330073348 0.43040926304347826 0.2013423239608802 0.44355475000000005
1 0.14794357334963326 0.43742539565217387 0.1467806075794621 0.4757500130434783 0.18382970293398532 0.48680986304347823 0.18596704767726163 0.4574414608695652 0.18174648410757946 0.4322623282608695 0.1634480684596577 0.41928039347826085 0.15598656234718827 0.41877173913043475 0.14794357334963326 0.43742539565217387
1 0.12562890586797065 0.4746636847826087 0.13100719315403422 0.42062480217391307 0.1251015488997555 0.4099100565217391 0.09927701833740832 0.3985486108695652 0.08753557946210269 0.4158833673913044 0.08624339731051345 0.45846627826086955 0.12562890586797065 0.4746636847826087
1 0.36407405990220054 0.5015863282608696 0.3975539254278729 0.5070689891304347 0.40241533863080686 0.4700632673913044 0.37710768092909536 0.4416686630434783 0.3584862200488998 0.4393324543478261 0.35700020904645474 0.48830280000000004 0.36407405990220054 0.5015863282608696
1 0.49571122860635697 0.43446346739130437 0.4865698850855746 0.489312597826087 0.48605301100244497 0.5063457608695652 0.49182943765281173 0.5213188 0.5124642665036675 0.5394382913043478 0.5495133618581908 0.5504981413043478 0.5514568789731051 0.5275171739130435 0.5408085550122249 0.46776305869565216 0.5179019205378973 0.4423768652173913 0.49571122860635697 0.43446346739130437
1 0.4613757237163814 0.9774830260869566 0.4215709107579462 0.8308209108695652 0.3097305024449878 0.8093709717391304 0.3383334608801956 0.9336050673913043 0.4613757237163814 0.9774830260869566
0 0.5127032689486553 0.6900461391304348 0.45327965770171147 0.6774574347826088 0.48279586919315404 0.7662136152173913 0.5647615061124694 0.7811150586956522 0.5127032689486553 0.6900461391304348
0 0.7975149535452322 0.7596614043478261 0.7724938276283618 0.7630275434782609 0.7975755977995109 0.8354231413043478 0.8673664767726161 0.8509311195652174 0.7975149535452322 0.7596614043478261
0 0.12743531784841075 0.5331056739130435 0.18730922493887528 0.5607134282608696 0.18857695354523227 0.5189363913043478 0.12980835085574574 0.5011977304347827 0.12743531784841075 0.5331056739130435
0 0.3241791075794621 0.5891899195652174 0.31209624572127137 0.554382252173913 0.27084563447432763 0.5573624717391304 0.27964298533007337 0.5936404652173913 0.3241791075794621 0.5891899195652174
0 0.49011948166259167 0.6749543760869565 0.46479908190709046 0.6135295478260869 0.41189811124694375 0.6007385934782609 0.4366059926650367 0.6674191717391303 0.49011948166259167 0.6749543760869565
0 0.6902291577017114 0.6798435173913044 0.6654316943765282 0.6459758913043478 0.6383855048899756 0.6532128652173913 0.6713590220048901 0.6895367391304348 0.6902291577017114 0.6798435173913044
0 0.8370167689486553 0.670930997826087 0.8716503765281173 0.6792672956521739 0.8743833019559902 0.676801 0.8501442775061124 0.6543935782608696 0.806222782396088 0.6457093413043479 0.8370167689486553 0.670930997826087
0 0.771499564792176 0.6384620847826087 0.8078545586797066 0.6638150891304347 0.8320541063569683 0.6710426565217391 0.8051396907090466 0.6496764456521739 0.771499564792176 0.6384620847826087
0 0.7250621907090464 0.621883443478261 0.7554495904645476 0.650706352173913 0.7821763777506113 0.6508531413043478 0.7614813850855745 0.6286313108695653 0.7250621907090464 0.621883443478261
0 0.5835201136919316 0.5831385913043478 0.6106525904645477 0.6147108695652174 0.6537757677261614 0.6269608847826088 0.6200916894865526 0.5840800913043479 0.5835201136919316 0.5831385913043478
0 0.5934301332518338 0.5999669760869565 0.5726901845965771 0.5667642260869565 0.5266589547677262 0.5644568760869566 0.5534466246943766 0.6036949391304348 0.5934301332518338 0.5999669760869565
0 0.5390779278728607 0.5844946000000001 0.5228906295843521 0.5505693391304348 0.4838945525672371 0.5550763086956522 0.4985031833740831 0.5778454913043478 0.5390779278728607 0.5844946000000001
0 0.4315770745721272 0.5686288543478261 0.40885432640586794 0.5261168652173913 0.36984944987775065 0.5228064152173912 0.3878647897310513 0.5608608695652173 0.4315770745721272 0.5686288543478261
0 0.3220958459657702 0.5383976847826087 0.3053642652811736 0.4925480239130435 0.2527867603911981 0.480487347826087 0.2585208924205379 0.5282386108695651 0.3220958459657702 0.5383976847826087
0 0.07465596577017114 0.46579884130434784 0.08413472616136919 0.43711622173913045 0.03275147799511002 0.41434105652173914 0.03275009902200489 0.4143864717391304 0.035391932762836184 0.44781354565217396 0.07465596577017114 0.46579884130434784
0 0.034480345965770175 0.3573675239130435 0.06353013447432762 0.37172567391304345 0.07295106479217604 0.3551643478260869 0.03497420293398533 0.3410928847826087 0.034480345965770175 0.3573675239130435
0 0.11239459413202933 0.3692302586956522 0.07349723471882641 0.35445359565217394 0.06696287530562348 0.3762641739130435 0.10163539975550122 0.3866726760869565 0.11239459413202933 0.3692302586956522
0 0.15497928117359414 0.3835108152173913 0.11609551344743277 0.36828629347826086 0.10917216992665037 0.39018365652173914 0.1508718618581907 0.40649458260869564 0.15497928117359414 0.3835108152173913
0 0.1549928704156479 0.38306299130434784 0.1492877041564792 0.4068350695652174 0.19258290953545232 0.4236328543478261 0.19553455378973103 0.39719393043478257 0.1549928704156479 0.38306299130434784
0 0.19475026161369194 0.3954297565217391 0.19428941687041565 0.41926111304347824 0.2345386271393643 0.4327088195652174 0.2331338850855746 0.4117349152173913 0.19475026161369194 0.3954297565217391
0 0.23002826894865527 0.40846294782608694 0.23692844865525672 0.4317500826086957 0.28067345354523227 0.4423696760869565 0.2708692359413203 0.42179348695652175 0.23002826894865527 0.40846294782608694
0 0.27447022249388753 0.422047602173913 0.2837194511002445 0.44571964999999997 0.32564798288508556 0.4556915065217391 0.31379539119804406 0.43370314782608693 0.27447022249388753 0.422047602173913
0 0.3145550599022005 0.432267497826087 0.32160474816625917 0.45062768478260873 0.3552973459657701 0.4553987543478261 0.3502670464547677 0.44217834782608695 0.3145550599022005 0.432267497826087
0 0.397240369193154 0.4593538673913043 0.40852263447432763 0.48207611304347825 0.445137630806846 0.4856256326086956 0.43130023105134474 0.46620311086956523 0.397240369193154 0.4593538673913043
0 0.43653094498777506 0.46671020434782606 0.44965784352078236 0.4836156434782609 0.48366551100244504 0.49529026956521743 0.4660684987775061 0.47327960869565217 0.43653094498777506 0.46671020434782606
0 0.07493063569682151 0.35043727391304347 0.08306892542787285 0.34156806956521735 0.05213580684596577 0.32453480869565215 0.040444737163814186 0.3372338108695652 0.07493063569682151 0.35043727391304347
0 0.08970585819070905 0.33895456304347826 0.08118574938875306 0.3517624173913043 0.11433340831295843 0.3658469108695652 0.11948025305623472 0.3530813543478261 0.08970585819070905 0.33895456304347826
0 0.12352201100244499 0.3482972130434782 0.11612269804400978 0.3673904717391304 0.15365461246943765 0.38394394782608693 0.1572496075794621 0.3620193239130435 0.12352201100244499 0.3482972130434782
0 0.15897796210268947 0.3641104152173913 0.15612600611246943 0.38029778043478263 0.19326126161369195 0.3926350239130435 0.195599804400978 0.3734298826086957 0.15897796210268947 0.3641104152173913
0 0.19712402567237164 0.3777136391304348 0.19346636552567237 0.39451923695652175 0.23536771515892418 0.4053868152173913 0.2331991356968215 0.3879708673913044 0.19712402567237164 0.3777136391304348
0 0.2325786870415648 0.38492404782608697 0.23509461246943764 0.40574216521739126 0.27177883618581905 0.41565492608695653 0.265060826405868 0.39706757173913043 0.2325786870415648 0.38492404782608697
0 0.2654668337408313 0.39891599565217395 0.27244860268948656 0.41951570652173914 0.3098433325183374 0.4319454804347826 0.301235413202934 0.40442738260869565 0.2654668337408313 0.39891599565217395
0 0.3045001075794621 0.4092136717391305 0.31361222982885084 0.42876201521739127 0.34749633863080687 0.4358652304347826 0.33547674205378974 0.41085121956521736 0.3045001075794621 0.4092136717391305
0 0.3410471479217604 0.4150026304347826 0.3506102946210269 0.4369756934782608 0.38162633129584356 0.443508797826087 0.37116352567237165 0.4235774434782608 0.3410471479217604 0.4150026304347826
0 0.38114685085574573 0.43337728478260873 0.3881001650366748 0.44627009782608695 0.42296792176039116 0.4555350217391304 0.41217713569682146 0.4336723413043478 0.38114685085574573 0.43337728478260873
0 0.41714772127139366 0.43987702608695656 0.4286496638141809 0.4584666652173913 0.45941981662591685 0.4644594152173913 0.44400481907090467 0.44388964565217387 0.41714772127139366 0.43987702608695656
0 0.04588257579462103 0.29285389130434786 0.03616382151589242 0.30188989347826084 0.035852112469437654 0.3121620152173913 0.060081174816625914 0.3211461652173913 0.0742002444987775 0.30535468043478264 0.04588257579462103 0.29285389130434786
0 0.07760087652811735 0.3056618913043478 0.06939587652811736 0.3253734217391304 0.09116644376528117 0.33404241304347826 0.10031801833740832 0.3145315108695652 0.07760087652811735 0.3056618913043478
0 0.10682889731051344 0.31925408913043474 0.10007089364303179 0.33450133260869563 0.1260341772616137 0.34330739782608694 0.13081399755501222 0.32540664782608697 0.10682889731051344 0.31925408913043474
0 0.13602846332518337 0.3251394260869565 0.13491144498777508 0.3446620413043478 0.1605608728606357 0.35516711304347826 0.1627436980440098 0.33226214565217393 0.13602846332518337 0.3251394260869565
0 0.16858790586797068 0.33267570434782606 0.16392072860635695 0.35681807826086953 0.19440419070904646 0.3636139369565217 0.1965519400977995 0.3420530043478261 0.16858790586797068 0.33267570434782606
0 0.1937047371638142 0.34344355217391304 0.19409034718826407 0.3653130869565217 0.22986016136919316 0.3794271108695652 0.22445251711491443 0.35200259565217396 0.1937047371638142 0.34344355217391304
0 0.22284997677261614 0.35112051956521734 0.22857627017114915 0.3785164847826087 0.2584307383863081 0.38010788260869566 0.24852799877750612 0.3583226695652174 0.22284997677261614 0.35112051956521734
0 0.3136726356968215 0.374906452173913 0.3321278545232274 0.4063889282608696 0.35425305378973104 0.4120152239130435 0.34401105501222495 0.3889745847826087 0.3136726356968215 0.374906452173913
0 0.35113659413202936 0.39369943695652176 0.36080843520782396 0.4120891891304348 0.38875256356968213 0.4247708326086957 0.3712967848410758 0.39757219130434784 0.35113659413202936 0.39369943695652176
0 0.38332779095354524 0.4047263608695652 0.3935050672371638 0.42374909565217395 0.418484749388753 0.43039332826086957 0.4050030134474328 0.4107248586956522 0.38332779095354524 0.4047263608695652
0 0.41241866503667485 0.4141949086956522 0.4262696552567237 0.43316949565217394 0.45081186185819067 0.43694123478260866 0.42976135207823957 0.41615571304347826 0.41241866503667485 0.4141949086956522
0 0.5430457848410758 0.4920174326086957 0.5657209278728607 0.5227410260869565 0.5994270782396088 0.527064154347826 0.5560859535452323 0.4895224195652174 0.5430457848410758 0.4920174326086957
0 0.33145197921760394 0.47188221739130437 0.32575541320293394 0.460795797826087 0.30304248899755504 0.4638504456521739 0.31294867359413203 0.4852047282608696 0.33145197921760394 0.47188221739130437
0 0.43418309902200486 0.4922181 0.42417142542787284 0.4850258804347826 0.3999932677261614 0.48936211739130436 0.4099992848410758 0.511211602173913 0.43418309902200486 0.4922181
0 0.04746077872860635 0.4045656065217391 0.08729409168704155 0.42221142173913045 0.09406280195599022 0.3962379 0.05279285819070905 0.37809801739130433 0.04746077872860635 0.4045656065217391
0 0.10601387408312958 0.40044031739130437 0.1415455501222494 0.41708147391304345 0.14132337897310512 0.39913610652173914 0.10730646332518337 0.38539396086956523 0.10601387408312958 0.40044031739130437