1 0.22309972259136215 0.5384707041420118 0.09748185714285715 0.5508118875739645 0.23326756976744187 0.7685684763313609 0.25725241694352163 0.7640293609467456 0.27262565282392026 0.6226691568047338 0.22309972259136215 0.5384707041420118
1 0 0.39448235798816567 0.08799120099667775 0.5355919319526626 0.16019607475083056 0.5267176804733728 0.08514134717607974 0.3904390325443787 0.006191563122923588 0.3927405946745562 0 0.3924779822485207 0 0.39448235798816567
1 0 0.36844374852071005 0.0163731146179402 0.37375470414201184 0.030283403654485053 0.31678796449704144 0 0.25278476331360944 0 0.36844374852071005
1 0.6475258089700997 1 0.6482815066445182 0.9831918254437869 0.6050763754152825 0.9218622100591716 0.5247960764119601 0.9904645443786982 0.5303181594684385 1 0.6475258089700997 1
1 0.5423217209302326 0.9310374467455621 0.5594511295681063 0.8423279644970415 0.5194551810631229 0.7781873343195266 0.47398148006644525 0.7832457514792899 0.4321631561461794 0.8323621627218936 0.48679890199335546 0.9290778698224852 0.5423217209302326 0.9310374467455621
1 0.3948745299003322 0.5577104881656805 0.37294998338870433 0.500269526627219 0.30881151827242526 0.47857874852071003 0.25736494019933553 0.5202120414201183 0.31182998172757476 0.644161023668639 0.383349377076412 0.6516886035502959 0.3948745299003322 0.5577104881656805
1 0.24190954983388704 0.4906521360946745 0.32525392691029903 0.4938064911242604 0.33043574916943524 0.4304988964497041 0.30337619933554816 0.3743721449704142 0.2533596146179402 0.36896216568047335 0.20092478737541528 0.3930957366863905 0.24190954983388704 0.4906521360946745
1 0.2682685681063123 0.3628136863905326 0.27975927408637874 0.3135510177514793 0.27309416943521597 0.28693526331360947 0.24605488205980064 0.24755471301775145 0.21963042524916943 0.2290689970414201 0.1599834634551495 0.2409222100591716 0.15145365780730896 0.29175316863905326 0.18738167275747508 0.37245902366863903 0.20491766279069767 0.36872696449704145 0.2113368338870432 0.38698478402366865 0.2682685681063123 0.3628136863905326
1 0.03564793687707641 0.09329102366863905 0.0554023023255814 0.12497067159763314 0.07911153322259136 0.1311385 0.10948586710963457 0.16392208284023668 0.12801057308970099 0.15381206804733727 0.13888146013289038 0.12346425147928994 0.11456238870431895 0.05659190828402367 0.07398179568106313 0.01746384319526627 0.03564793687707641 0.09329102366863905
1 0.604717599667774 0.8426431420118343 0.582493938538206 0.8070035384615385 0.5497682857142857 0.8142486479289941 0.5574171162790698 0.8742961331360947 0.5443228654485049 0.9090419230769231 0.5591386395348836 0.9328016568047338 0.5860599501661129 0.9281935562130178 0.6094052707641195 0.8820148047337278 0.604717599667774 0.8426431420118343
1 0.44321468106312295 0.6712433313609467 0.4488960581395349 0.6644273579881657 0.47421880897009966 0.6054926952662721 0.4759503106312292 0.5843788550295858 0.4647155149501661 0.5623800887573965 0.4271792242524917 0.5260745710059171 0.39469950498338874 0.5416776124260355 0.3903707541528239 0.5944622159763313 0.4066671079734219 0.6285598609467455 0.40740490365448506 0.6536336568047337 0.41234349667774084 0.6615535680473373 0.4261755431893688 0.6518815739644971 0.44321468106312295 0.6712433313609467
1 0.4306372375415282 0.5236565680473373 0.4208880066445183 0.47218602958579886 0.3660666495016611 0.40816081952662725 0.34136870265780733 0.4083709467455621 0.33136356478405316 0.4281618402366864 0.33296212126245844 0.48248840236686386 0.36049826079734215 0.4987751301775148 0.3876605149501661 0.5423346449704142 0.4076658023255814 0.5425625384615385 0.4306372375415282 0.5236565680473373
1 0.2852046943521595 0.2187577426035503 0.23680250664451824 0.1729903550295858 0.22074709634551493 0.18706032840236686 0.1960491495016611 0.18727045266272188 0.22197675415282395 0.2288499881656805 0.2569207823920266 0.2570165828402367 0.2879099451827243 0.310695 0.3031045946843854 0.26737226627218935 0.2852046943521595 0.2187577426035503
1 0.18703771594684385 0.1608737071005917 0.22852886877076412 0.1716674053254438 0.23618767774086377 0.15209552366863907 0.182478 0.08587132840236686 0.14481375747508304 0.08519652662721894 0.13579733554817275 0.0986094674556213 0.13468066445182725 0.14061813609467455 0.15184276910299002 0.16415886094674556 0.15986548671096346 0.19693355917159763 0.16925080564784054 0.1960575177514793 0.18703771594684385 0.1608737071005917
1 0.4042377209302326 0.3061224349112426 0.3999189485049834 0.2792876715976331 0.3800416162790698 0.24342905917159763 0.36053318106312293 0.22010734615384614 0.3406508604651163 0.22405841420118344 0.3329970415282392 0.20382061538461538 0.32175725747508305 0.22163153254437867 0.3037194252491694 0.28826709467455625 0.32989296179401995 0.3382045621301775 0.37422230897009967 0.36549511834319526 0.4042377209302326 0.3061224349112426
1 0.5744911744186046 0.6149901065088758 0.5679490365448505 0.5925533165680473 0.5520215813953488 0.5709925710059172 0.5368319202657807 0.5745056213017751 0.49780008637873757 0.6472912396449704 0.5336048754152825 0.704710600591716 0.5702804019933555 0.7117633550295858 0.5946144385382061 0.6592066508875739 0.5890610182724253 0.6303919082840237 0.5744911744186046 0.6149901065088758
1 0.6617772873754153 0.7828413224852071 0.6475763438538206 0.7799764171597633 0.6160803521594684 0.8290111893491124 0.6518851395348837 0.8864305502958579 0.6695440963455149 0.8868774556213018 0.6884426893687707 0.8494946538461539 0.6802970066445182 0.8125409881656804 0.6617772873754153 0.7828413224852071
1 0.6083135431893687 0.7249750562130178 0.6383139900332225 0.7850314230769231 0.6512802873754153 0.7859163520710059 0.6768489734219268 0.7353396213017751 0.6605526179401993 0.701241976331361 0.6246198737541528 0.6794533343195266 0.6083135431893687 0.7249750562130178
1 0.5462222275747508 0.5338198934911242 0.5688297524916944 0.4625673461538461 0.5466060913621262 0.4269277426035503 0.5142543272425248 0.40690006804733725 0.47300411627906974 0.44427398224852066 0.46201026245847177 0.4704428313609468 0.4979380182724253 0.5320411568047337 0.5244854418604651 0.5547058402366865 0.5373287724252492 0.5514118017751479 0.5462222275747508 0.5338198934911242
0 0.3236562093023256 0.6651726715976332 0.3979118023255814 0.8107634704142012 0.4702327142857142 0.7820084556213017 0.4154228289036545 0.6781959201183432 0.3236562093023256 0.6651726715976332
0 0.04142470265780731 0.1420834023668639 0.10619212126245847 0.26330360650887574 0.16599366279069766 0.24181465680473374 0.1476524850498339 0.18966556804733725 0.04142470265780731 0.1420834023668639
0 0.6748985897009967 1 0.6513790598006645 0.9379546420118342 0.6226075614617941 0.9482404023668638 0.6415882043189369 1 0.6748985897009967 1
0 0.48026745847176083 0.7763985591715976 0.528804353820598 0.7596344674556212 0.4958846262458471 0.6972725059171598 0.4418872491694352 0.7076149615384615 0.48026745847176083 0.7763985591715976
0 0.2877354102990033 0.36780864201183433 0.3341852990033223 0.3968510828402366 0.31632658139534886 0.3369781952662722 0.2778137823920266 0.32151424556213015 0.2877354102990033 0.36780864201183433
0 0.20291539867109634 0.061721165680473374 0.1736580930232558 0.00539878698224852 0.1526218388704319 0.004744801775147928 0.1642919202657807 0.02612748520710059 0.20291539867109634 0.061721165680473374
0 0.20162055647840532 0.06769879881656804 0.1682335880398671 0.03592941420118343 0.1917026445182724 0.07616045857988166 0.23488321760797343 0.12248819822485206 0.20162055647840532 0.06769879881656804
0 0.24833702325581394 0.13248544378698224 0.21949873089700997 0.11369700591715977 0.24113580398671097 0.16575769822485206 0.28139978903654483 0.19705128106508876 0.24833702325581394 0.13248544378698224
0 0.3867284651162791 0.36528015384615387 0.33612144518272424 0.34123319230769233 0.3775988754152824 0.41353694378698225 0.41674037043189366 0.4357963136094674 0.3867284651162791 0.36528015384615387
0 0.42976040863787374 0.5145490532544378 0.4728139219269103 0.528672047337278 0.43442563455149497 0.4410086952662722 0.39954890199335547 0.4328227307692308 0.42976040863787374 0.5145490532544378
0 0.48820509136212625 0.5967010236686391 0.5124335332225913 0.6030685236686391 0.4834442541528239 0.5225124940828402 0.45184459468438537 0.5239222928994083 0.48820509136212625 0.5967010236686391
0 0.5867257375415282 0.7962683047337278 0.6220568521594685 0.7944091893491124 0.5887874667774087 0.7214464822485207 0.5472230398671096 0.7184504911242603 0.5867257375415282 0.7962683047337278
0 0.7238124468438538 1 0.7396069318936878 0.9818607100591716 0.6906074867109634 0.8909061449704142 0.6520509352159469 0.9028616242603551 0.700354061461794 1 0.7238124468438538 1
0 0.8245350099667774 1 0.7930383720930233 0.9533146124260355 0.780441 0.9709895946745561 0.7980683986710964 1 0.8245350099667774 1
0 0.7571044086378738 0.8894010917159764 0.7379497209302325 0.8902827692307692 0.7790375033222591 0.9653883579881657 0.7973317076411961 0.9561952337278106 0.7571044086378738 0.8894010917159764
0 0.715971926910299 0.8171508284023669 0.6943932043189368 0.815406352071006 0.7336618322259136 0.8875945414201184 0.7540610863787376 0.8826149201183432 0.715971926910299 0.8171508284023669
0 0.6819226877076412 0.7541641331360946 0.6706391411960133 0.7572092899408284 0.7004222176079734 0.8183739289940828 0.7161439335548173 0.8142693668639054 0.6819226877076412 0.7541641331360946
0 0.6034323554817276 0.619276473372781 0.5816552491694352 0.6111572810650887 0.6131277209302326 0.6792192633136095 0.634647584717608 0.6791352958579882 0.6034323554817276 0.619276473372781
0 0.5715215365448505 0.5582552071005917 0.5452973853820597 0.5453122633136094 0.5791080764119602 0.6003714763313609 0.5989362774086379 0.6095533550295857 0.5715215365448505 0.5582552071005917
0 0.8381661295681063 1 0.840678657807309 0.9905293846153845 0.805975196013289 0.9300520976331361 0.7947065265780731 0.9427713431952663 0.8266172358803987 1 0.8381661295681063 1
0 0.7753044700996677 0.8766747840236686 0.7597261013289037 0.8816483491124261 0.7947325664451828 0.9436507248520709 0.8081410232558139 0.928297798816568 0.7753044700996677 0.8766747840236686
0 0.7421045066445183 0.8131824674556214 0.7201202541528239 0.8231589644970414 0.7570755863787375 0.8840987307692308 0.7739666478405316 0.8776812573964498 0.7421045066445183 0.8131824674556214
0 0.7109754401993355 0.752555050295858 0.6876081943521595 0.7534299437869822 0.7188204850498339 0.8126982307692308 0.7368551328903654 0.8114653727810651 0.7109754401993355 0.752555050295858
0 0.675235634551495 0.6952399023668638 0.6559022209302325 0.6942074378698224 0.6844896112956811 0.7484287396449705 0.7042133903654485 0.7457162899408284 0.675235634551495 0.6952399023668638
0 0.63663769269103 0.6249585502958579 0.6159840780730896 0.625165674556213 0.6491713372093023 0.6842507573964497 0.6618268488372093 0.6852806213017751 0.63663769269103 0.6249585502958579
0 0.6053818704318937 0.5727386035502958 0.5817052458471761 0.5626548816568047 0.6097989551495017 0.6169219674556212 0.6292371146179402 0.6212903106508876 0.6053818704318937 0.5727386035502958
0 0.8868394102990034 1 0.8606322259136212 0.9569300207100592 0.8505792906976744 0.9821153372781066 0.8601430033222592 1 0.8868394102990034 1
0 0.832690196013289 0.9121199970414201 0.8133383172757475 0.9282562633136094 0.8499036661129568 0.9843825207100592 0.8621685980066445 0.9638450118343195 0.832690196013289 0.9121199970414201
0 0.8098172425249169 0.8712478106508876 0.7899222375415282 0.8731140769230769 0.8148716046511628 0.929877476331361 0.8344648870431894 0.9143913964497042 0.8098172425249169 0.8712478106508876
0 0.7160497724252491 0.7145879556213018 0.6951949152823921 0.7170137662721894 0.7161156229235881 0.7547520147928994 0.7482092757475083 0.7601501213017752 0.7160497724252491 0.7145879556213018
0 0.6893426511627907 0.6696626627218935 0.6603966594684385 0.66204625147929 0.6898671594684386 0.704281600591716 0.7077199667774087 0.7052699289940828 0.6893426511627907 0.6696626627218935
0 0.6549671943521594 0.6166311538461539 0.6333425166112957 0.6094460976331361 0.6571219485049834 0.6517688195266272 0.6757284102990033 0.6531281449704143 0.6549671943521594 0.6166311538461539
0 0.632029523255814 0.5735595088757396 0.6036895714285715 0.5526783698224852 0.6255460431893687 0.5969430621301774 0.6470892707641196 0.6055248786982248 0.632029523255814 0.5735595088757396
0 0.49003845182724254 0.39824321301775145 0.4345607508305648 0.3501360650887574 0.4641099102990033 0.4117632603550296 0.4991923920265781 0.42614265384615385 0.49003845182724254 0.39824321301775145
0 0.6885040348837209 0.8689431065088757 0.7081662724252492 0.8675030976331362 0.6915165431893687 0.8201657071005917 0.6808620531561462 0.8198319852071005 0.6885040348837209 0.8689431065088757
0 0.5960112192691029 0.7046993609467456 0.6160246528239203 0.7029722455621302 0.5988936395348837 0.6515252514792899 0.5868873189368771 0.63897199704142 0.5960112192691029 0.7046993609467456