1 0 0.22754508231707318 0.04985089383561644 0.3038417896341463 0.11431842808219178 0.1881412256097561 0.06351898972602739 0.09030291768292684 0 0.19048443902439025 0 0.22754508231707318
1 0.20257862671232876 0.3128328536585366 0.14667005650684933 0.24328819207317076 0.09786973630136986 0.35988756097560975 0.16056644691780822 0.4568526768292683 0.20257862671232876 0.3128328536585366
1 0.18849474143835615 0.49196701524390246 0.2516660787671233 0.5879797896341463 0.28847538869863015 0.4318747804878049 0.25143020719178083 0.3619853079268293 0.20774214726027398 0.3790685518292683 0.18849474143835615 0.49196701524390246
1 0.3361423116438356 0.5035560823170732 0.28542451369863014 0.5475116219512195 0.28855683732876714 0.6483739115853658 0.3464906095890411 0.7339995792682926 0.3734081352739726 0.6507603963414634 0.37469866438356164 0.5671954298780487 0.3361423116438356 0.5035560823170732
1 0.47125488356164386 0.9388850609756098 0.5509477123287672 0.9289629969512195 0.5556572585616438 0.907850506097561 0.5407968150684931 0.794129649390244 0.5067678373287672 0.7624472957317073 0.4527994863013699 0.7969510975609757 0.4597296369863013 0.9261534207317074 0.47125488356164386 0.9388850609756098
1 0.6161550530821918 0.902772713414634 0.5827017654109589 0.8615471920731707 0.5462534948630137 0.8800868567073171 0.5478238424657534 0.9293519329268292 0.6171348082191781 0.9207224512195121 0.6161550530821918 0.902772713414634
1 0.18045550171232877 0.20216572560975607 0.1572072123287671 0.22942578048780488 0.16307367808219178 0.24785971341463414 0.15814368835616438 0.2572245304878049 0.18194785958904108 0.2965146067073171 0.19771659075342465 0.2919131981707317 0.21509841609589042 0.24621921036585365 0.19975256849315068 0.20776353963414632 0.18045550171232877 0.20216572560975607
1 0.3113784434931507 0.41826114024390243 0.2854960051369863 0.4674264329268292 0.2837983339041096 0.5171304268292682 0.2980808373287671 0.5407044725609756 0.3177162123287671 0.5118566158536585 0.3527397226027397 0.5171587286585366 0.3557544674657534 0.45650211280487807 0.3343307123287671 0.4211410487804878 0.3113784434931507 0.41826114024390243
1 0.4856624828767123 0.7759345213414633 0.5160520256849316 0.760461493902439 0.5239121797945205 0.6990514786585366 0.501551948630137 0.6358916585365854 0.4884173664383562 0.6185878231707317 0.47626154965753426 0.6247770335365853 0.44306870719178076 0.6793781402439024 0.439328926369863 0.6907074603658536 0.4511464366438356 0.7189639115853659 0.4460472928082192 0.7455515640243902 0.4508081267123288 0.7534095792682928 0.46534436130136986 0.751149375 0.4856624828767123 0.7759345213414633
1 0.5553227756849315 0.7027657865853659 0.5251869657534246 0.6924045640243902 0.5150732585616438 0.7369684512195122 0.5159251592465753 0.773378618902439 0.5421097482876712 0.8165977012195121 0.5525256061643836 0.8644181920731706 0.5840207773972602 0.8595210823170731 0.5951132499999999 0.838450243902439 0.594345926369863 0.7934286585365853 0.5553227756849315 0.7027657865853659
1 0.7033676797945205 0.7764771310975609 0.6891697551369863 0.7442916676829269 0.6677037123287671 0.7132363109756097 0.6520195565068493 0.7092263018292683 0.6187421369863014 0.7724388201219513 0.6361300924657535 0.8492691676829269 0.6659698835616439 0.8897703445121952 0.703881272260274 0.8473329634146342 0.7137835359589041 0.824297618902439 0.701796875 0.813264 0.7033676797945205 0.7764771310975609
1 0.48037579623287674 0.4521720091463415 0.4671566352739726 0.44347959451219515 0.45771954452054797 0.41915214634146336 0.44084518150684926 0.4131776341463415 0.4113075410958904 0.4650608323170732 0.41670883390410957 0.5308575548780488 0.4512248818493151 0.5878281646341463 0.49193957191780824 0.5062627103658537 0.49342580136986297 0.47808725609756103 0.48037579623287674 0.4521720091463415
1 0.30640003424657536 0.3094073323170732 0.3072942243150685 0.3415117957317073 0.341810272260274 0.3984824024390244 0.3690520719178082 0.3340587804878049 0.36688309760273974 0.3086012347560976 0.3490299691780822 0.2791336768292683 0.3273524845890411 0.26960685975609755 0.30640003424657536 0.3094073323170732
1 0.20935268493150685 0.09234382012195122 0.18585066267123287 0.14543811890243902 0.22397962500000002 0.2039965335365854 0.23753709246575344 0.17824328353658536 0.24646059075342466 0.1317148963414634 0.23349516267123288 0.09718823170731707 0.22274099657534244 0.0838134024390244 0.20935268493150685 0.09234382012195122
1 0.1507787328767123 0.02191738414634146 0.1285937859589041 0.06405906402439024 0.1655325410958904 0.1206529725609756 0.18397770890410958 0.08984061280487805 0.1927743390410959 0.0562293506097561 0.17861870376712327 0.01973817987804878 0.17024495376712329 0.010292365853658537 0.1507787328767123 0.02191738414634146
1 0.08336248458904111 0 0.10466275171232876 0.037686112804878054 0.1290764520547945 0 0.08336248458904111 0
1 0.36646021232876713 0.35165831402439024 0.4022933339041096 0.3976763048780488 0.42804890753424657 0.36142813719512196 0.41414700000000004 0.29910271951219514 0.3938288784246575 0.27431757012195124 0.3654814452054794 0.32816527134146345 0.36646021232876713 0.35165831402439024
1 0.5555642448630137 0.43188287499999994 0.515145573630137 0.48330836890243906 0.5052855976027397 0.5020380030487804 0.5038416575342466 0.52590775 0.5179127191780822 0.5710103353658537 0.554851470890411 0.6276042439024391 0.5695991472602739 0.6038154969512195 0.5897419863013699 0.5232991463414635 0.5769879982876712 0.46724393902439026 0.5555642448630137 0.43188287499999994
0 0.4363058852739726 0.7423342957317073 0.3742590565068493 0.6574115365853659 0.3602220821917808 0.793289375 0.4471449948630137 0.9076303079268293 0.4363058852739726 0.7423342957317073
0 0.07498266780821917 0.10620353048780488 0.12938583561643835 0.20871807317073174 0.15356928082191781 0.16278011890243904 0.09508179623287671 0.07278722865853658 0.07498266780821917 0.10620353048780488
0 0.2725799075342466 0.40373055487804876 0.27749652910958905 0.349840006097561 0.22805342123287672 0.3041973079268293 0.21852842808219178 0.35585275609756095 0.2725799075342466 0.40373055487804876
0 0.4183292089041096 0.6983538170731708 0.42237071746575344 0.5985020213414634 0.38509832534246574 0.5474975030487805 0.3771442191780822 0.6383252042682926 0.4183292089041096 0.6983538170731708
0 0.6020380958904109 0.8498800823170732 0.6182784606164383 0.9205800609756098 0.6439573065068493 0.9173829481707317 0.6373280410958904 0.8738062804878048 0.6020380958904109 0.8498800823170732
0 0.5765300205479452 0.7050905731707318 0.5908198133561644 0.773193594512195 0.6341533150684932 0.8383583079268292 0.6184164160958905 0.7496258902439025 0.5765300205479452 0.7050905731707318
0 0.5788695188356164 0.7359802317073171 0.5728772037671234 0.6736231951219512 0.5207666078767124 0.616293725609756 0.530488852739726 0.6926926981707316 0.5788695188356164 0.7359802317073171
0 0.5242699126712329 0.6538100640243902 0.5239484092465753 0.5960434207317074 0.4762889571917809 0.5548141554878049 0.48084571575342466 0.5980349664634147 0.5242699126712329 0.6538100640243902
0 0.40826770890410957 0.5080248597560976 0.4050380205479452 0.43273906097560977 0.36161861643835613 0.3826213780487805 0.3618144092465753 0.4472500609756098 0.40826770890410957 0.5080248597560976
0 0.2977799400684931 0.3435716493902439 0.3033106113013699 0.27161599999999997 0.2489135462328767 0.1954296493902439 0.22959939897260273 0.2564741707317073 0.2977799400684931 0.3435716493902439
0 0.1755033801369863 0 0.2100290154109589 0.05930849085365854 0.2278254931506849 0.03279085365853659 0.20775356335616438 0 0.1755033801369863 0
0 0.22787540582191781 0.029855195121951218 0.21438427910958904 0.056371884146341464 0.25373474828767123 0.11948099695121953 0.2635094897260274 0.09399212804878049 0.22787540582191781 0.029855195121951218
0 0.26168801198630137 0.08658518292682928 0.25702658047945204 0.12123255182926829 0.30196742123287673 0.18528470731707317 0.30178822260273974 0.1502645487804878 0.26168801198630137 0.08658518292682928
0 0.30582476883561643 0.15483298475609755 0.30367736986301375 0.19270938414634145 0.3468645 0.2538670121951219 0.34507835445205476 0.21480856707317075 0.30582476883561643 0.15483298475609755
0 0.34673960445205476 0.2140810335365854 0.3449302328767123 0.24331074085365856 0.3813968613013699 0.28877344512195124 0.3827529178082192 0.267780881097561 0.34673960445205476 0.2140810335365854
0 0.42787203424657533 0.34311529268292684 0.4285979794520548 0.38232934451219514 0.4691167636986301 0.4298781006097561 0.4636345633561644 0.3913746036585366 0.42787203424657533 0.34311529268292684
0 0.4694229503424658 0.39816730487804874 0.47544995719178085 0.43296779878048786 0.5085284691780821 0.48664508536585366 0.5000948082191781 0.44073395121951214 0.4694229503424658 0.39816730487804874
0 0.2120979160958904 0 0.22766864041095888 0.02491160975609756 0.2408214023972603 0.005880432926829268 0.2367580325342466 0 0.2120979160958904 0
0 0.2402594332191781 0.012556908536585367 0.22688199657534247 0.02729521341463415 0.26955061815068493 0.08943777134146341 0.27650540239726024 0.06708171036585367 0.2402594332191781 0.012556908536585367
0 0.2774426267123288 0.06288412804878048 0.269040801369863 0.08951674085365854 0.30618021232876713 0.14437428963414634 0.30849761643835616 0.1152808018292683 0.2774426267123288 0.06288412804878048
0 0.3079633441780822 0.11786253963414633 0.304857625 0.14955486890243902 0.34145226883561647 0.20811534146341462 0.3464342089041096 0.16663333536585367 0.3079633441780822 0.11786253963414633
0 0.34761678938356166 0.17594911280487804 0.3475524537671233 0.20897941463414635 0.3829731489726027 0.257318256097561 0.38263840410958905 0.21462520121951217 0.34761678938356166 0.17594911280487804
0 0.386839227739726 0.22596035670731707 0.3859794811643835 0.262280375 0.4183851147260274 0.306563006097561 0.41709180993150685 0.27149241768292687 0.386839227739726 0.22596035670731707
0 0.4233376404109589 0.29448713719512193 0.4243890907534247 0.3173932012195122 0.4597748493150685 0.36935610975609756 0.45915135102739724 0.331702375 0.4233376404109589 0.29448713719512193
0 0.4615404452054795 0.3446564573170732 0.46476792465753425 0.3794383445121951 0.4971822825342465 0.42281507317073175 0.49049488527397256 0.3811336768292683 0.4615404452054795 0.3446564573170732
0 0.24644680993150686 0 0.277279602739726 0.05341042987804878 0.28592081506849315 0.01583829573170732 0.27531056678082194 0 0.24644680993150686 0
0 0.284542529109589 0.012931899390243902 0.2762862534246575 0.05085033231707317 0.3100320102739726 0.08814029268292682 0.31039592465753424 0.05162999695121952 0.284542529109589 0.012931899390243902
0 0.37690319178082193 0.14788938414634145 0.3811820650684931 0.20557731402439025 0.4037733630136986 0.2382631707317073 0.4044265308219178 0.19992391158536582 0.37690319178082193 0.14788938414634145
0 0.4101184811643836 0.21375860975609756 0.4113329571917808 0.246138375 0.4368343578767123 0.2937526524390244 0.43138508390410957 0.2421175731707317 0.4101184811643836 0.21375860975609756
0 0.44144326198630135 0.26454141158536587 0.44289955136986303 0.2982407530487805 0.4682466797945205 0.33547525 0.4633105325342466 0.29711514939024386 0.44144326198630135 0.26454141158536587
0 0.4700210393835616 0.309869618902439 0.47576253082191783 0.3478805701219512 0.502164227739726 0.3813329329268293 0.4890607517123287 0.3327085853658537 0.4700210393835616 0.309869618902439
0 0.5791488099315069 0.5535029603658537 0.5887325359589041 0.6153445243902439 0.6254584195205479 0.6603146219512195 0.5956230924657534 0.5661679786585366 0.5791488099315069 0.5535029603658537
0 0.3447904880136986 0.27915239329268293 0.34421389554794524 0.25979145731707315 0.31622149315068493 0.23626571646341463 0.3160958664383562 0.2722907134146341 0.3447904880136986 0.27915239329268293
0 0.45283265924657534 0.42434523780487804 0.4451362311643836 0.40427820731707315 0.4147483630136986 0.3804664634146342 0.41446923287671233 0.41717249695121955 0.45283265924657534 0.42434523780487804