1 0.4870686523341523 0.9044640482456141 0.5941428796068796 0.8326140701754385 0.5205433108108108 0.758900403508772 0.42975343611793615 0.8514979364035087 0.43970300122850126 0.8659378399122807 0.4782904754299754 0.906018899122807 0.4870686523341523 0.9044640482456141
1 0.6164334668304668 0.6092094583333333 0.5667597113022113 0.6451817390350878 0.5458600061425061 0.7509859868421053 0.6141137407862408 0.819213028508772 0.7277002063882064 0.742993149122807 0.7110232002457002 0.6909127390350878 0.6164334668304668 0.6092094583333333
1 0.7856279557739558 0.6074163508771929 0.7360453722358723 0.5694196293859649 0.6588847248157248 0.6299952434210526 0.7602228513513514 0.7211694890350878 0.7950333783783783 0.6978105964912281 0.837452613022113 0.642148826754386 0.7856279557739558 0.6074163508771929
1 0.9617087604422604 0.5550670964912281 0.9622042162162162 0.5455931513157894 0.8895337186732187 0.4875408267543859 0.848212042997543 0.4862337807017544 0.7868144496314496 0.543270701754386 0.7832860945945945 0.5894647478070175 0.8886496412776413 0.6245113969298246 0.9617087604422604 0.5550670964912281
1 0.8613113476658477 0.4710685021929824 0.9638660233415234 0.5138165657894737 0.9695080835380835 0.40593075657894734 0.9338788882063882 0.3944346337719298 0.8613113476658477 0.4710685021929824
1 0 0.9187609407894737 0.007870576167076166 0.9893427916666666 0.049611146191646194 0.9819494254385964 0.048576676904176906 0.9013930175438596 0.01738150122850123 0.9020893201754386 0 0.9121644342105263 0 0.9187609407894737
1 0.13408215601965603 0.9385312061403509 0.124429042997543 0.8332672543859649 0.06793204176904176 0.8641395657894737 0.07341799631449632 0.9777325964912281 0.08287065356265355 0.9760582807017544 0.13408215601965603 0.9385312061403509
1 0.21119872113022115 0.7658732083333333 0.16195285135135135 0.8103567653508772 0.17910129484029486 0.8980334583333334 0.24076242383292384 0.8533772324561404 0.21119872113022115 0.7658732083333333
1 0.26548942383292384 0.8312592675438597 0.3270453894348894 0.7858003640350878 0.29099505405405407 0.7008894539473685 0.25028962530712534 0.7238047346491228 0.23603280221130218 0.7782439890350877 0.26548942383292384 0.8312592675438597
0 0.3485932506142506 0.7152819276315789 0.31806315724815726 0.7438129166666667 0.3608673230958231 0.7804505438596491 0.41996332063882064 0.7294829627192982 0.4156217800982801 0.7134166228070175 0.38787246314496315 0.6889244122807018 0.3485932506142506 0.7152819276315789
1 0.5296595601965601 0.5134629956140351 0.5032966191646192 0.5434712697368421 0.4902299348894349 0.6144127368421053 0.5372303562653563 0.6421205065789475 0.5986564901719902 0.5806651008771929 0.5750489631449631 0.5278779320175438 0.5296595601965601 0.5134629956140351
1 0.5613168636363636 0.5309335635964912 0.6148701756756757 0.5671457149122807 0.6620223132678132 0.5179081688596491 0.6339933611793612 0.476886375 0.6010923734643735 0.4576108377192983 0.5717570184275185 0.4843345131578947 0.5613168636363636 0.5309335635964912
1 0.664952355036855 0.3954687697368421 0.6392609975429976 0.41050713157894736 0.6292618046683047 0.4260220855263158 0.6258690945945946 0.4657207894736842 0.6567425135135134 0.5088415021929824 0.6647734176904176 0.49904992763157896 0.6750881007371007 0.5097388662280702 0.715378730958231 0.4699380899122807 0.7209897420147421 0.43050891447368417 0.6857229864864864 0.39473885745614035 0.664952355036855 0.3954687697368421
1 0.8265333771498772 0.3134587149122807 0.7897715687960688 0.3227178771929825 0.7598446228501228 0.35820884210526316 0.7601601130221131 0.3844127346491228 0.7697190307125307 0.4000114144736842 0.7960955221130221 0.3911172061403509 0.8124728194103195 0.3977379539473684 0.8561236388206388 0.36844696052631576 0.862485264127764 0.35537292324561404 0.8563355380835381 0.335285274122807 0.8265333771498772 0.3134587149122807
1 0.9300545687960688 0.24839552631578948 0.9333931265356266 0.25496045394736844 0.9689424103194103 0.2465149298245614 0.9775441412776412 0.2522676381578947 0.9804117272727273 0.19743450657894737 0.9784036658476658 0.17942657894736844 0.9550443120393121 0.19200327412280702 0.9416359275184275 0.2120071951754386 0.924660608108108 0.2233981359649123 0.923236187960688 0.25737346052631577 0.9300545687960688 0.24839552631578948
1 0.0046171523341523345 0.9134174407894736 0.043189503685503686 0.8853329495614034 0.05297679852579853 0.9029796820175439 0.054999240786240786 0.8509926710526315 0.04150374447174447 0.84684075 0.014828243243243243 0.8647408004385965 0.006726706388206389 0.8855862697368421 0.0046171523341523345 0.9134174407894736
1 0.1742667493857494 0.7401424429824561 0.16351178992628995 0.7605671381578948 0.15566520147420146 0.7861275570175439 0.15458726044226043 0.8035217850877193 0.1581514656019656 0.8182640679824562 0.1719452972972973 0.8011352960526316 0.19619575307125306 0.784862524122807 0.20187224324324324 0.7656443311403509 0.19435224815724816 0.7332683793859649 0.1742667493857494 0.7401424429824561
1 0.2968892960687961 0.671066879385965 0.30168523464373465 0.7140759561403508 0.3177635221130221 0.7297025460526316 0.332313796068796 0.7199388815789474 0.36866676904176904 0.6834607214912282 0.3494139004914005 0.6512304144736842 0.3302254324324324 0.6310869473684211 0.30840002334152333 0.6457324429824562 0.2968892960687961 0.671066879385965
1 0.49818455896805897 0.5712125921052631 0.5068841167076167 0.5323554342105263 0.4896639398034398 0.5064885899122807 0.45798060073710073 0.51454125 0.44608375184275184 0.5247256864035088 0.4426039287469288 0.5402685504385965 0.44588833415233414 0.5930971096491229 0.44801436977886977 0.6004756754385965 0.4630213992628993 0.5948081118421054 0.4696985135135135 0.6079379671052632 0.4745486044226044 0.6046834144736842 0.480453472972973 0.587513274122807 0.49818455896805897 0.5712125921052631
1 0.49579252457002454 0.5038855942982456 0.4985974901719902 0.5281664210526316 0.5380127211302211 0.5193280307017544 0.5590117321867322 0.5206461710526316 0.5718056130221131 0.48344420175438596 0.5697502113022114 0.46501173903508775 0.5541286805896806 0.45348125219298246 0.5054700233415234 0.47292485526315786 0.49579252457002454 0.5038855942982456
1 0.6244658660933661 0.3830130065789474 0.6247107248157248 0.42027079605263157 0.6560079398034397 0.39706813815789477 0.684282085995086 0.3935044451754386 0.7097450651105651 0.37641803289473685 0.6941235343980344 0.3648875438596491 0.6869896621621621 0.3476615877192982 0.6463619090909091 0.3573136162280702 0.6244658660933661 0.3830130065789474
1 0.8424209570024569 0.24556388377192984 0.8487284287469288 0.2787534780701754 0.9230078108108107 0.2553254100877193 0.9266288980343981 0.21767475657894736 0.9151016928746929 0.20779945833333333 0.9035038525798526 0.20897805263157895 0.8958425921375921 0.19870988596491226 0.8594669090909091 0.22311904605263158 0.8424209570024569 0.24556388377192984
1 0.7403406658476658 0.3118614824561403 0.6919103857493858 0.33335313815789475 0.6925248869778869 0.35055118640350874 0.7211851584766584 0.36213749122807015 0.7248392076167077 0.3949063114035088 0.7306028108108108 0.39984396052631577 0.7427986719901719 0.38065367982456144 0.7587898452088453 0.37212442763157894 0.7671903918918919 0.3422731140350877 0.7643792223587224 0.32875039692982455 0.7403406658476658 0.3118614824561403
1 0.5982847936117937 0.3235357938596491 0.5808527186732187 0.33083063377192984 0.5604682088452089 0.3467105416666667 0.5519099164619164 0.3634599100877193 0.5580761240786241 0.4187572916666667 0.5921138746928747 0.42013125 0.6195451425061426 0.39732145614035086 0.6225517285012285 0.3424727565789474 0.6192838046683047 0.32485393201754387 0.6100403783783784 0.3354591447368421 0.5982847936117937 0.3235357938596491
1 0.38595204054054055 0.4880303574561404 0.3769369926289926 0.5006836206140352 0.3643550085995086 0.5047239057017544 0.3545841941031941 0.5222869100877193 0.3586243648648649 0.5702057280701753 0.37886942014742014 0.5720414627192982 0.4189548206388206 0.5428275679824561 0.40960447542997547 0.4897692697368421 0.40073069164619163 0.4803147434210527 0.38595204054054055 0.4880303574561404
1 0.2576859631449631 0.6467435855263158 0.26898479238329237 0.6545708333333333 0.3041479520884521 0.6309753114035087 0.2948009336609337 0.5822149451754387 0.28517138452088453 0.5776701600877193 0.26698354176904177 0.5898747390350878 0.25380353685503687 0.6119267127192983 0.2576859631449631 0.6467435855263158
1 0.1395273832923833 0.6974145942982456 0.14674836855036855 0.7387963925438598 0.18410819656019656 0.7115255438596492 0.1815960393120393 0.6889969780701753 0.16991108722358722 0.6660197324561403 0.1522506339066339 0.6712665219298245 0.14277882923832924 0.6798236820175438 0.1395273832923833 0.6974145942982456
1 0.08875917321867322 0.7446893662280701 0.0928699778869779 0.7815542894736842 0.1290172837837838 0.755097076754386 0.12703251228501228 0.7256107214912281 0.11967026412776413 0.7063367127192982 0.10079728746928747 0.7123971381578947 0.09375052825552825 0.7193270219298246 0.08875917321867322 0.7446893662280701
1 0.07294222358722359 0.801530302631579 0.07064196314496314 0.7458400526315789 0.06366583783783783 0.7417160394736841 0.03797448034398034 0.7567544013157895 0.02934555651105651 0.7845576622807017 0.03391311793611793 0.8255186885964912 0.07294222358722359 0.801530302631579
1 0.2995803918918919 0.5900142872807017 0.3316333734643735 0.5619018881578948 0.3311601375921376 0.522596048245614 0.30364175675675675 0.5212499978070175 0.28591067076167076 0.5375506820175439 0.2911633648648649 0.5846558618421053 0.2995803918918919 0.5900142872807017
1 0.413578726044226 0.39684914473684213 0.412469796068796 0.4570283596491228 0.4142968206388207 0.47341276973684215 0.4217297027027027 0.4816328837719298 0.44348448034398036 0.47804128289473685 0.47963178624078623 0.4515840701754386 0.4783321511056511 0.4282418684210526 0.46026909336609334 0.3831289210526316 0.4354041363636364 0.38220364692982456 0.413578726044226 0.39684914473684213
1 0.290508097051597 0.9307321600877193 0.2944269373464373 0.9385860285087719 0.4408646425061425 0.9126480109649122 0.3980071904176904 0.8397430833333334 0.290508097051597 0.9307321600877193
0 0.46413651965601965 0.6181407763157895 0.4068578992628992 0.6653750175438596 0.4464994643734644 0.7187900504385965 0.5251723759213759 0.6513429890350877 0.46413651965601965 0.6181407763157895
0 0.7399260503685504 0.40039758333333336 0.7169836707616708 0.4283619342105263 0.7502591265356265 0.4709323245614035 0.8176288624078624 0.4161311096491228 0.7399260503685504 0.40039758333333336
0 0.08255862653562653 0.8541941907894737 0.14229554176904177 0.8205079122807017 0.13781442014742015 0.7803220635964913 0.0804498022113022 0.8221076184210526 0.08255862653562653 0.8541941907894737
0 0.27415449385749385 0.7112301271929825 0.2581336523341523 0.6907857763157894 0.2199616240786241 0.7344945986842105 0.23310939557739557 0.759569125 0.27415449385749385 0.7112301271929825
0 0.4409698206388206 0.6264875197368421 0.4089592862407862 0.5943764956140352 0.357753 0.6349500438596491 0.38990362039312043 0.6725661688596491 0.4409698206388206 0.6264875197368421
0 0.628769226044226 0.43247989035087714 0.6009855982800982 0.4255278201754386 0.5766744852579853 0.45910843640350874 0.6124372665847666 0.46023636842105264 0.628769226044226 0.43247989035087714
0 0.7648314594594595 0.2785218728070175 0.798350452088452 0.25192367324561404 0.8005716670761671 0.24691376535087717 0.7748647432432433 0.2500862105263158 0.7326128157248156 0.28557631798245614 0.7648314594594595 0.2785218728070175
0 0.6991577383292384 0.3132782083333333 0.7365946756756757 0.30082811842105267 0.7602056781326781 0.2835502302631579 0.732138042997543 0.2903475964912281 0.6991577383292384 0.3132782083333333
0 0.6534822395577395 0.34390873245614034 0.6858091302211303 0.3406133859649123 0.7108230872235872 0.3142299057017544 0.6884556031941033 0.3140586425438597 0.6534822395577395 0.34390873245614034
0 0.5158611928746929 0.44825453070175436 0.5455171081081082 0.450750822368421 0.5875061388206388 0.4193754605263158 0.5501894791154791 0.41284285087719297 0.5158611928746929 0.44825453070175436
0 0.5274113402948403 0.4541018070175439 0.50351235995086 0.4437431074561404 0.46015243734643735 0.48726864254385965 0.4905256928746929 0.49725006578947367 0.5274113402948403 0.4541018070175439
0 0.4744841977886978 0.4936168201754386 0.4547447076167076 0.47806741666666663 0.4188881375921376 0.5209617543859649 0.4356380909090909 0.527682375 0.4744841977886978 0.4936168201754386
0 0.37180076044226046 0.5855032368421054 0.3447848157248157 0.5684376535087718 0.30785965847665847 0.6040564385964912 0.3298687616707617 0.6216395197368422 0.37180076044226046 0.5855032368421054
0 0.2653168058968059 0.6659690021929825 0.243450886977887 0.6398484956140351 0.19264615233415233 0.680781552631579 0.20448553808353806 0.7195864385964912 0.2653168058968059 0.6659690021929825
0 0 0.8574971885964912 0.024071511056511057 0.8438490723684211 0.029045221130221132 0.8077170482456141 0 0.8246213969298245 0 0.8574971885964912
0 0 0.7677125197368421 0.0009068488943488943 0.7672313925438596 0.007470616707616708 0.7424513903508773 0 0.7473564714912281 0 0.7677125197368421
0 0.04626486486486486 0.7164192982456141 0.007884970515970516 0.7412471622807018 0.004732642506142507 0.7680541622807018 0.03856910687960688 0.7433482302631579 0.04626486486486486 0.7164192982456141
0 0.08802573955773955 0.6874703311403508 0.04959780835380836 0.7118673925438597 0.046093486486486486 0.7391412324561404 0.08730214373464373 0.7129623201754386 0.08802573955773955 0.6874703311403508
0 0.08797770515970516 0.6870395635964912 0.08586687223587224 0.7148515065789474 0.12863364004914005 0.6875430679824561 0.1278077334152334 0.659978399122807 0.08797770515970516 0.6870395635964912
0 0.12683499508599508 0.6591127697368422 0.12963652702702702 0.681776149122807 0.16910036855036853 0.6543685570175439 0.16494178624078626 0.636218927631579 0.12683499508599508 0.6591127697368422
0 0.16159370147420146 0.6362517214912281 0.1712052113022113 0.6511038508771929 0.21355460196560197 0.6175922412280702 0.201595042997543 0.6081477697368421 0.16159370147420146 0.6362517214912281
0 0.20499703931203933 0.6048113947368421 0.21685751597051597 0.6176912916666667 0.2574203402948403 0.5853785548245614 0.24335365847665846 0.5766507653508771 0.20499703931203933 0.6048113947368421
0 0.243869343980344 0.5745592280701755 0.2529523759213759 0.5846720679824561 0.2851077788697789 0.5556855197368421 0.27861037714987713 0.548358149122807 0.243869343980344 0.5745592280701755
0 0.3248680405405405 0.5177519890350877 0.33850091646191643 0.5277295350877192 0.37322356142506147 0.49470492543859645 0.3576487813267813 0.4903374605263158 0.3248680405405405 0.5177519890350877
0 0.36260916093366097 0.485619677631579 0.3771780835380836 0.48834673245614035 0.4105645331695332 0.4654802938596491 0.39112282555282557 0.46243175219298244 0.36260916093366097 0.485619677631579
0 0 0.7416712324561404 0.008680665847665848 0.7360824210526317 0.01508831203931204 0.7197426798245613 0 0.7269020833333334 0 0.7416712324561404
0 0.020940464373464373 0.7107217609649122 0.014709993857493858 0.7311104144736842 0.04761906388206388 0.7113428596491228 0.0507007027027027 0.6943408179824562 0.020940464373464373 0.7107217609649122
0 0.053831504914004916 0.6858724210526317 0.04950171867321867 0.7110056864035088 0.0868457027027027 0.6891883552631578 0.08723376044226044 0.6651917390350877 0.053831504914004916 0.6858724210526317
0 0.08913370024570025 0.6654252236842105 0.08866230343980344 0.6833385548245614 0.12506344963144964 0.657986125 0.12464538574938575 0.6377702719298245 0.08913370024570025 0.6654252236842105
0 0.1266518402948403 0.6402494407894738 0.12551083292383292 0.6595383201754387 0.1661697334152334 0.6280871864035088 0.1617794385749386 0.6140108026315789 0.1266518402948403 0.6402494407894738
0 0.16078594226044227 0.611787423245614 0.16596253562653562 0.628689298245614 0.2016130343980344 0.6015252763157894 0.19280936363636364 0.5908716469298246 0.16078594226044227 0.611787423245614
0 0.19343977149877148 0.5921911381578947 0.20276305896805896 0.6044581666666666 0.23941940663390662 0.5789344868421052 0.227636984029484 0.5618344780701755 0.19343977149877148 0.5921911381578947
0 0.2313392371007371 0.5630548859649123 0.24251215479115482 0.5722283552631579 0.275162984029484 0.5452248728070176 0.2605297235872236 0.5338434912280702 0.2313392371007371 0.5630548859649123
0 0.2663020909090909 0.5321844210526315 0.2782256805896806 0.5431697127192983 0.3081170515970516 0.5184809078947368 0.29562906756756757 0.5102907916666667 0.2663020909090909 0.5321844210526315
0 0.3062944127764128 0.5095161228070175 0.3145457211302211 0.5146300833333334 0.3484096437346438 0.4886648399122807 0.3353529742014742 0.47900055701754385 0.3062944127764128 0.5095161228070175
0 0.3408429152334152 0.4798499188596491 0.3541206781326781 0.48575871271929827 0.38370881203931206 0.4608103881578947 0.3665030982800983 0.45693932236842105 0.3408429152334152 0.4798499188596491
0 0.005104432432432432 0.6917110372807017 0.00010506019656019656 0.7182198684210527 0.021640072481572483 0.7046953157894738 0.027551864864864866 0.6774341666666667 0.005104432432432432 0.6917110372807017
0 0.03428120761670762 0.6753741074561403 0.030029480343980345 0.6962872960526315 0.05550398157248158 0.6787301513157895 0.05754585012285013 0.6573073157894738 0.03428120761670762 0.6753741074561403
0 0.06238600737100737 0.6518841469298245 0.06398946560196561 0.6711837368421052 0.08940091400491401 0.6555211600877192 0.08833537837837839 0.6320123135964912 0.06238600737100737 0.6518841469298245
0 0.09385679361179361 0.626598620614035 0.09276688083538084 0.6537256403508771 0.12219584398034397 0.6298101293859649 0.12127981449631449 0.6075884627192982 0.09385679361179361 0.626598620614035
0 0.11880581572481572 0.6117093815789474 0.12213282309582309 0.6317048179824561 0.15749805528255528 0.6093628859649123 0.14872111916461916 0.5891745350877193 0.11880581572481572 0.6117093815789474
0 0.14710282923832924 0.5899427719298246 0.15617388206388205 0.6097883355263158 0.18430869533169533 0.5816474320175439 0.1720930085995086 0.5711741491228071 0.14710282923832924 0.5899427719298246
0 0.2352636461916462 0.5219857127192983 0.25679268304668307 0.5330085285087719 0.27824662407862405 0.5162968947368421 0.2655433845208845 0.5049904407894737 0.2352636461916462 0.5219857127192983
0 0.27284784520884525 0.5023225899122807 0.28438704054054054 0.5098610899122807 0.31223964987714986 0.49394967543859647 0.29222632063882065 0.48592682236842105 0.27284784520884525 0.5023225899122807
0 0.3044477321867322 0.48065505701754385 0.3165454520884521 0.4882818399122807 0.3408068882063882 0.4696862938596491 0.3255313525798526 0.4647367390350877 0.3044477321867322 0.48065505701754385
0 0.33293691523341523 0.46061178728070173 0.34846364864864865 0.4645483837719298 0.3719263427518427 0.4437103377192983 0.34942121253071257 0.44523019736842107 0.33293691523341523 0.46061178728070173
0 0.4656511572481573 0.40350924561403506 0.4910235982800983 0.40963761622807016 0.5231309164619165 0.3802202302631579 0.4775074852579853 0.3882449846491228 0.4656511572481573 0.40350924561403506
0 0.265044171990172 0.594705942982456 0.2582131547911548 0.5900281403508773 0.23738708108108106 0.6154118815789473 0.24954753808353808 0.6254801995614035 0.265044171990172 0.594705942982456
0 0.36387343488943485 0.5117176820175439 0.35353527886977887 0.5149502675438596 0.331512800982801 0.542982100877193 0.3438337862407862 0.5534127938596491 0.36387343488943485 0.5117176820175439
0 0 0.8081486447368421 0.02997806511056511 0.7906937763157894 0.03278488574938575 0.759775201754386 0 0.77897925 0 0.8081486447368421
0 0.044531167076167076 0.7518322960526316 0.0800164828009828 0.732081451754386 0.0773745945945946 0.7155803815789474 0.0436990601965602 0.7365294780701754 0.044531167076167076 0.7518322960526316