1 0.5977982966321244 0.9459063686635945 0.6842720984455959 0.9118588179723502 0.6109817810880829 0.8231863087557604 0.51922803626943 0.8938809516129032 0.5308360582901555 0.9123557442396314 0.5609223160621762 0.9497268456221197 0.5977982966321244 0.9459063686635945
1 0.7046127396373058 0.6931789447004608 0.6534838458549223 0.7161909032258064 0.6376981243523316 0.8225699078341013 0.7048839559585492 0.9037432603686636 0.8275095116580311 0.8554615852534563 0.811459408031088 0.8095469493087557 0.7046127396373058 0.6931789447004608
1 0.8863884637305699 0.7435564608294931 0.8306860725388602 0.6877101451612904 0.7515617966321243 0.7284661958525346 0.8551577253886011 0.8445755852534562 0.9260533743523316 0.816661658986175 0.9442949974093263 0.7966144354838709 0.8863884637305699 0.7435564608294931
1 1 0.6576036728110599 0.9905194261658031 0.6478238778801843 0.9460148821243524 0.6336594078341014 0.8836128626943005 0.6755131082949308 0.8827371619170984 0.7236876820276497 0.9928365038860104 0.7903669677419355 1 0.7875464654377881 1 0.6576036728110599
1 0.10435516191709844 0.9382380829493088 0.11992085362694302 0.9310731474654377 0.11260312435233161 0.8292897626728111 0.08502436139896373 0.8219624377880185 0.10435516191709844 0.9382380829493088
1 0.19403408290155438 0.7799437511520737 0.13524791321243523 0.7954079539170507 0.1489031981865285 0.923733960829493 0.21105940025906736 0.8951889331797235 0.19403408290155438 0.7799437511520737
1 0.27886777331606216 0.7350192258064515 0.22873639637305698 0.7672405299539171 0.252708689119171 0.8660457027649769 0.31617592227979274 0.8374772073732718 0.27886777331606216 0.7350192258064515
1 0.3413613018134715 0.8215307649769585 0.4046647888601036 0.792073732718894 0.36054708808290153 0.6903765483870968 0.31823479015544043 0.7022351566820276 0.30634640284974096 0.7558874285714285 0.3413613018134715 0.8215307649769585
1 0.4080208639896373 0.6678436658986175 0.4034347901554404 0.7397456843317972 0.44328474740932644 0.7765954285714286 0.5004127266839378 0.7486133202764977 0.4799606683937824 0.6865696290322582 0.4485825466321243 0.6518732096774194 0.4080208639896373 0.6678436658986175
1 0.6052814158031088 0.56424966359447 0.578835664507772 0.5881053732718894 0.5692689093264248 0.6597247350230415 0.621545603626943 0.7038000668202765 0.6836992577720208 0.6572429631336406 0.6549867124352332 0.5936505691244239 0.6052814158031088 0.56424966359447
1 0.6404172862694301 0.5926654124423963 0.7002756230569949 0.6478356751152073 0.7478559378238342 0.609897271889401 0.7151332720207254 0.5574859677419355 0.6785464119170985 0.5267608894009217 0.6486977914507772 0.5461950138248848 0.6404172862694301 0.5926654124423963
1 0.7432731580310881 0.48022365898617514 0.7166039546632125 0.48832181566820276 0.7068343795336788 0.5017779308755761 0.7056942888601035 0.5430672741935484 0.7416073950777201 0.5985961221198156 0.7496224624352331 0.590635569124424 0.7613861049222798 0.6052228778801843 0.810346 0.578738633640553 0.8057279287564767 0.5349117096774193 0.7655560906735752 0.4858644216589862 0.7432731580310881 0.48022365898617514
1 0.9117980829015545 0.4426984631336406 0.8728628406735751 0.4412118824884793 0.8429319391191711 0.4698133087557604 0.8449260077720206 0.49785673271889397 0.8561872538860102 0.5174466082949309 0.8839810310880829 0.5161128110599078 0.9020052318652849 0.5282351313364055 0.9470812538860104 0.5104872373271889 0.9530944935233161 0.49851010829493086 0.9452147240932643 0.47518645622119815 0.9117980829015545 0.4426984631336406
1 0.11743358937823835 0.8323417741935484 0.11632453367875646 0.7775237142857143 0.1015542707253886 0.7689249723502304 0.07776414766839378 0.7782919170506912 0.08471072927461139 0.8200759170506912 0.10579748445595855 0.8104971105990784 0.11743358937823835 0.8323417741935484
1 0.22726783678756476 0.7146226866359447 0.22788225518134717 0.7504164654377881 0.23739675259067358 0.7514750576036866 0.23889618264248705 0.7604942004608295 0.2639384170984456 0.7506342580645161 0.2688270841968912 0.7318927718894009 0.2586981696891192 0.6950404055299539 0.23753980829015545 0.696164 0.22726783678756476 0.7146226866359447
1 0.3650001256476684 0.6603930023041475 0.3728721360103627 0.7077435046082949 0.3911436567357513 0.7293779677419354 0.4061689961139896 0.7234620023041475 0.4034252124352331 0.690909004608295 0.4202128199481865 0.6554706244239631 0.39831250388601036 0.6280577995391705 0.3757744935233161 0.6369317465437788 0.3650001256476684 0.6603930023041475
1 0.5750920556994819 0.6161110437788019 0.5819903082901554 0.5773592834101382 0.5618445 0.5444508894009217 0.528292560880829 0.5432471059907834 0.5161463018134715 0.5504318617511521 0.5133870012953368 0.5659325668202765 0.5202542189119171 0.623288207373272 0.5230057603626943 0.6318143525345622 0.5387808160621761 0.6304079585253457 0.5467881243523316 0.6464742580645161 0.5517965699481865 0.6445022695852534 0.5570600958549222 0.628015569124424 0.5750920556994819 0.6161110437788019
1 0.5765027396373057 0.5122532880184332 0.5598426722797927 0.5404343156682028 0.5726033497409326 0.56904333640553 0.5868712163212435 0.5826446474654378 0.6144176735751296 0.5717987096774193 0.6370754650259067 0.5796942580645161 0.6484797668393782 0.5439730806451613 0.6451060492227979 0.5236800069124423 0.6275842435233161 0.5065551152073733 0.5765027396373057 0.5122532880184332
1 0.6989623691709844 0.4544274285714286 0.7015786139896373 0.49423777880184333 0.7337586619170984 0.47916506912442397 0.7639291217616581 0.4841026313364055 0.7902234676165802 0.47374969124423966 0.7727016619170984 0.45662480184331794 0.7639446386010362 0.43604893087557606 0.7208782046632124 0.43378655529953913 0.6989623691709844 0.4544274285714286
1 1 0.3573235806451613 0.9879450958549223 0.35505979953917055 0.9790605336787566 0.34174128341013826 0.941497182642487 0.35653119815668205 0.9245897953367875 0.3752000829493088 0.9334665984455959 0.41254544930875575 1 0.4108226221198157 1 0.3573235806451613
1 0.8190375544041452 0.41435705760368663 0.7683309106217617 0.42231001612903224 0.7700776593264249 0.440841301843318 0.8016200129533678 0.4620553640552995 0.8076177344559586 0.4981319377880184 0.8141256113989637 0.5051790921658986 0.8260245531088083 0.48848219585253455 0.8426768626943006 0.48432801843317974 0.849822432642487 0.4550883986175115 0.8459463186528497 0.4397978940092166 0.8190375544041452 0.41435705760368663
1 0.667060676165803 0.38290488018433183 0.648781396373057 0.38529726728110597 0.6278703562176166 0.39593300460829495 0.6197277512953367 0.41115091244239627 0.6298489067357513 0.47203013133640553 0.6665272448186529 0.48401484792626726 0.6945760984455959 0.46816634331797236 0.6943442979274612 0.41060050230414746 0.6897184676165804 0.39080042626728106 0.6804512888601036 0.3992539746543779 0.667060676165803 0.38290488018433183
1 0.44918548056994817 0.49271323271889406 0.44029316062176166 0.5034215691244239 0.4270223277202073 0.5038419677419355 0.417627610103627 0.5195528709677419 0.42499722409326424 0.5719059447004609 0.45240838341968914 0.5923442119815668 0.4887196230569948 0.578047292626728 0.4747223523316062 0.5018775714285714 0.46458567875647666 0.48905205299539173 0.44918548056994817 0.49271323271889406
1 0.3213192720207254 0.6223368456221199 0.3339601696891192 0.6341763709677419 0.3702714080310881 0.6198794539170508 0.3571436321243523 0.564988797235023 0.3465045621761658 0.5571658502304148 0.3277228873056995 0.5645608064516129 0.3149466917098446 0.5840054861751152 0.3213192720207254 0.6223368456221199
1 0.1974955103626943 0.6398593594470046 0.20787174481865286 0.6862238686635945 0.24631234974093263 0.6686861705069124 0.2421889158031088 0.6438835276497695 0.22817612694300518 0.6157675046082949 0.20952199093264248 0.6159051082949308 0.19987995336787565 0.622103870967742 0.1974955103626943 0.6398593594470046
1 0.14590385233160622 0.6745869516129033 0.1526512901554404 0.7151730967741936 0.18983978367875645 0.6981283986175115 0.1858438886010363 0.6660683986175115 0.17671200777202073 0.6432377419354839 0.15680575906735753 0.6438683410138248 0.1496679468911917 0.6490811105990784 0.14590385233160622 0.6745869516129033
1 0.13248996373056995 0.730318405529954 0.1265 0.6702149838709678 0.11874001165803108 0.6636608248847926 0.09207080829015545 0.6717589792626729 0.08455037953367875 0.6987438110599079 0.09204753238341969 0.743839529953917 0.13248996373056995 0.730318405529954
1 0.3627742551813472 0.5747837373271889 0.3954566994818653 0.5547084562211981 0.3924655971502591 0.5126433179723502 0.36279753108808294 0.5027031843317973 0.3447655712435233 0.5146077142857143 0.35338729792746115 0.5664677903225807 0.3627742551813472 0.5747837373271889
1 0.4731264183937824 0.40400838248847926 0.4757349041450777 0.4678455829493088 0.47873376554404146 0.48588387096774194 0.48724347020725384 0.4969476013824885 0.5104036567357513 0.49984057834101386 0.5475921502590673 0.48279587788018435 0.544720829015544 0.4575002373271889 0.5224534119170984 0.4038057764976959 0.4956644287564767 0.3951344331797235 0.4731264183937824 0.40400838248847926
0 0.382971585492228 0.9539766612903225 0.389679432642487 0.9674681935483871 0.5258468432642487 0.9533607857142857 0.4970031761658031 0.9063351520737326 0.382971585492228 0.9539766612903225
0 0.5414531774611399 0.6556364032258064 0.4828600829015544 0.6883087188940091 0.5288493367875647 0.7575260576036866 0.6091653717616581 0.7099091198156682 0.5414531774611399 0.6556364032258064
0 0.8241833277202073 0.5086508824884792 0.8012856943005181 0.5313839170506912 0.839746304404145 0.5870682096774194 0.9087097474093264 0.5494445460829493 0.8241833277202073 0.5086508824884792
0 0.14615386139896372 0.7894553479262673 0.2082453160621762 0.771991396313364 0.2008900453367876 0.7277491059907835 0.1418603873056995 0.7545839285714285 0.14615386139896372 0.7894553479262673
0 0.34309606347150257 0.6962000668202765 0.3245820336787565 0.6694453133640553 0.2863064313471502 0.7042627626728111 0.30202424611398965 0.7350675783410139 0.34309606347150257 0.6962000668202765
0 0.5170754443005182 0.6573783317972349 0.48063522409326426 0.6132396658986174 0.44544126683937824 0.6328702718894009 0.47678512305699483 0.6776065967741935 0.5170754443005182 0.6573783317972349
0 0.7067126852331606 0.5085128202764977 0.6764054261658031 0.492512004608295 0.6523910595854923 0.5208116635944701 0.6909083160621762 0.5330671221198157 0.7067126852331606 0.5085128202764977
0 0.8078116243523317 0.3814137557603687 0.8587407150259067 0.390168069124424 0.8945755116580311 0.35772720276497694 0.8568535556994819 0.3573168271889401 0.8078116243523317 0.3814137557603687
0 0.7768984766839379 0.3996958271889401 0.8204541670984457 0.4078615529953917 0.8507292797927462 0.391576599078341 0.810905073834197 0.38543340783410135 0.7768984766839379 0.3996958271889401
0 0.7276861787564767 0.42169106451612903 0.7622304041450777 0.4281673225806451 0.7874548834196891 0.40776047926267284 0.7633983730569948 0.4006651198156682 0.7276861787564767 0.42169106451612903
0 0.5863295336787565 0.4904417465437788 0.6183681541450777 0.502269198156682 0.6615260647668394 0.4817847857142857 0.6209970090673576 0.46328511751152074 0.5863295336787565 0.4904417465437788
0 0.5991155608808291 0.5002473433179724 0.5727692616580311 0.4818139815668203 0.5289049468911917 0.5148326313364056 0.5621874507772021 0.5348645184331797 0.5991155608808291 0.5002473433179724
0 0.5447129222797927 0.5260320875576037 0.5225103769430052 0.5033484447004608 0.486672518134715 0.5380128571428572 0.5051036437823835 0.5503568617511521 0.5447129222797927 0.5260320875576037
0 0.4401283445595855 0.5922926152073733 0.41000764637305703 0.5657431935483871 0.3725615388601036 0.592318129032258 0.3973324196891192 0.6178720760368663 0.4401283445595855 0.5922926152073733
0 0.3307368290155441 0.6451986889400921 0.30558069430051815 0.6105840023041474 0.2535492616580311 0.638536995391705 0.2687276670984456 0.683580603686636 0.3307368290155441 0.6451986889400921
0 0.058744356217616575 0.6459216082949308 0.05793869300518135 0.6590408917050692 0.06011582253886011 0.6721364331797236 0.09186338212435233 0.6576453341013825 0.09843584715025908 0.6313045622119815 0.058744356217616575 0.6459216082949308
0 0.14150172538860104 0.6133373387096774 0.10173138212435233 0.6274800967741936 0.09968661528497409 0.6554840829493088 0.1423337836787565 0.640300400921659 0.14150172538860104 0.6133373387096774
0 0.14142288082901555 0.6128630875576037 0.14091013730569948 0.6418716059907834 0.18516098316062177 0.6259648456221198 0.18253226554404145 0.5963124331797235 0.14142288082901555 0.6128630875576037
0 0.18143187305699482 0.595088633640553 0.18587490544041452 0.6201244861751152 0.2265687512953368 0.6030912096774194 0.22095191580310883 0.5824497788018433 0.18143187305699482 0.595088633640553
0 0.2173546994818653 0.5814500207373272 0.228625335492228 0.6002599723502304 0.2720357305699482 0.5776086589861751 0.25858239119170984 0.5638402027649769 0.2173546994818653 0.5814500207373272
0 0.2620289287564767 0.5613334170506913 0.2755927137305699 0.578735069124424 0.31715821113989634 0.5568101935483871 0.3014849183937824 0.5431548502304148 0.2620289287564767 0.5613334170506913
0 0.3019072059585492 0.5410836405529954 0.3123104041450777 0.5546759055299539 0.3450477435233161 0.5337000161290323 0.33760009067357516 0.5238774930875576 0.3019072059585492 0.5410836405529954
0 0.3853954844559585 0.5055326451612904 0.40068135233160623 0.5203867580645161 0.4359235297927461 0.49589776958525345 0.41890436528497405 0.4864265460829493 0.3853954844559585 0.5055326451612904
0 0.4239389650259068 0.48292813824884795 0.4397732059585492 0.4903390391705069 0.47422047409326423 0.47627057603686634 0.45312754533678756 0.46701088018433184 0.4239389650259068 0.48292813824884795
0 0.055133990932642485 0.6421704884792627 0.05927357124352332 0.6406594262672811 0.0651300414507772 0.6252137188940092 0.05270432901554404 0.6275559516129032 0.055133990932642485 0.6421704884792627
0 0.07085155829015544 0.6174017096774194 0.06544126683937823 0.6372202580645161 0.09957104922279791 0.6263091566820277 0.10181013730569947 0.6091292096774193 0.07085155829015544 0.6174017096774194
0 0.10464101683937824 0.6010654170506913 0.10157366321243523 0.6265314101382488 0.14034165155440415 0.6148048847926266 0.13924331865284972 0.5893329078341013 0.10464101683937824 0.6010654170506913
0 0.14130055440414507 0.5901690921658985 0.1419251049222798 0.6091276129032258 0.17945625906735752 0.5933395921658986 0.1777300958549223 0.5716505898617511 0.14130055440414507 0.5901690921658985
0 0.180043664507772 0.574914668202765 0.18003523575129532 0.5951332396313364 0.2217584352331606 0.5741569423963133 0.21614974611398963 0.5577879331797235 0.180043664507772 0.574914668202765
0 0.2149412914507772 0.5551097004608295 0.22157371761658032 0.5747350437788019 0.2581834909326425 0.5567830069124424 0.2480464611398964 0.5427003387096774 0.2149412914507772 0.5551097004608295
0 0.2488075 0.5443023778801843 0.25960502590673573 0.5602662903225807 0.29739971373056995 0.544374504608295 0.2836533173575129 0.5224963156682028 0.2488075 0.5443023778801843
0 0.287710420984456 0.5249420437788018 0.3003009792746114 0.5381783732718894 0.3336961619170984 0.5194704930875577 0.3172461917098446 0.5028100483870968 0.287710420984456 0.5249420437788018
0 0.3233468756476684 0.5028246428571429 0.33685885621761663 0.518225237327189 0.36743372279792746 0.501133103686636 0.3534915310880829 0.48853907834101384 0.3233468756476684 0.5028246428571429
0 0.3649081619170984 0.4910090529953917 0.3741015284974093 0.4990130668202765 0.4088663886010363 0.48178735944700457 0.39421974611398963 0.4674454124423963 0.3649081619170984 0.4910090529953917
0 0.40017523316062176 0.47004791244239635 0.4148223795336788 0.48045303686635943 0.4450548678756477 0.4629904124423963 0.42631375388601034 0.4535445460829493 0.40017523316062176 0.47004791244239635
0 0.05262674222797928 0.5922330023041475 0.04999363860103627 0.6112510322580644 0.05114650906735751 0.6181855921658986 0.07122305440414507 0.6111908387096774 0.07585672668393782 0.5839444239631336 0.05262674222797928 0.5922330023041475
0 0.08296086010362694 0.5838271267281107 0.07971090284974093 0.6048166175115207 0.1059879067357513 0.5939652096774193 0.10683001554404147 0.571749232718894 0.08296086010362694 0.5838271267281107
0 0.11169082642487047 0.5674613917050692 0.11463345466321244 0.5885395668202765 0.14096232512953366 0.5796891935483871 0.13833214378238343 0.5542881774193549 0.11169082642487047 0.5674613917050692
0 0.14392592227979273 0.5502209861751152 0.14446744300518133 0.578814564516129 0.17459404533678757 0.5624042235023041 0.17220587823834196 0.5384221658986175 0.14392592227979273 0.5502209861751152
0 0.16980651554404147 0.5420524470046083 0.17464595466321242 0.5644053963133641 0.21125359715025904 0.5515078548387097 0.20054314378238344 0.5272648617511521 0.16980651554404147 0.5420524470046083
0 0.19885195207253886 0.527584034562212 0.20985694170984456 0.5515523525345621 0.2383254404145078 0.5302357534562212 0.22453178367875648 0.5152909331797235 0.19885195207253886 0.527584034562212
0 0.2893355505181347 0.4823554423963134 0.31317603367875646 0.5007646405529954 0.33518421632124357 0.4895723940092166 0.32081380829015543 0.4735883341013825 0.2893355505181347 0.4823554423963134
0 0.32849782642487046 0.4730005806451613 0.3413788898963731 0.4846064423963134 0.3703163652849741 0.47624513594470047 0.3482947746113989 0.46150377419354843 0.32849782642487046 0.4730005806451613
0 0.36110020725388603 0.4596585875576037 0.37458727461139896 0.47153121889400923 0.3994946178756477 0.4591974815668203 0.3827603873056995 0.4491979470046083 0.36110020725388603 0.4596585875576037
0 0.3904610699481865 0.44708747465437787 0.4074013717616581 0.45608433410138244 0.43130842098445593 0.4411121658986175 0.4072107409326425 0.43577781797235027 0.3904610699481865 0.44708747465437787
0 0.5295264054404145 0.4272043133640553 0.5571895518134715 0.4415814930875576 0.5898479909326425 0.42013126036866355 0.5413082862694301 0.4145895069124424 0.5295264054404145 0.4272043133640553
0 0.325943121761658 0.5691138202764977 0.31830415414507773 0.5620139032258065 0.2975186321243523 0.5826488179723502 0.3112273406735751 0.5971446820276498 0.325943121761658 0.5691138202764977
0 0.42694631476683936 0.5111518571428572 0.41603665155440417 0.5114043202764977 0.39413220077720207 0.5344936244239632 0.4080363665803109 0.5494255668202764 0.42694631476683936 0.5111518571428572
0 0.06660911917098446 0.711193905529954 0.08561787046632124 0.70548332718894 0.08668262046632123 0.6733767465437788 0.06159052331606218 0.6810068248847926 0.06660911917098446 0.711193905529954
0 0.09880857901554405 0.6685360069124424 0.13570895595854923 0.6584389216589862 0.13182672538860102 0.6400243824884793 0.09694759196891192 0.6519586958525345 0.09880857901554405 0.6685360069124424