1 0.48037234440559445 0.8094151093749999 0.433969979020979 0.9253379875000001 0.6062203146853147 0.8947866343750001 0.6429285506993007 0.8167813625000001 0.48037234440559445 0.8094151093749999
1 0.5463864423076923 0.5285405062499999 0.4945471923076923 0.625218325 0.5112143776223776 0.772378934375 0.6754613374125874 0.779614303125 0.770906458041958 0.58049025 0.7088422604895105 0.520846434375 0.5463864423076923 0.5285405062499999
1 0.8056311188811189 0.502074390625 0.8589434842657343 0.3250392375 0.7741930437062937 0.34103639375 0.6910861853146852 0.350743134375 0.6125555472027973 0.506435075 0.8056311188811189 0.502074390625
1 0.8073117465034965 0.13013857499999998 0.7485739353146853 0.264401903125 0.7634111311188811 0.32251969062499997 0.920621444055944 0.248225203125 0.995193493006993 0.07413159687500001 0.8636885454545454 0.08639455625 0.8073117465034965 0.13013857499999998
1 0.8564345402097903 0 0.8185720087412587 0.09797424375 1 0.025984049999999998 1 0 0.8564345402097903 0
1 0.2860173269230769 0.9515797562499999 0.3273462412587413 0.8715569500000001 0.28316130944055945 0.8260347156250001 0.23528037062937066 0.8276772749999999 0.19340298426573427 0.9016732281250001 0.20627946853146853 0.965722540625 0.2860173269230769 0.9515797562499999
1 0.38852954195804196 0.511177540625 0.36565025524475525 0.57530778125 0.37810421678321676 0.67294141875 0.4533563933566434 0.6539805125 0.5102576573426574 0.5144967281249999 0.45596419230769225 0.47837048437499996 0.38852954195804196 0.511177540625
1 0.4387100174825175 0.497006321875 0.526423666083916 0.480852728125 0.5692269458041957 0.371358940625 0.5139534615384616 0.35389513125 0.4613268828671329 0.36730934375 0.4330382062937063 0.43083914375 0.4387100174825175 0.497006321875
1 0.5212246713286713 0.22435218437499999 0.49289974300699296 0.27016545625 0.48597586888111893 0.299343446875 0.4982398356643356 0.34968429687499997 0.5582466905594407 0.36649625 0.5649404440559441 0.346196740625 0.5834108601398601 0.34744759687500004 0.6315869265734265 0.249614284375 0.611796722027972 0.20410018124999998 0.5489742937062938 0.20073512187500003 0.5212246713286713 0.22435218437499999
1 0.6608828339160839 0 0.6589711188811189 0.002138446875 0.6336038898601398 0.07661303124999999 0.6451504300699301 0.10704187812499999 0.6646834527972028 0.1148870125 0.6965413776223777 0.07553885 0.7214754265734266 0.06536868125 0.7584702814685315 0 0.6608828339160839 0
1 0.15389962062937063 0.975012946875 0.2077724055944056 0.9654577468750001 0.1956538041958042 0.9351749874999999 0.20349816258741257 0.870483065625 0.16902772202797203 0.8678521874999999 0.14575864335664335 0.9089678781250001 0.14095997902097904 0.951334425 0.15389962062937063 0.975012946875
1 0.3705170804195804 0.613489575 0.3657793548951049 0.5583219749999999 0.331539034965035 0.5468126125 0.2921548723776224 0.590987521875 0.280405270979021 0.615984609375 0.2823003618881119 0.63805165 0.3091565664335664 0.6964959687500001 0.31515995804195807 0.7028319093750001 0.3330280104895105 0.6797315187499999 0.3476202447552448 0.6878349906250001 0.35279115384615384 0.678698171875 0.3534815157342657 0.6520627218749999 0.3705170804195804 0.613489575
1 0.3379756048951049 0.488844134375 0.32789097552447555 0.5447867468750001 0.3521346625874126 0.561252025 0.37319053321678325 0.55793446875 0.4016305192307692 0.50768195625 0.43055780944055944 0.486219928125 0.43205359440559443 0.4285097875 0.42145459790209794 0.4091144625 0.3954579423076923 0.41269035625 0.3379756048951049 0.488844134375
1 0.46124487937062936 0.254087684375 0.4773870244755245 0.29757591875 0.50982025 0.23603155 0.5465039003496504 0.200864290625 0.5736511608391609 0.15289598124999998 0.5476545052447552 0.15647187499999998 0.5307069353146853 0.14405833125 0.4799183548951049 0.19991260625 0.46124487937062936 0.254087684375
1 0.5875869073426574 0.04355330625 0.5312822377622377 0.121862121875 0.5394108409090909 0.14138661875 0.5830454265734265 0.123588821875 0.6018880874125875 0.15806940625000002 0.6117696590909091 0.157552728125 0.6201013199300699 0.12165129062499999 0.6380844335664335 0.094111659375 0.636764645104895 0.0498484125 0.6272282534965035 0.0370473625 0.5875869073426574 0.04355330625
1 0.40063566083916086 0.21292448749999998 0.3801821555944056 0.240593284375 0.3593834685314685 0.28157980625 0.354929986013986 0.310628634375 0.38672697552447555 0.36881461249999997 0.4332921975524476 0.33313068125 0.4606695769230769 0.276283890625 0.44145467307692304 0.20857358124999997 0.42956294930069927 0.191462459375 0.4215764702797203 0.21404617187500002 0.40063566083916086 0.21292448749999998
1 0.18359970804195802 0.63877915625 0.17679089335664336 0.66351790625 0.16150829545454545 0.682049884375 0.15576208566433566 0.7133829125 0.18155568356643356 0.76523295625 0.22013442307692307 0.7521327375 0.2576234965034965 0.6858907875 0.21629011713286714 0.61490375625 0.2002900944055944 0.61352373125 0.18359970804195802 0.63877915625
1 0.09626278671328671 0.9625379437499999 0.13375186013986012 0.8962959937500001 0.10043202447552448 0.849272703125 0.08549460664335665 0.85448695625 0.0661037062937063 0.888750034375 0.05906477097902098 0.922367265625 0.08232368006993007 0.964929234375 0.09626278671328671 0.9625379437499999
1 0.11019853496503497 0.8531952687500001 0.1415691555944056 0.78505661875 0.12424934265734265 0.739413353125 0.08650308741258741 0.76798633125 0.06946751923076923 0.8065594812500001 0.0965538444055944 0.856125315625 0.11019853496503497 0.8531952687500001
1 0.18222579370629371 0.50142100625 0.20626642307692306 0.573312221875 0.2156877534965035 0.5905525125 0.22921738461538463 0.59206170625 0.25708206818181817 0.5640054 0.2946861993006993 0.493324209375 0.28302459965034965 0.467334603125 0.2394780104895105 0.43414570937499997 0.20549487412587414 0.460305315625 0.18222579370629371 0.50142100625
0 0.34443629895104894 0.705912109375 0.2871028356643357 0.82414945625 0.3633233951048951 0.843443459375 0.44098088636363636 0.678024415625 0.34443629895104894 0.705912109375
0 0.6245995192307692 0.14798679374999998 0.6054737272727272 0.205968446875 0.6684919877622377 0.219502 0.7362464493006993 0.08132025937500001 0.6245995192307692 0.14798679374999998
0 0.31668220104895106 0.74110011875 0.25981146503496505 0.73846425625 0.22537607167832166 0.80949060625 0.2765214335664336 0.81975873125 0.31668220104895106 0.74110011875
0 0.4880509842657343 0.307467421875 0.4475673339160839 0.329747190625 0.42897591433566434 0.39582455 0.47776709965034964 0.35796144375 0.4880509842657343 0.307467421875
0 0.5896701870629371 0 0.5686177220279721 0.0204264625 0.5337953356643357 0.08349561562499999 0.5870952972027972 0.033952403125 0.6038615996503497 0 0.5896701870629371 0
0 0.48384859265734265 0.17636730625000002 0.5261210384615385 0.137074328125 0.5487162430069931 0.07867931875 0.5184269667832169 0.1029878 0.48384859265734265 0.17636730625000002
0 0.3422161083916084 0.4497148125 0.3833381311188811 0.4201504625 0.42674679195804194 0.337292078125 0.37356282517482514 0.37051048125 0.3422161083916084 0.4497148125
0 0.3603008409090909 0.44392570625000005 0.32361932517482517 0.45794795937500005 0.2835149632867133 0.5565780124999999 0.32878257167832164 0.535018359375 0.3603008409090909 0.44392570625000005
0 0.30556999125874124 0.54832916875 0.27230478146853143 0.551697475 0.24206895104895104 0.6413642875 0.26754881293706295 0.630903065625 0.30556999125874124 0.54832916875
0 0.2058478041958042 0.7687604593749999 0.16210928321678322 0.77832144375 0.12734230069930072 0.860614578125 0.16453661363636363 0.8571477 0.2058478041958042 0.7687604593749999
0 0.045309125874125875 0.89719551875 0.07607889685314685 0.8287373062500001 0.06419188111888112 0.8272515 0.03634141258741259 0.8807853124999999 0.045309125874125875 0.89719551875
0 0.11369354020979022 0.7406190500000001 0.1363446555944056 0.7373984499999999 0.1692371381118881 0.660565434375 0.1463434632867133 0.672502540625 0.11369354020979022 0.7406190500000001
0 0.15104240034965036 0.661526415625 0.17188109265734267 0.64876495625 0.20727938286713285 0.585326128125 0.17972153671328672 0.60304948125 0.15104240034965036 0.661526415625
0 0.03422708741258741 0.876916259375 0.05820505244755245 0.82734924375 0.033606743006993005 0.830017334375 0.022918835664335665 0.85622305625 0.03422708741258741 0.876916259375
0 0.04070065559440559 0.8217436906250001 0.06147033391608392 0.8215795968749999 0.09137369755244755 0.759830340625 0.07102777622377622 0.763895609375 0.04070065559440559 0.8217436906250001
0 0.08510701048951048 0.75129905 0.09842408741258742 0.7482634906250001 0.13315233916083916 0.68066214375 0.11141257517482517 0.683619259375 0.08510701048951048 0.75129905
0 0.11918947377622377 0.678601053125 0.13963417482517484 0.670991125 0.16901775524475524 0.609269359375 0.1441314895104895 0.623576578125 0.11918947377622377 0.678601053125
0 0.010861692307692308 0.83415943125 0.012931594405594406 0.8379471875 0.028203975524475528 0.8331316687499999 0.050094409090909085 0.789996496875 0.028135195804195805 0.790637721875 0.010653993006993006 0.8182084375 0.010861692307692308 0.83415943125
0 0.03687073251748252 0.77950051875 0.05565838636363637 0.775709628125 0.08653248076923076 0.7265027875000001 0.05609143531468532 0.739010540625 0.03687073251748252 0.77950051875
0 0.07036431818181818 0.7194273812499999 0.0899439562937063 0.7151281625 0.1148275909090909 0.6667041 0.0920911451048951 0.67762968125 0.07036431818181818 0.7194273812499999
0 0.1003449020979021 0.6646704406249999 0.12299081818181817 0.6522799499999999 0.14584375524475526 0.6020974812500001 0.11608620454545454 0.628542890625 0.1003449020979021 0.6646704406249999
0 0.25539767482517484 0.452183403125 0.29227445804195806 0.43157836875 0.32316467307692304 0.36184756875 0.26493677097902096 0.42126484062499997 0.25539767482517484 0.452183403125
0 0.061143064685314684 0.926170378125 0.06553403146853147 0.896549028125 0.05432075 0.89854051875 0.05120525524475524 0.9079849687499999 0.061143064685314684 0.926170378125
0 0.16382573076923077 0.690791259375 0.15123158566433567 0.7059159312500001 0.13337714335664336 0.7629688406249999 0.1544483111888112 0.7617179593750001 0.16382573076923077 0.690791259375