1 0.4271032663690476 1 0.4321476011904762 0.9947539627659574 0.3735311026785714 0.9064084707446809 0.3272002708333333 0.9450264255319148 0.3203116041666667 1 0.4271032663690476 1
0 0.4469143511904762 0.9062988085106383 0.41406109523809526 0.9484770664893618 0.4729318660714285 0.9786135186170213 0.5372365476190476 0.9019314095744682 0.5292011785714286 0.8844887260638299 0.4909123377976191 0.8640890611702128 0.4469143511904762 0.9062988085106383
1 0.6363085193452381 0.6181663031914894 0.6088373169642857 0.6608445026595745 0.6045925416666666 0.7473076968085106 0.6671417767857143 0.7658129654255319 0.7325649255952381 0.6762316223404256 0.6946507470238095 0.6216596063829787 0.6363085193452381 0.6181663031914894
1 0.678239537202381 0.6292419946808511 0.7502852589285715 0.6557336648936171 0.8001607976190477 0.5845659494680852 0.7587646071428571 0.5449939840425533 0.7149993288690476 0.5321801595744681 0.6833162604166667 0.5719031781914894 0.678239537202381 0.6292419946808511
1 0.7833069151785714 0.4410859255319149 0.7541612247023809 0.46612990691489364 0.7444324895833333 0.48713171542553196 0.7468869360119048 0.5343680877659575 0.7921391488095237 0.5755516010638297 0.8003989866071428 0.5617932313829787 0.8148962202380953 0.5712221888297873 0.85789365625 0.5130569574468085 0.8582178482142857 0.46548464361702124 0.8087803630952382 0.434150539893617 0.7833069151785714 0.4410859255319149
1 0.9441860208333334 0.3975961382978724 0.9654741964285715 0.4005101595744681 0.9809411711309524 0.3856718191489362 0.9851540848214286 0.305016875 0.9687144330357143 0.2982194973404255 0.9249608005952381 0.31977497872340427 0.894014087797619 0.36988375 0.8987825863095238 0.4003145132978724 0.9131691130952381 0.41568392021276596 0.9441860208333334 0.3975961382978724
1 0.27124395089285713 1 0.2598509494047619 0.9724379441489361 0.23624872172619046 0.9863295265957446 0.23125619940476191 1 0.27124395089285713 1
1 0.3758099702380952 0.8699432845744681 0.3889085029761905 0.9186366675531915 0.41133344791666665 0.9321286063829787 0.4276317053571429 0.9164927712765958 0.4663321488095238 0.8633514468085106 0.4372200476190476 0.8314489840425532 0.4102075074404762 0.8136068191489361 0.3857601205357143 0.8370605744680851 0.3758099702380952 0.8699432845744681
1 0.6071744657738095 0.6946562234042554 0.6114002529761905 0.646845369680851 0.5858566086309525 0.6217597686170213 0.5481594672619048 0.6404220345744681 0.5352013258928571 0.6557706276595745 0.5335110119047619 0.6748949707446809 0.5463881279761905 0.735469255319149 0.5502412738095238 0.7434411994680851 0.5677870104166667 0.7324428271276596 0.5782096815476191 0.7457807420212766 0.5836424330357143 0.740568795212766 0.5880491235119047 0.7188384840425532 0.6071744657738095 0.6946562234042554
1 0.592973738095238 0.6169322260638298 0.6004885729166667 0.6443935930851064 0.6475823199404762 0.622550875 0.6736795089285714 0.6179342207446809 0.683227337797619 0.570851875 0.677613681547619 0.5499832819148937 0.6564362157738095 0.5411288085106383 0.5997244404761904 0.5780328803191489 0.592973738095238 0.6169322260638298
1 0.731333956845238 0.4384383324468085 0.7378629672619047 0.4817657446808511 0.7725521190476191 0.44556936702127664 0.8067984360119047 0.433134795212766 0.8353203854166666 0.40577207978723406 0.8141429196428572 0.39691760372340423 0.8024727708333333 0.3789422234042554 0.7540208333333334 0.40208792819148936 0.731333956845238 0.4384383324468085
1 0.8622330476190476 0.32161082180851064 0.806145011904762 0.36083362765957444 0.8097767425595238 0.38068647606382977 0.8470310476190477 0.3857860159574468 0.8570108824404761 0.42288573936170215 0.86493859375 0.4269487207446808 0.8767599642857142 0.4010222074468085 0.8950401488095239 0.38640211968085103 0.9004027053571428 0.3491691835106383 0.8946783407738095 0.33424103989361703 0.8622330476190476 0.32161082180851064
1 0.6891302470238095 0.37682748936170213 0.6688681354166667 0.3904318324468085 0.6464026770833333 0.414901335106383 0.6386558705357143 0.4369188882978723 0.6554968422619047 0.4995246675531915 0.6976708690476191 0.4911530797872341 0.7276617157738096 0.4565469255319149 0.7221992797619048 0.3917764414893617 0.7152274360119047 0.37221083510638303 0.7056094107142857 0.38727219148936165 0.6891302470238095 0.37682748936170213
1 0.4549683497023809 0.6306434042553192 0.44597406398809525 0.6480234946808511 0.43114470386904763 0.6564158936170212 0.4220397083333333 0.6797364335106383 0.43502753273809525 0.7343702686170213 0.46028213839285714 0.7305774122340426 0.5047961636904762 0.6848042659574468 0.4844056517857143 0.6257395106382978 0.4718903467261905 0.6173263031914894 0.4549683497023809 0.6306434042553192
1 0.32343469047619045 0.8530960531914894 0.33866637351190476 0.858903289893617 0.37805382886904765 0.8211166861702127 0.35838577083333334 0.7670573324468086 0.3457597574404762 0.764584574468085 0.32538693601190477 0.7841293696808511 0.31283111607142855 0.8136776037234041 0.32343469047619045 0.8530960531914894
1 0.1862982038690476 0.9467362367021277 0.20211311309523808 0.9928236489361703 0.24359320535714288 0.9501123377659574 0.23673206994047621 0.9246062819148937 0.21849239732142856 0.9012649281914893 0.19760654464285712 0.9125505425531916 0.18736477976190477 0.925293164893617 0.1862982038690476 0.9467362367021277
1 0.1792737619047619 1 0.17561360267857143 0.9832406675531915 0.16331971577380952 0.9629465558510638 0.1410756755952381 0.9755351542553191 0.1335502857142857 0.9856718058510638 0.13266683184523811 1 0.1792737619047619 1
1 0.36557903571428574 0.774742034574468 0.40037889583333336 0.7326052047872341 0.3932261458333334 0.6869590611702128 0.35909053720238093 0.6934531808510639 0.3399651949404762 0.7176354441489361 0.3543112068452381 0.770966289893617 0.36557903571428574 0.774742034574468
1 0.4737723958333333 0.5163386276595745 0.4824642380952381 0.5867623244680851 0.48745415476190473 0.6053121835106383 0.49798753422619046 0.6127096462765957 0.5241954300595237 0.6021525398936171 0.5643173333333333 0.5607442180851063 0.5588143854166666 0.5339351728723404 0.5290152738095238 0.48667798936170215 0.49821978125 0.49288487234042555 0.4737723958333333 0.5163386276595745
0 0.5730609880952381 0.7592948164893617 0.5103718511904761 0.8310957686170213 0.5681495580357142 0.8817016595744681 0.6538242961309524 0.7800882526595744 0.5730609880952381 0.7592948164893617
0 0.8765200610119047 0.42486217819148936 0.8529223601190475 0.46415742553191486 0.901042599702381 0.5039961835106384 0.9749021726190477 0.4204245797872341 0.8765200610119047 0.42486217819148936
0 0.3545069895833334 0.923387414893617 0.33134759226190474 0.9042667526595745 0.29161408333333333 0.9663635239361702 0.3120069107142857 0.991719295212766 0.3545069895833334 0.923387414893617
0 0.5459079702380952 0.7758045265957446 0.5010946636904762 0.7477786117021277 0.44477513392857143 0.8100419494680852 0.49068119196428567 0.8444393510638297 0.5459079702380952 0.7758045265957446
0 0.7449048497023809 0.4947983005319149 0.7095053913690477 0.4948400452127659 0.6851597157738095 0.5410783111702128 0.7294183601190476 0.5319147632978724 0.7449048497023809 0.4947983005319149
0 0.8868404211309524 0.27560064627659575 0.9236999151785715 0.2347981090425532 0.9255997425595238 0.22831165159574468 0.8944515967261905 0.23953836702127662 0.848316787202381 0.2932569867021277 0.8868404211309524 0.27560064627659575
0 0.8117205267857143 0.3353264095744681 0.85577278125 0.3098562393617021 0.8819805580357143 0.2828130638297872 0.8485292008928572 0.2989538244680851 0.8117205267857143 0.3353264095744681
0 0.7605546517857144 0.384387420212766 0.799839974702381 0.3710780984042553 0.8262546860119048 0.3330173909574468 0.798662831845238 0.33937088563829787 0.7605546517857144 0.384387420212766
0 0.6084059732142857 0.5462517473404256 0.6453678958333333 0.5404712340425532 0.6918664791666667 0.4916226329787234 0.6447896666666667 0.49494586702127663 0.6084059732142857 0.5462517473404256
0 0.6236164211309524 0.5496790159574467 0.5924345892857142 0.5446145186170213 0.5462774508928572 0.6080176835106382 0.5853744107142858 0.610745954787234 0.6236164211309524 0.5496790159574467
0 0.5649993735119048 0.6112134920212766 0.5380756636904762 0.5988840824468086 0.5010593348214286 0.6593537579787234 0.5228234241071428 0.6622749414893617 0.5649993735119048 0.6112134920212766
0 0.4538215029761905 0.7483290505319148 0.4176776770833333 0.7363653191489361 0.3781285 0.788673244680851 0.4081889389880953 0.8027066223404256 0.4538215029761905 0.7483290505319148
0 0.3360514419642857 0.8732548750000001 0.30474050148809523 0.8492348590425531 0.24897588690476188 0.9117993244680851 0.27005130208333333 0.9535320079787234 0.3360514419642857 0.8732548750000001
0 0.10289712797619048 1 0.12454020535714286 0.980147164893617 0.12117115178571429 0.9502412287234043 0.07789452083333333 0.9899179680851063 0.07796836607142857 1 0.10289712797619048 1
0 0.12103996130952381 0.9497535265957446 0.12308729464285714 0.9827682420212766 0.17122402083333332 0.938429079787234 0.16559910267857142 0.9065627712765957 0.12103996130952381 0.9497535265957446
0 0.16425572321428572 0.9058394414893618 0.17149598511904762 0.9314177606382978 0.21554597767857145 0.8879307606382979 0.20738786607142856 0.868007784574468 0.16425572321428572 0.9058394414893618
0 0.20326753422619048 0.8690268696808511 0.21759409077380953 0.8835112606382979 0.2641796904761905 0.8320687127659575 0.2478634925595238 0.8245712526595744 0.20326753422619048 0.8690268696808511
0 0.25149809523809524 0.8196882473404256 0.2682663928571428 0.8312164361702127 0.3128508035714286 0.781693784574468 0.2940578050595238 0.7756484654255319 0.25149809523809524 0.8196882473404256
0 0.2943436994047619 0.7730610877659575 0.30722689285714283 0.7821798191489361 0.34200685863095237 0.7389947446808511 0.33277547767857146 0.7323631117021278 0.2943436994047619 0.7730610877659575
0 0.38466281994047624 0.6831599255319148 0.4031301264880952 0.6907880984042554 0.44039875892857144 0.6421472260638298 0.4204761339285714 0.6416227872340425 0.38466281994047624 0.6831599255319148
0 0.4258002291666666 0.6346741117021276 0.4442091696428571 0.6335824335106383 0.48152905803571433 0.5971656090425532 0.45706170089285714 0.5993103936170213 0.4258002291666666 0.6346741117021276
0 0.06383654166666666 1 0.07536846428571428 0.9898866861702127 0.07632421130952381 0.9691793031914895 0.04238887946428572 0.9969792287234043 0.04188452827380952 1 0.06383654166666666 1
0 0.07876685863095238 0.958397795212766 0.07763208630952381 0.9889423803191489 0.12000415476190476 0.9525881569148935 0.11647155357142858 0.9245223856382978 0.07876685863095238 0.958397795212766
0 0.1188518556547619 0.9242377340425533 0.12126499553571428 0.9452418989361703 0.16188435863095238 0.9050460984042553 0.1579903005952381 0.8816204574468085 0.1188518556547619 0.9242377340425533
0 0.16087720535714287 0.8839204494680851 0.1626950982142857 0.9067230771276596 0.20754191220238094 0.8581759042553192 0.19977906398809525 0.8430654707446809 0.16087720535714287 0.8839204494680851
0 0.19818317410714284 0.8407666648936171 0.20738722023809525 0.8589379627659574 0.24677877827380953 0.816851875 0.23414945386904762 0.8070213670212767 0.19818317410714284 0.8407666648936171
0 0.23514683779761905 0.8083736675531915 0.24868614583333332 0.8199312819148935 0.2895913675595238 0.7794612367021276 0.27221390624999997 0.7629944494680851 0.23514683779761905 0.8083736675531915
0 0.27698013541666666 0.7633313776595745 0.29228166666666666 0.7707436249999999 0.32800359523809525 0.7297233457446808 0.30806888541666666 0.7207530212765957 0.27698013541666666 0.7633313776595745
0 0.31490481845238094 0.7171293537234044 0.331434224702381 0.7264321489361703 0.3641425744047619 0.6889165265957448 0.34738485714285716 0.6830349946808512 0.31490481845238094 0.7171293537234044
0 0.3603981785714286 0.6790080132978724 0.3714209330357143 0.6825475505319148 0.4088112723214286 0.6423812473404256 0.3911063794642857 0.6349491675531914 0.3603981785714286 0.6790080132978724
0 0.3980135416666667 0.6343301462765958 0.415363193452381 0.6373229335106383 0.4476544910714286 0.5995938484042553 0.42580504910714284 0.6001254468085107 0.3980135416666667 0.6343301462765958
0 0.031368325892857145 0.9996380824468085 0.042243735119047617 0.9897544521276596 0.044972348214285716 0.9562677579787233 0.024706889880952383 0.9748743989361702 0.031368325892857145 0.9996380824468085
0 0.05292052976190476 0.9518966382978724 0.05117660267857142 0.977502664893617 0.0796340744047619 0.9495882473404256 0.07856963095238095 0.9240359893617021 0.05292052976190476 0.9518966382978724
0 0.08362768154761906 0.9163008776595745 0.08882934523809524 0.9383119414893617 0.11752577380952382 0.9126228537234042 0.11228345386904762 0.8855511143617021 0.08362768154761906 0.9163008776595745
0 0.11818259226190475 0.8776274521276597 0.1213735193452381 0.9095452473404255 0.15364129613095237 0.8730658510638298 0.14879834821428572 0.8474496622340426 0.11818259226190475 0.8776274521276597
0 0.14643843601190476 0.8529746542553193 0.15388031398809524 0.8752913138297872 0.19372630654761905 0.8389057340425532 0.17953629017857142 0.8179610239361702 0.14643843601190476 0.8529746542553193
0 0.17767048958333334 0.81933 0.19216565029761903 0.8397892526595745 0.22213242559523808 0.7987671223404255 0.20532864732142858 0.7901463085106383 0.17767048958333334 0.81933
0 0.2749518363095238 0.7143428643617021 0.30332420982142855 0.7208752686170213 0.3269685044642857 0.6951236329787235 0.3094246651785714 0.6856751515957447 0.2749518363095238 0.7143428643617021
0 0.317979974702381 0.6804275638297873 0.33345959672619047 0.685828029255319 0.36512265625 0.659133909574468 0.33911948660714286 0.6556519095744681 0.317979974702381 0.6804275638297873
0 0.3532986875 0.6459306755319149 0.3694813303571428 0.6512703537234042 0.3962703958333333 0.6225017632978723 0.37661923363095234 0.6212116143617021 0.3532986875 0.6459306755319149
0 0.3850555907738095 0.6142371276595745 0.4048469940476191 0.6142737526595744 0.4302769657738095 0.5831270292553191 0.40279814434523814 0.5914907313829788 0.3850555907738095 0.6142371276595745
0 0.5390539077380953 0.5088409122340426 0.5713444151785714 0.5085460984042554 0.6059931160714286 0.46487325531914897 0.5511130714285715 0.48758703723404256 0.5390539077380953 0.5088409122340426
0 0.3238045550595238 0.7903250957446809 0.31460491369047616 0.7868775106382979 0.29318379017857144 0.8225467659574468 0.3098518229166667 0.830712045212766 0.3238045550595238 0.7903250957446809
0 0.43172020684523804 0.6647035718085106 0.4195208928571429 0.6714977606382979 0.3970680580357143 0.7106021143617022 0.413994474702381 0.7191424707446807 0.43172020684523804 0.6647035718085106
0 0.11727373958333333 1 0.11274416964285715 0.9861052340425532 0.09733761904761906 1 0.11727373958333333 1