1 0.31491436677115986 0.7343786396648045 0.2161573855799373 0.7773922541899441 0.35973893730407525 0.9360367262569833 0.36543658777429466 0.9330096815642458 0.36804841536050154 0.7970794469273743 0.31491436677115986 0.7343786396648045
1 0.2057664780564263 0.7659112513966481 0.2553168463949843 0.7430519106145251 0.17407487147335424 0.639979282122905 0.11217771003134797 0.6625042234636872 0.2057664780564263 0.7659112513966481
1 0 0.5385581201117319 0.09726267711598746 0.6460244804469273 0.10860312539184952 0.6459027653631285 0.11684573981191224 0.5887231620111731 0.05463380250783699 0.49603090223463686 0.0018336269592476489 0.4816068156424581 0 0.4823184469273743 0 0.5385581201117319
1 0 0.4761812039106145 0.04218584796238244 0.4726345502793296 0 0.4009120223463687 0 0.4761812039106145
1 0.6462110141065831 0.9863964944134079 0.6535617742946709 0.9115994608938547 0.6109715673981192 0.8645411787709497 0.5690112664576802 0.8833865279329609 0.5341089686520376 0.9419686731843575 0.5713701018808778 0.9879484608938547 0.6462110141065831 0.9863964944134079
1 0.476595565830721 0.6987679720670391 0.45140236520376176 0.6523010195530726 0.3898304498432602 0.6521389301675977 0.3453348636363636 0.7067752067039106 0.4063663119122257 0.8048170726256982 0.4736431473354232 0.7895422625698325 0.476595565830721 0.6987679720670391
1 0.32848130407523507 0.6841613212290503 0.4064160736677116 0.6611490893854749 0.4059986332288401 0.6008033016759776 0.37612874764890286 0.5571537318435754 0.3290670971786834 0.5677009608938547 0.2822002021943574 0.6064095837988827 0.32848130407523507 0.6841613212290503
1 0.3424520360501567 0.5573567541899441 0.3490781865203762 0.5080775642458101 0.3406607946708464 0.4854593547486033 0.3121976473354232 0.45733962290502794 0.2860391755485894 0.4484135446927374 0.23143313636363635 0.47797374860335196 0.2178404686520376 0.5262144608938548 0.26786831661442007 0.5914789748603352 0.28390180407523513 0.5825589888268157 0.2913973275862069 0.5974997374301676 0.3424520360501567 0.5573567541899441
1 0.1944164514106583 0.4071087430167598 0.20203254388714734 0.3755705446927374 0.17382611285266458 0.321098938547486 0.1297223448275862 0.29567439106145255 0.08589086677115987 0.3105039804469274 0.07255491379310346 0.3323928156424581 0.07702811598746082 0.35065305307262573 0.12435842789968651 0.40294871787709496 0.14696556896551724 0.40129201955307264 0.17799010344827587 0.422253530726257 0.1944164514106583 0.4071087430167598
1 0.6543155548589342 0.941890687150838 0.644991868338558 0.9782010279329608 0.6522950094043888 0.9862703296089385 0.6801791394984327 0.9856921005586592 0.6854762351097179 0.9829792681564247 0.7034059545454546 0.9328717262569832 0.6957742852664577 0.897803907821229 0.6721091300940439 0.8716560782122906 0.64221068338558 0.8885626340782122 0.6543155548589342 0.941890687150838
1 0.5310556379310345 0.7890525558659218 0.5357855532915361 0.7809609217877095 0.5545009968652037 0.7184037709497207 0.5543648510971787 0.6982767011173184 0.5420713385579937 0.6813640558659219 0.504080288401254 0.6593640642458101 0.4751037115987461 0.6839480782122905 0.47544407680250783 0.7342657513966481 0.4934574482758621 0.7608277597765363 0.49622305642633224 0.7838601452513967 0.5014819811912227 0.7896707737430168 0.5135712727272728 0.7763928156424581 0.5310556379310345 0.7890525558659218
1 0.5071026112852665 0.6560445726256984 0.4937510815047022 0.6113273966480447 0.43735379937304075 0.5689901983240223 0.41435379623824453 0.5768717011173184 0.406669631661442 0.5983463631284917 0.41266178213166144 0.6482498631284916 0.4396740501567398 0.6547898659217877 0.46859813009404383 0.6867483268156425 0.48726107836990595 0.6807336536312849 0.5071026112852665 0.6560445726256984
1 0.346297 0.41843916759776534 0.29739524137931034 0.39104272067039103 0.28359835579937304 0.40909282402234637 0.2605983542319749 0.4169743268156424 0.28820770376175553 0.44748012849162017 0.3231083573667712 0.46273608100558655 0.35643756426332285 0.5028912430167598 0.367007907523511 0.45797002234636874 0.346297 0.41843916759776534
1 0.03557514890282132 0.1383793156424581 0.026183390282131663 0.16462612011173186 0.0232972131661442 0.18807268156424584 0.11111189184952978 0.24514658379888268 0.12825589028213166 0.20748865083798881 0.11280390752351097 0.17376842458100558 0.07336197962382446 0.13018870391061454 0.060811750783699055 0.13962793016759775 0.046417785266457685 0.1337122346368715 0.03557514890282132 0.1383793156424581
1 0.2500124326018809 0.3952895335195531 0.28957492946708463 0.3923903100558659 0.2950905689655173 0.37184906424581005 0.2395470815047022 0.32712579608938547 0.20438971316614418 0.3382217206703911 0.1970984090909091 0.35347157821229047 0.19953922727272727 0.3927923016759776 0.21748452664576803 0.40929077094972066 0.22767758620689654 0.43720037150837987 0.23635169435736678 0.43346670391061454 0.2500124326018809 0.3952895335195531
1 0.46447105956112855 0.46244524581005586 0.4582221943573667 0.4388936201117319 0.43672556583072103 0.4118123715083799 0.41661173981191224 0.39624731843575417 0.3984097272727273 0.40610071508379886 0.38959947021943575 0.38970731284916205 0.38060057523510976 0.4097293156424581 0.3693125799373041 0.47716367877094973 0.39784379937304076 0.5153469413407821 0.4414185611285267 0.5268692262569832 0.46447105956112855 0.46244524581005586
1 0.6487376065830721 0.6960078798882682 0.6407811489028213 0.6772283994413408 0.6241505815047023 0.6621825837988826 0.6102856222570533 0.6701691536312849 0.5799418181818182 0.7498429916201117 0.6180690156739812 0.7919700558659218 0.6528335235109718 0.78709893575419 0.6711561050156739 0.7307665893854749 0.6635925094043887 0.7057623044692737 0.6487376065830721 0.6960078798882682
1 0.7439953134796239 0.8245650083798883 0.7305232163009404 0.8263267737430169 0.705234117554859 0.8816206368715084 0.7433613134796239 0.9237477011173185 0.7598557351097178 0.9186664441340782 0.7743702711598746 0.8781031983240224 0.7637162774294671 0.8463548687150838 0.7439953134796239 0.8245650083798883
1 0.6893736959247649 0.7875192011173184 0.7223100423197492 0.8338991675977654 0.7344674090909091 0.8306847458100558 0.7541047225705328 0.7758050586592178 0.7360913510971787 0.7492430530726257 0.7007978354231975 0.740211907821229 0.6893736959247649 0.7875192011173184
1 0.6156651144200628 0.629500843575419 0.6308292272727273 0.5563609189944134 0.6071640705329153 0.5302130837988827 0.5753538134796239 0.5217011815642458 0.540007802507837 0.5692125139664804 0.5319307758620689 0.5969119804469274 0.5705189059561129 0.6428777737430167 0.5971383119122257 0.6556425837988826 0.6088347445141066 0.6485894301675978 0.6156651144200628 0.629500843575419
0 0.41912920376175544 0.8206298575418994 0.5003981786833855 0.9325904636871508 0.5654150376175548 0.8834053379888269 0.5057310360501568 0.8041522122905027 0.41912920376175544 0.8206298575418994
0 0.11275014420062696 0.42317505586592175 0.1831568119122257 0.5154789832402235 0.2371083432601881 0.4769311983240223 0.21569325548589344 0.43425851675977656 0.11275014420062696 0.42317505586592175
0 0.5743020595611286 0.8750777653631285 0.6181470047021944 0.8444192402234637 0.5822989373040752 0.7968088212290503 0.5328328605015674 0.8232091536312849 0.5743020595611286 0.8750777653631285
0 0.3610082523510972 0.5559322625698324 0.40670445611285266 0.5684198826815642 0.38509888401253917 0.5184313575418994 0.34792503448275863 0.5160708603351956 0.3610082523510972 0.5559322625698324
0 0.20791414106583073 0.23375775139664806 0.1653819984326019 0.20791614245810053 0.19949739655172413 0.27101608659217874 0.25849162068965514 0.29627623184357543 0.20791414106583073 0.23375775139664806
0 0.25424016144200623 0.2988375670391062 0.2082439184952978 0.27826064804469275 0.2391970344827586 0.31850995810055865 0.2897802460815047 0.3393158770949721 0.25424016144200623 0.2988375670391062
0 0.3047880297805643 0.34987482681564247 0.27635488087774296 0.34141914525139666 0.30083427429467086 0.38298406145251396 0.34095205172413795 0.39948535474860336 0.3047880297805643 0.34987482681564247
0 0.4530559435736677 0.5227775977653631 0.4038994764890282 0.5162182849162011 0.4485468871473354 0.5703887597765362 0.48686983072100315 0.5788579832402234 0.4530559435736677 0.5227775977653631
0 0.5055306520376175 0.6478680363128492 0.5468251175548589 0.6475713016759777 0.5037837147335423 0.5781896675977654 0.4706016880877743 0.5814496396648045 0.5055306520376175 0.6478680363128492
0 0.5668069890282131 0.7058945251396648 0.5899145595611286 0.7042614804469274 0.5562216504702194 0.6385484245810056 0.526888973354232 0.6496908826815643 0.5668069890282131 0.7058945251396648
0 0.675163289968652 0.8603795251396649 0.7079362836990596 0.8476589022346368 0.6708838040752351 0.7903225530726257 0.6318992617554858 0.8004788407821228 0.675163289968652 0.8603795251396649
0 0.7448775689655173 0.9389398910614526 0.7765077021943574 0.9836945474860335 0.8311606990595611 0.9825612150837989 0.7798197836990596 0.915848625698324 0.7448775689655173 0.9389398910614526
0 0.9084065736677116 0.970063622905028 0.880453094043887 0.9418687374301676 0.8701777194357367 0.9621871424581004 0.8870647727272727 0.9814019385474861 0.90447865830721 0.9810408296089386 0.9084065736677116 0.970063622905028
0 0.8416673040752352 0.8937569748603351 0.8238890344827586 0.9005363184357542 0.8684055141065832 0.9574274413407822 0.8846930313479624 0.9432050251396648 0.8416673040752352 0.8937569748603351
0 0.7973458025078369 0.8395287625698323 0.7770907915360502 0.8446261284916201 0.819670119122257 0.8993768240223463 0.8382686489028213 0.8884083156424581 0.7973458025078369 0.8395287625698323
0 0.7603933040752351 0.7916902849162011 0.7501298981191222 0.7980270977653631 0.7829555109717868 0.845502905027933 0.7972673009404388 0.8368019804469273 0.7603933040752351 0.7916902849162011
0 0.6760647711598746 0.6909773715083799 0.655096564263323 0.6902223882681564 0.6900682476489027 0.7435713687150838 0.710116869905956 0.736796002793296 0.6760647711598746 0.6909773715083799
0 0.6412680736677115 0.6442967793296089 0.6157556426332289 0.6404506201117318 0.6518288260188088 0.681008687150838 0.6710688087774295 0.6833561089385475 0.6412680736677115 0.6442967793296089
0 0.9164371661442007 0.9476208212290502 0.8905817523510972 0.916260902234637 0.8811339592476488 0.9315681396648045 0.909483553291536 0.9670538240223463 0.9164371661442007 0.9476208212290502
0 0.8575742680250784 0.8762859804469273 0.8434680924764891 0.8857484972067039 0.8812311065830721 0.932375874301676 0.8924548213166144 0.913959312849162 0.8575742680250784 0.8762859804469273
0 0.8213713526645768 0.8277140977653631 0.8017097946708465 0.8438117094972066 0.8412010031347963 0.8888467234636872 0.8564108887147335 0.8776360865921787 0.8213713526645768 0.8277140977653631
0 0.7873358589341692 0.7811555977653631 0.7656311034482759 0.7892396871508379 0.7996315235109718 0.8345113687150838 0.8163368589341692 0.8277548044692739 0.7873358589341692 0.7811555977653631
0 0.7492778589341692 0.7391049888268156 0.7311743871473354 0.7441641284916201 0.7623102398119121 0.7855704357541899 0.7804671520376175 0.7769154972067038 0.7492778589341692 0.7391049888268156
0 0.7074816144200626 0.6859146173184357 0.6882505062695924 0.6925346480446928 0.7240763275862069 0.7370217067039107 0.7359560673981191 0.734038469273743 0.7074816144200626 0.6859146173184357
0 0.6740247648902822 0.6471955223463687 0.6511234764890282 0.6452091368715084 0.6818030344827587 0.6868115670391062 0.7002805877742947 0.6848146648044693 0.6740247648902822 0.6471955223463687
0 0.9297123730407523 0.9105210782122904 0.9139928338557994 0.8913102374301676 0.8972950313479624 0.9123032653631286 0.9203915188087775 0.9365697318435754 0.9297123730407523 0.9105210782122904
0 0.8892889122257053 0.8605099916201117 0.8709022978056427 0.8684331787709496 0.8988583495297806 0.9133301396648045 0.9158350172413793 0.8928651843575419 0.8892889122257053 0.8605099916201117
0 0.7889183573667711 0.7443527011173184 0.7696835736677116 0.7530937318435754 0.7923083620689655 0.7815940726256984 0.8226656269592477 0.7766138463687151 0.7889183573667711 0.7443527011173184
0 0.760305250783699 0.7109854999999999 0.7326976222570533 0.7129280837988826 0.7636631457680251 0.7429396871508379 0.7803830987460815 0.738300402234637 0.760305250783699 0.7109854999999999
0 0.723873775862069 0.6724843910614525 0.7031250454545455 0.6725486061452514 0.7287939811912225 0.7044124497206704 0.7462470532915361 0.6998827988826816 0.723873775862069 0.6724843910614525
0 0.6989272570532915 0.6396637569832403 0.6707851034482758 0.6291114944134079 0.694822868338558 0.6633754581005586 0.7156114498432602 0.6646324245810056 0.6989272570532915 0.6396637569832403
0 0.5520682225705329 0.5212063854748603 0.49637848119122263 0.4938413072625698 0.5290244310344827 0.5418190446927375 0.5629114905956113 0.5442409413407822 0.5520682225705329 0.5212063854748603
0 0.7760392507836991 0.8961272430167598 0.794244263322884 0.8886719525139665 0.774804302507837 0.8499368631284916 0.7648471238244514 0.8529431703910615 0.7760392507836991 0.8961272430167598
0 0.6762280956112853 0.7725373603351955 0.6947366128526646 0.7647064078212291 0.6745075313479624 0.7223084525139666 0.6622777978056427 0.7143989162011173 0.6762280956112853 0.7725373603351955