1 0.1169754327176781 0.9144064413145541 0.11358535224274406 0.9978500516431924 0.2168878746701847 0.9914312464788733 0.205121172823219 0.8898745680751173 0.1169754327176781 0.9144064413145541
1 0.26250231134564644 0.9395272276995306 0.2702296345646438 0.9881168004694835 0.36044115039577834 0.9825114154929577 0.33770871372031663 0.9116663920187794 0.26250231134564644 0.9395272276995306
1 0.5887975290237467 0.9683222605633803 0.6858742480211082 0.9500318990610329 0.6021198258575198 0.8274845985915493 0.5050006675461741 0.8801466784037558 0.5159961899736147 0.9009839272300468 0.5620266451187335 0.9699856971830986 0.5887975290237467 0.9683222605633803
1 0.7039512189973615 0.7157075633802816 0.6506040158311346 0.7286225892018778 0.6294580356200528 0.832177882629108 0.7073404802110818 0.9459874154929577 0.8278282981530343 0.9232861361502347 0.8076884023746702 0.8536621009389671 0.7039512189973615 0.7157075633802816
1 0.8873879894459102 0.802373147887324 0.8330796728232189 0.735287382629108 0.7502802031662269 0.7604331877934273 0.8645459802110819 0.9163681056338029 0.8915652730870712 0.9112773638497653 0.9440806767810026 0.8671005422535212 0.8873879894459102 0.802373147887324
1 1 0.7291650704225352 0.9983381926121373 0.7270597957746479 0.9535131767810026 0.7040054225352114 0.8877553350923483 0.733576704225352 0.8845913957783641 0.7817196784037559 0.999342345646438 0.8748250399061034 1 0.8745148873239437 1 0.7291650704225352
1 0.07883274406332454 0.8421536291079813 0.09508127572559366 0.8380621314553991 0.09239470712401056 0.7345228262910798 0.06454905540897098 0.7216908591549296 0.07883274406332454 0.8421536291079813
1 0.1736673746701847 0.7005211830985916 0.11284844591029025 0.7043437793427231 0.1207631635883905 0.8357642018779343 0.1856429538258575 0.819492089201878 0.1736673746701847 0.7005211830985916
1 0.26678848548812667 0.673028720657277 0.21402721503957783 0.6953786502347419 0.233878172823219 0.7992420516431924 0.3000991899736148 0.7832070492957747 0.26678848548812667 0.673028720657277
1 0.3265944406332454 0.7722205751173709 0.3926899234828496 0.7552618521126762 0.3523827335092348 0.6444927535211268 0.3085730382585752 0.6479742816901408 0.2938940672823219 0.6994217089201877 0.3265944406332454 0.7722205751173709
0 0.4150443627968338 0.6902319577464788 0.38234855145118735 0.7051195046948356 0.4292873601583113 0.767184661971831 0.49263649076517146 0.7429762300469483 0.48769860158311346 0.7233157558685447 0.45725824538258575 0.682278382629108 0.4150443627968338 0.6902319577464788
1 0.6084877242744063 0.5666487230046948 0.5803316437994723 0.5853172840375587 0.5671796517150396 0.6552465164319249 0.618540617414248 0.7098454178403755 0.6842660897097624 0.675507441314554 0.6579113298153034 0.6060185680751173 0.6084877242744063 0.5666487230046948
1 0.6430650052770448 0.6021339295774648 0.7016533258575197 0.6693678990610329 0.7520761754617414 0.6407767746478874 0.7210957321899736 0.5817048004694836 0.6851440224274405 0.5436149600938966 0.6537178007915567 0.5571723286384976 0.6430650052770448 0.6021339295774648
1 0.7534987493403694 0.5098084788732394 0.7258563693931398 0.5126284483568075 0.7152362849604221 0.5241820704225352 0.7121263535620053 0.565366882629108 0.7462212110817942 0.6281999131455399 0.7547890382585752 0.6218093004694836 0.7661267203166228 0.6387785023474178 0.8092446675461742 0.6168064319248827 0.8147638298153035 0.5770750046948357 0.7760104868073879 0.5198960234741784 0.7534987493403694 0.5098084788732394
1 0.9275305092348285 0.5056769342723004 0.8878013047493404 0.4964451877934272 0.8558592401055409 0.5191806197183099 0.8565768364116095 0.5477034389671361 0.8671653746701847 0.5695901244131456 0.895638709762533 0.5737780962441315 0.9134919617414249 0.589519690140845 0.9604040659630606 0.5806809154929577 0.9671148087071241 0.5698638591549295 0.9601586266490766 0.5449046291079812 0.9275305092348285 0.5056769342723004
1 0.09718862269129287 0.7385442159624414 0.09863664116094988 0.683343514084507 0.08394358839050133 0.671782838028169 0.05918442216358839 0.6764477488262911 0.06431731002638523 0.7197364061032864 0.08632309894459102 0.7143215492957746 0.09718862269129287 0.7385442159624414
1 0.22637336015831133 0.6258420962441313 0.21500413324538256 0.6423131995305165 0.20686213060686015 0.6658652323943662 0.2059425474934037 0.6841245868544601 0.21001857387862796 0.7019450962441315 0.22473016886543537 0.6906322464788732 0.25079244854881266 0.6857218145539906 0.25667223482849605 0.6678968145539906 0.24805414116094987 0.6289216971830985 0.22637336015831133 0.6258420962441313
1 0.3583466741424802 0.6153058309859155 0.36416336807387867 0.664361441314554 0.38182144722955147 0.6896924812206572 0.3974588153034301 0.6867462230046949 0.436354660949868 0.6663077276995305 0.41501636015831134 0.6213457934272301 0.39392109630606864 0.5894978544600938 0.37046504485488124 0.5939172394366198 0.3583466741424802 0.6153058309859155
1 0.5751860250659631 0.6126615234741783 0.5840623825857519 0.5751665845070423 0.565019375989446 0.5381556361502348 0.5307796134564644 0.5302777863849765 0.5180254577836412 0.5350689835680752 0.5144749155672823 0.5500669577464788 0.5187933232189974 0.6089575375586854 0.5212043786279683 0.618055941314554 0.5373957176781002 0.619781645539906 0.5448240567282322 0.6374874131455399 0.5500365131926122 0.6365053262910798 0.5561932849604222 0.6210163075117371 0.5751860250659631 0.6126615234741783
1 0.5716274775725594 0.5385482042253521 0.575016926121372 0.5662936220657278 0.6176293443271768 0.5773703051643193 0.6404180659630607 0.5897938309859155 0.6537577374670185 0.5562342910798121 0.6512648680738786 0.5352104577464788 0.6341607612137203 0.514551382629108 0.581677401055409 0.5101108333333334 0.5716274775725594 0.5385482042253521
1 0.7094195910290237 0.47512646009389675 0.7102190013192612 0.5155747089201878 0.7438229802110817 0.5068551666666666 0.7744303865435357 0.5178055610328639 0.8017957810026386 0.5126496103286385 0.784691672823219 0.49199053286384975 0.7767093614775725 0.46961280516431925 0.7327938311345646 0.4587816408450704 0.7094195910290237 0.47512646009389675
1 1 0.4179896244131455 0.9619467229551452 0.42515929812206577 0.9437849406332455 0.4405220281690141 0.9510999208443272 0.47974266901408447 1 0.4880012535211267 1 0.4179896244131455
1 0.834046377308707 0.45880985680751174 0.7818400052770449 0.45670528873239435 0.7827527744063324 0.475638661971831 0.8139959643799473 0.5031864507042253 0.8184277308707123 0.5405621525821597 0.824748129287599 0.5489239929577465 0.8376974551451186 0.5345433474178404 0.8549149234828497 0.5336875492957747 0.8635961094986808 0.505782058685446 0.8603540976253299 0.4896757112676057 0.834046377308707 0.45880985680751174
1 0.6801783918205806 0.39704993192488264 0.6613808245382585 0.3958152699530516 0.6395048720316623 0.40232511737089205 0.6304648865435356 0.4159691971830986 0.6379434920844327 0.4790406971830986 0.6748712968337731 0.4983529319248826 0.7042889485488127 0.4880339741784037 0.7067630963060685 0.4302517676056338 0.7029671134564643 0.40947345774647886 0.6930961715039577 0.4161095915492958 0.6801783918205806 0.39704993192488264
1 0.4522970659630607 0.46386705868544603 0.44270310949868075 0.47283917370892015 0.42911799868073874 0.47062242723004694 0.418774901055409 0.48451202816901406 0.4238424511873351 0.5384851244131456 0.4458210540897098 0.5510739436619718 0.4888681754617414 0.5404514154929577 0.4779690013192612 0.47813552112676055 0.46821142084432715 0.46325678169014084 0.4522970659630607 0.46386705868544603
1 0.3154888153034301 0.5684528591549296 0.32785262664907655 0.582840558685446 0.3656429327176781 0.5757204342723005 0.3548089551451187 0.5180574600938967 0.3443022295514512 0.5080962042253521 0.3247555197889182 0.5117790281690141 0.3107800633245383 0.5287411737089202 0.3154888153034301 0.5684528591549296
1 0.18809217546174142 0.5614096455399061 0.1965150976253298 0.6099742159624413 0.23663464643799473 0.6000270657276995 0.2335878060686016 0.5743312699530516 0.2205882110817942 0.5433461807511737 0.20151365963060686 0.5397755375586855 0.19136573218997363 0.544075690140845 0.18809217546174142 0.5614096455399061
1 0.1337201846965699 0.5859829624413145 0.1387059234828496 0.6280306291079812 0.17752235883905013 0.6183290023474179 0.17494767546174145 0.5853797394366197 0.16668837994722954 0.5606660305164319 0.14631071503957782 0.5573409084507042 0.13876901583113457 0.5611500187793427 0.1337201846965699 0.5859829624413145
1 0.11738394063324539 0.6392124389671362 0.1140916622691293 0.5777403568075117 0.10646815039577837 0.5696240399061033 0.07882577044854881 0.5724440117370893 0.06986759894459103 0.5980135187793427 0.07540730738786279 0.6447331478873239 0.11738394063324539 0.6392124389671362
1 0.36010322427440633 0.5290008051643192 0.394456345646438 0.5153637769953052 0.3933799511873351 0.4725795469483568 0.3635216873350924 0.4567116666666666 0.34452894854881266 0.46506645070422536 0.35089961345646437 0.5187940234741785 0.36010322427440633 0.5290008051643192
1 0.480946852242744 0.37965954694835685 0.4806067757255937 0.4442041737089202 0.4828226596306069 0.4628920281690141 0.49100014248021107 0.47568030516431925 0.5145380065963061 0.48318634976525826 0.5533544419525066 0.47348471830985916 0.5516107163588391 0.4475434014084507 0.5313779551451188 0.3892631009389671 0.5044029050131926 0.3752401572769953 0.480946852242744 0.37965954694835685
0 0.3665474168865435 0.9249144530516432 0.39042788918205806 0.9806481596244132 0.5253814498680739 0.9722626830985915 0.47941631134564644 0.8818305328638497 0.3665474168865435 0.9249144530516432
0 0.5297813575197889 0.6582504718309858 0.4683493627968338 0.6793704647887323 0.5120992928759894 0.7579357347417841 0.5964400844327177 0.726145676056338 0.5297813575197889 0.6582504718309858
0 0.8348655197889182 0.5544056384976526 0.8103891635883905 0.5726536126760563 0.847080734828496 0.6361490211267605 0.9193463812664907 0.6121247746478873 0.8348655197889182 0.5544056384976526
0 0.12856595646437996 0.7012408427230047 0.1928576926121372 0.6960697136150235 0.18742282189973614 0.6502342441314555 0.12581949604221637 0.6654126854460094 0.12856595646437996 0.7012408427230047
0 0.334270209762533 0.6468640375586854 0.316605382585752 0.6163493474178403 0.2758406978891821 0.6436601666666667 0.29045652242744063 0.6776809812206572 0.334270209762533 0.6468640375586854
0 0.5340426055408971 0.6424034483568074 0.502180974934037 0.571406647887324 0.42382539050131923 0.608094471830986 0.45922627308707126 0.6656393521126761 0.5340426055408971 0.6424034483568074
0 0.7147947071240106 0.5309126830985915 0.6845684960422164 0.5088391150234742 0.6586884643799472 0.5324481572769952 0.6974832427440634 0.5523975328638497 0.7147947071240106 0.5309126830985915
0 0.8601246952506596 0.435555720657277 0.8960891556728232 0.4243250892018779 0.8984258918205805 0.42006665258215964 0.8705965936675463 0.4100372910798122 0.8252901820580475 0.4263172769953052 0.8601246952506596 0.435555720657277
0 0.789410845646438 0.43877578873239437 0.8298263852242744 0.4449079014084507 0.8551808852242745 0.4385748732394366 0.8248437453825856 0.431232072769953 0.789410845646438 0.43877578873239437
0 0.740322518469657 0.44800387793427227 0.7753282757255937 0.4613670704225352 0.8020735567282322 0.44591477230046944 0.7778173931398418 0.4340157230046948 0.740322518469657 0.44800387793427227
0 0.5925913205804749 0.4888546338028169 0.6247838575197889 0.5070867089201878 0.6698641662269129 0.49512198122065726 0.6293070224274406 0.46850996009389667 0.5925913205804749 0.4888546338028169
0 0.6051992704485488 0.5012312394366197 0.579136474934037 0.4775054131455399 0.5327437810026385 0.5019010093896714 0.5658214129287599 0.5286090915492958 0.6051992704485488 0.5012312394366197
0 0.5483750910290237 0.5162763990610328 0.5267481701846966 0.4891115399061033 0.4884825316622692 0.5167535234741784 0.506741296833773 0.5327983568075118 0.5483750910290237 0.5162763990610328
0 0.438349209762533 0.5619403356807512 0.4088104920844327 0.5293240492957746 0.3692818957783641 0.5485328849765257 0.39339896569920846 0.5790871502347418 0.438349209762533 0.5619403356807512
0 0.32403865831134565 0.5932546455399061 0.29995450659630607 0.5535362417840376 0.24545203562005274 0.5712274882629108 0.25884589973614774 0.6194219718309859 0.32403865831134565 0.5932546455399061
0 0.04597662928759894 0.5399045399061033 0.044535229551451186 0.5529024530516432 0.046143928759894454 0.5664695704225352 0.0792784313984169 0.5582473779342723 0.08723727308707124 0.5331353708920188 0.04597662928759894 0.5399045399061033
0 0.13210495646437995 0.5236769812206573 0.09078605013192613 0.5299547816901409 0.08737704749340369 0.5576350798122066 0.13168563852242743 0.5508852230046949 0.13210495646437995 0.5236769812206573
0 0.13204669788918205 0.5231856502347417 0.13015640501319262 0.5521780375586854 0.17613831530343008 0.5450217910798122 0.1748477612137203 0.5147590492957747 0.13204669788918205 0.5231856502347417
0 0.17378058575197888 0.5133128568075117 0.17714313324538258 0.5393060938967136 0.21954216622691292 0.530312823943662 0.21477281134564644 0.5084936455399061 0.17378058575197888 0.5133128568075117
0 0.21114285620052772 0.5067757652582159 0.22177772427440634 0.5278820821596244 0.2672181715039578 0.5137942464788733 0.25411473614775726 0.4973103849765258 0.21114285620052772 0.5067757652582159
0 0.257755808707124 0.4954813943661972 0.27080103298153035 0.5156311525821596 0.3143214327176781 0.5019051126760563 0.29894345646438 0.48509335211267607 0.257755808707124 0.4954813943661972
0 0.2994726569920844 0.4830999694835681 0.3094665672823219 0.4988007112676056 0.3439182203166227 0.48427132863849764 0.3367678997361478 0.47293907276995306 0.2994726569920844 0.4830999694835681
0 0.3864878337730871 0.46404222065727696 0.4014133324538258 0.4819792769953052 0.4385908562005277 0.46442438967136146 0.4216400870712401 0.4515415492957746 0.3864878337730871 0.46404222065727696
0 0.4269511649076517 0.44903373004694835 0.44278774538258575 0.45961457276995304 0.4786619591029024 0.4523530023474179 0.45753706992084436 0.43887240375586856 0.4269511649076517 0.44903373004694835
0 0.04246281134564644 0.5354245399061033 0.0467654142480211 0.5347320070422535 0.05347926121372032 0.5204049413145541 0.0410947691292876 0.5202877746478873 0.04194624142480211 0.5310679976525822 0.04246281134564644 0.5354245399061033
0 0.05969564907651715 0.5137073262910798 0.05323193799472296 0.5325088708920188 0.08863292480211082 0.528350882629108 0.09173079551451187 0.5115652699530516 0.05969564907651715 0.5137073262910798
0 0.09500426253298154 0.5040404366197183 0.09066950923482849 0.5289719319248826 0.13085002638522428 0.5249182300469484 0.13092693799472296 0.49915254929577463 0.09500426253298154 0.5040404366197183
0 0.1329904419525066 0.5004002089201878 0.1327359907651715 0.5195389741784038 0.17184350395778364 0.511165868544601 0.17110049340369393 0.48906952816901406 0.1329904419525066 0.5004002089201878
0 0.17331167678100262 0.49280322769953055 0.17235085751978893 0.5130799295774647 0.21598778364116095 0.5003366220657277 0.21102554353562003 0.4828041244131455 0.17331167678100262 0.49280322769953055
0 0.20991640633245381 0.47987771830985915 0.2157717401055409 0.5008797136150235 0.254039345646438 0.4901530093896714 0.24434060554089712 0.4740133262910798 0.20991640633245381 0.47987771830985915
0 0.24504308179419526 0.4757714107981221 0.2553283759894459 0.4939292136150235 0.29471015963060687 0.48550442957746476 0.2816890949868074 0.4608285845070422 0.24504308179419526 0.4757714107981221
0 0.28572104353562006 0.46408814553990607 0.2979676147757256 0.47986676995305166 0.3329848931398417 0.4677428920187794 0.3169545316622691 0.44776272535211264 0.28572104353562006 0.46408814553990607
0 0.32318990105540896 0.44899024647887326 0.3362764142480211 0.4671227323943662 0.36833469920844325 0.45605866666666667 0.35467625197889185 0.4406555211267606 0.32318990105540896 0.44899024647887326
0 0.36622989313984167 0.44540255633802817 0.3752503073878628 0.45525799530516436 0.4115978535620053 0.4448929765258216 0.3973016424802111 0.4275966901408451 0.36622989313984167 0.44540255633802817
0 0.40326671503957784 0.4313909061032864 0.4177488482849604 0.444738823943662 0.44947460686015833 0.4332351056338028 0.4307624841688654 0.4200353544600939 0.40326671503957784 0.4313909061032864
0 0.06036789445910291 0.5075519436619719 0.06638756992084432 0.48114615962441315 0.0422517585751979 0.48484087558685446 0.039442484168865435 0.4993687253521127 0.040318494722955144 0.5104596197183098 0.06036789445910291 0.5075519436619719
0 0.07365486807387862 0.4824408943661972 0.06934428364116095 0.5028463450704226 0.09671542744063324 0.4971870023474178 0.09862249604221636 0.4750727323943662 0.07365486807387862 0.4824408943661972
0 0.10379310422163589 0.4717385915492958 0.10580834300791557 0.4934641408450704 0.13313826385224273 0.48982206572769954 0.13164599340369393 0.4638230046948357 0.10379310422163589 0.4717385915492958
0 0.13755544459102903 0.46085588967136154 0.13676235092348285 0.48964170422535214 0.1683303153034301 0.4791723309859155 0.16701860290237466 0.45464453990610326 0.13755544459102903 0.46085588967136154
0 0.16439502770448547 0.4578085375586854 0.16828913060686015 0.48118974178403756 0.20631651319261213 0.4755320610328639 0.19651013060686015 0.449088 0.16439502770448547 0.4578085375586854
0 0.19476637994722953 0.44907188732394365 0.2048867704485488 0.4752990211267606 0.23499090105540896 0.4595792253521127 0.22159499736147759 0.44184786150234745 0.19476637994722953 0.44907188732394365
0 0.2893878720316623 0.4216986690140845 0.31289038522427437 0.444902072769953 0.3359140343007916 0.43805219718309857 0.32197752374670185 0.4191638544600939 0.2893878720316623 0.4216986690140845
0 0.3298597308707124 0.42010203051643197 0.34248004221635886 0.4343031244131455 0.37245341952506594 0.43167018309859156 0.3506374208443272 0.4125070751173709 0.3298597308707124 0.42010203051643197
0 0.3638139063324538 0.4132022957746479 0.3770411042216359 0.42779142723004693 0.40308200527704485 0.4203730657276995 0.38644737467018475 0.407017 0.3638139063324538 0.4132022957746479
0 0.3944183284960422 0.4064312676056338 0.41131082453825857 0.4188226596244131 0.43645349340369394 0.4085591924882629 0.4120723100263853 0.3984181784037559 0.3944183284960422 0.4064312676056338
0 0.5375059313984168 0.41413704225352116 0.5651058218997361 0.43405649295774645 0.5994991609498681 0.419035676056338 0.5501433522427441 0.40382729107981225 0.5375059313984168 0.41413704225352116
0 0.3227218350923483 0.5159916713615024 0.31524773350923485 0.5073520422535212 0.29302916886543534 0.5239155962441314 0.3063593839050132 0.5411797887323944 0.3227218350923483 0.5159916713615024
0 0.42869603693931396 0.4779388286384977 0.41753239841688655 0.4760230751173709 0.3940544868073879 0.49482582629107985 0.40756395778364113 0.5125662417840375 0.42869603693931396 0.4779388286384977
0 0.05094187862796833 0.606933514084507 0.07064137730870712 0.6049851995305164 0.07324182981530343 0.5729953286384977 0.047233596306068604 0.5756593873239436 0.05094187862796833 0.606933514084507
0 0.08586484036939314 0.5705510492957746 0.12405956332453826 0.5677603075117371 0.12095842875989445 0.5485194671361503 0.08474327440633245 0.5535547159624413 0.08586484036939314 0.5705510492957746