1 0 0.6592054296116505 0.05876836920980927 0.7238776650485437 0.08432819346049046 0.6434739393203883 0.000078716621253406 0.5599667087378641 0 0.5600999878640777 0 0.6592054296116505
1 0.184234810626703 0.8619484490291263 0.1888622316076294 0.8128477135922331 0.11435972070844685 0.7467662936893203 0.10658889237057222 0.7765022305825243 0.184234810626703 0.8619484490291263
1 0 0.4671988058252427 0.01032375749318801 0.47775575 0.047189051771117166 0.3974498495145631 0.024318888283378748 0.3467765776699029 0 0.317079786407767 0 0.4671988058252427
1 0.13255719073569483 0.47143318689320385 0.07938148773841962 0.4040439029126214 0.03642062397820164 0.5111770825242719 0.09775776839237058 0.5739733665048543 0.13255719073569483 0.47143318689320385
1 0.21877407084468664 0.553004067961165 0.16544633514986376 0.5087352936893204 0.143057878746594 0.6091059466019417 0.20544616076294278 0.6736280097087378 0.21877407084468664 0.553004067961165
1 0.2321362438692098 0.6960353106796117 0.29476703133514986 0.7597236286407766 0.30236737329700275 0.6305789733009709 0.263788053133515 0.5825792742718446 0.2318493160762943 0.6039879174757281 0.2321362438692098 0.6960353106796117
1 0.34952195231607625 0.6780349150485437 0.3157310940054496 0.7218020218446601 0.33193139645776565 0.800306968446602 0.3890387833787466 0.856812286407767 0.398809242506812 0.7866116917475728 0.38843491008174386 0.7208570655339805 0.34952195231607625 0.6780349150485437
1 0.5746632670299727 1 0.5767864291553134 0.9547449417475729 0.5496351321525885 0.8683100048543689 0.5186276525885559 0.8497126990291263 0.4809993474114441 0.88666563592233 0.5040400640326976 0.9866934368932039 0.5222630122615803 1 0.5746632670299727 1
1 0.637504272479564 1 0.6235456525885559 0.9396651747572815 0.5916893610354224 0.9134800752427185 0.5656275667574931 0.9347024247572815 0.5791589659400546 1 0.637504272479564 1
1 0.01057667302452316 0.3351360509708738 0.049663298365122614 0.3753748616504854 0.04974600544959128 0.4059848398058252 0.0718501825613079 0.3664972233009709 0.06372415803814714 0.3409081529126214 0.037297389645776564 0.31182655339805826 0.02315382288828338 0.3156832839805825 0.01057667302452316 0.3351360509708738
1 0.18634242779291552 0.47029573786407763 0.1718222070844687 0.49593358252427183 0.17893534332425068 0.5093102063106796 0.1763445803814714 0.5175569830097088 0.20036891553133515 0.5439947985436893 0.21211004904632152 0.537494286407767 0.21951713351498636 0.49847981796116503 0.2022407356948229 0.47114448300970874 0.18634242779291552 0.47029573786407763
1 0.3184762670299728 0.6157037257281553 0.3048747711171662 0.6589993009708739 0.3103158705722071 0.6982804247572815 0.3247304727520436 0.71414311407767 0.3362005694822888 0.687923182038835 0.3643935367847411 0.685655 0.3584930735694823 0.6375450097087378 0.3368711730245232 0.6137509757281553 0.3184762670299728 0.6157037257281553
1 0.5039115476839238 0.8641590339805826 0.5256390694822888 0.8464525315533981 0.5234364209809265 0.7968629368932039 0.4972921457765667 0.7514455024271844 0.48463228746594006 0.7402882888349515 0.4759412792915531 0.747370890776699 0.4573465885558583 0.7962694563106796 0.4559570435967302 0.8058381213592234 0.4690762629427793 0.8258241990291263 0.4686996089918256 0.8476053131067961 0.4735044754768392 0.8528928762135922 0.48459791689373294 0.8484540582524271 0.5039115476839238 0.8641590339805826
1 0.5485792656675749 0.7940126650485437 0.5235305858310627 0.7914176577669902 0.5216702220708447 0.8282127184466019 0.5272996498637602 0.8566032888349514 0.5537264168937329 0.8856848834951456 0.568412053133515 0.921266995145631 0.5924478433242507 0.9116495533980583 0.5982770572207085 0.8930943106796116 0.5915405762942779 0.8579365703883496 0.5485792656675749 0.7940126650485437
1 0.728779144414169 1 0.7294094645776567 0.9902345946601941 0.6961520517711172 0.931440536407767 0.6700904836512261 0.9166330800970873 0.6554760980926431 0.9477162063106795 0.6873554223433243 0.980023672330097 0.6974061171662126 1 0.728779144414169 1
1 0.6747413923705722 0.824645432038835 0.6592197384196185 0.8020155728155339 0.638151363760218 0.7816051213592233 0.6253031784741144 0.7813384660194175 0.6078155408719347 0.8370042014563107 0.631922583106267 0.894051995145631 0.660845946866485 0.9203320970873786 0.6847990313351499 0.8801046796116505 0.6894270286103542 0.860227541262136 0.6785219128065395 0.8537758033980583 0.6747413923705722 0.824645432038835
1 0.4556491280653951 0.6112876941747573 0.4440963242506812 0.6068976529126213 0.4333795381471389 0.589555354368932 0.4193301348773842 0.5879668082524272 0.4032320408719346 0.6340638762135922 0.4164339686648501 0.6846599344660195 0.45126925340599455 0.7229947669902913 0.4720895068119891 0.651575281553398 0.4694160395095368 0.6292120800970874 0.4556491280653951 0.6112876941747573
1 0.29973907493188007 0.5312718252427184 0.3048149782016349 0.5562788082524271 0.3396502615803815 0.594613640776699 0.3522388705722071 0.5391056213592232 0.3470688038147139 0.5195439150485437 0.329050553133515 0.4997155533980583 0.310749810626703 0.4962230291262136 0.29973907493188007 0.5312718252427184
1 0.1940434604904632 0.3788901747572816 0.18284439782016348 0.4248295291262136 0.22072980653950955 0.46374645145631066 0.22785439918256128 0.44106781796116507 0.22851354768392373 0.4029508665048544 0.21363958310626702 0.3782593131067961 0.20338215940054494 0.3697458810679612 0.1940434604904632 0.3788901747572816
1 0.13850499863760218 0.3344190315533981 0.1268465749318801 0.3715295266990291 0.16353076702997274 0.4091245558252427 0.17379964713896456 0.3815827305825243 0.17611937329700275 0.3536165339805825 0.16004419346049045 0.32760308980582525 0.1521892029972752 0.3217334393203884 0.13850499863760218 0.3344190315533981
1 0.10448282016348773 0.35524246116504854 0.12492641689373296 0.3056040922330097 0.1215110953678474 0.29074786165048544 0.09693323433242507 0.26092646116504853 0.07964538010899182 0.26964638349514564 0.0666915749318801 0.31088026213592235 0.10448282016348773 0.35524246116504854
1 0.35260406811989103 0.5533797621359223 0.3869799904632153 0.5828857330097087 0.4022420667574932 0.5497409150485437 0.38284572888283375 0.5034259611650486 0.3635320953678474 0.48772098786407764 0.348635219346049 0.5351399490291262 0.35260406811989103 0.5533797621359223
1 0.5118581934604904 0.5815866286407767 0.4871632561307902 0.6293210218446602 0.4819817329700272 0.645814572815534 0.484101674386921 0.6647941893203883 0.5012839073569482 0.6975748033980583 0.5379680994550409 0.7351698325242718 0.5462939100817439 0.7138130922330098 0.551121689373297 0.646990140776699 0.5334800953678474 0.6053806650485437 0.5118581934604904 0.5815866286407767
0 0.3219236702997275 1 0.32019838964577657 0.9616550291262136 0.20965150817438694 0.8431710946601941 0.20882557629427792 0.889009599514563 0.309683772479564 1 0.3219236702997275 1
0 0.4606206021798365 0.8468699708737865 0.40038294005449593 0.7916703155339805 0.4078878079019074 0.9007784684466019 0.49164541008174384 0.9744793737864078 0.4606206021798365 0.8468699708737865
0 0.09053957765667575 0.41440747572815534 0.14717902861035423 0.4848019733009709 0.15988768664850136 0.44434843689320386 0.10175092234332425 0.3845206432038835 0.09053957765667575 0.41440747572815534
0 0.28606490871934603 0.6114290097087378 0.2825781158038147 0.5682749441747573 0.23757841008174388 0.5415600291262136 0.23714609673024523 0.5838071213592233 0.28606490871934603 0.6114290097087378
0 0.44052791689373294 0.8156856310679611 0.4300920613079019 0.7366568762135922 0.3939077915531335 0.7035053276699029 0.4000452016348774 0.7761766626213592 0.44052791689373294 0.8156856310679611
0 0.6535684100817439 0.9644373033980582 0.6362056103542234 0.9130701893203883 0.6052659495912807 0.9007853106796118 0.630720053133515 0.9604643446601943 0.6535684100817439 0.9644373033980582
0 0.7591316866485014 1 0.7438119196185285 0.9649715995145631 0.7066309700272481 0.9320990461165048 0.7313526498637603 0.9824912257281553 0.7572018569482288 1 0.7591316866485014 1
0 0.5655298283378746 0.7919448131067962 0.5860176607629427 0.8427184514563106 0.6288853950953679 0.8858601480582524 0.6044515762942779 0.8191778179611651 0.5655298283378746 0.7919448131067962
0 0.5715738228882834 0.8157341990291263 0.5583770217983651 0.7679434101941747 0.5096926485013624 0.7325550169902912 0.5277283528610355 0.7906709077669903 0.5715738228882834 0.8157341990291263
0 0.5175524182561307 0.7613264466019417 0.5094289741144414 0.7160943470873786 0.4664296430517711 0.6925125000000001 0.4758929741144414 0.7255631771844661 0.5175524182561307 0.7613264466019417
0 0.40670203814713896 0.6683068592233009 0.39391041689373296 0.609872640776699 0.3530256117166212 0.5785441067961166 0.36198547547683924 0.6291793519417477 0.40670203814713896 0.6683068592233009
0 0.297633174386921 0.5596392451456311 0.29216646049046324 0.5022088567961165 0.23911927247956402 0.45245546844660195 0.232288242506812 0.5038597936893204 0.297633174386921 0.5596392451456311
0 0.005878201634877385 0.25232669902912624 0.052286242506811985 0.3098073373786408 0.07023333923705723 0.2882241844660194 0.015530784741144416 0.2216010995145631 0.005878201634877385 0.25232669902912624
0 0.04202210762942779 0.15596173058252427 0.03384557901907357 0.16330239805825242 0.032956256130790194 0.16613324757281556 0.0659267901907357 0.20866021844660196 0.0805186485013624 0.19903728883495145 0.04202210762942779 0.15596173058252427
0 0.11895116348773842 0.2413307281553398 0.0812968446866485 0.19872632524271847 0.06837105040871934 0.21562266990291262 0.10268629427792916 0.25086364077669904 0.11895116348773842 0.2413307281553398
0 0.16069034877384195 0.2860956917475728 0.12317226839237057 0.24305761893203884 0.1098061961852861 0.2597601504854369 0.15004568392370574 0.30589901699029126 0.16069034877384195 0.2860956917475728
0 0.16082657765667574 0.28566205582524273 0.1482561348773842 0.3050968859223301 0.1900725490463215 0.35286524029126215 0.20041782970027247 0.3288096310679612 0.16082657765667574 0.28566205582524273
0 0.20005696730245232 0.32649881553398064 0.19308843460490463 0.3497638398058252 0.2325520054495913 0.39202458252427186 0.23674566212534062 0.37024718932038836 0.20005696730245232 0.32649881553398064
0 0.2343077247956403 0.36477404368932037 0.2353726021798365 0.3927939611650485 0.27934944822888286 0.43476849999999995 0.27443705177111716 0.40734433737864073 0.2343077247956403 0.36477404368932037
0 0.27822559128065394 0.41018563106796113 0.2817023228882834 0.44027600970873787 0.32390924659400544 0.4803028640776699 0.3171861961852861 0.4500073446601942 0.27822559128065394 0.41018563106796113
0 0.3183900544959128 0.4491321699029126 0.32095371798365124 0.47238122815533984 0.3557508664850136 0.5013356140776699 0.35395403814713894 0.48462792961165047 0.3183900544959128 0.4491321699029126
0 0.3996080326975477 0.5354154514563106 0.4055207234332425 0.5660274684466019 0.44378040190735696 0.5958740097087378 0.43423398637602184 0.566691645631068 0.3996080326975477 0.5354154514563106
0 0.43969964986376026 0.5709554563106796 0.449168810626703 0.5971345873786408 0.48242782425068115 0.633151063106796 0.46955708446866484 0.5987023106796117 0.43969964986376026 0.5709554563106796
0 0.08392359809264305 0.1957804368932039 0.09505150953678475 0.19285138349514563 0.0665420408719346 0.1537401868932039 0.05056765395095368 0.15790626941747574 0.08392359809264305 0.1957804368932039
0 0.10287144686648501 0.1950366480582524 0.09026439645776567 0.20159094174757283 0.12194737057220709 0.23937504611650484 0.13092929427792915 0.2304367233009709 0.10287144686648501 0.1950366480582524
0 0.13655888010899184 0.2286064077669903 0.12344478065395095 0.24219017475728155 0.1591536076294278 0.2855719053398058 0.16896157220708447 0.26644876941747575 0.13655888010899184 0.2286064077669903
0 0.170244946866485 0.269762213592233 0.16279174931880108 0.2837390024271845 0.1992211811989101 0.3226608009708738 0.20694429291553132 0.30532675485436894 0.170244946866485 0.269762213592233
0 0.20741325204359676 0.3106644441747573 0.19892897002724796 0.3246739441747573 0.2408634128065395 0.36556814320388353 0.24327212534059944 0.3467643131067961 0.20741325204359676 0.3106644441747573
0 0.2434352697547684 0.34330132524271845 0.24047430108991827 0.3657235873786408 0.27707928065395093 0.4019204344660194 0.27493265122615806 0.3786849781553398 0.2434352697547684 0.34330132524271845
0 0.27486538147138967 0.3808071674757281 0.27674782152588556 0.4062248300970874 0.31343007629427794 0.4454248422330097 0.31168530245231607 0.41198753155339807 0.27486538147138967 0.3808071674757281
0 0.31388221798365123 0.41907447815533977 0.318332461852861 0.44498319660194174 0.3527011376021798 0.476384463592233 0.3466212356948229 0.44297301456310684 0.31388221798365123 0.41907447815533977
0 0.3514606553133515 0.45108951699029126 0.35573527656675746 0.47972341262135926 0.387186408719346 0.5084975898058252 0.3813932983651226 0.48123827669902913 0.3514606553133515 0.45108951699029126
0 0.3894254373297003 0.49812112135922326 0.39337131471389647 0.5158873883495145 0.4282064046321526 0.5501364538834951 0.422586674386921 0.5207289830097087 0.3894254373297003 0.49812112135922326
0 0.4262256689373297 0.5304471529126213 0.43349650000000006 0.5571252791262136 0.4648310367847412 0.5851875970873787 0.453906310626703 0.55373475 0.4262256689373297 0.5304471529126213
0 0.06845076021798364 0.11787448058252428 0.047096250681198916 0.12112355339805825 0.046479877384196185 0.12308556310679612 0.07597424931880109 0.15609892475728157 0.0953898583106267 0.15061695873786407 0.06845076021798364 0.11787448058252428
0 0.09894933923705722 0.15336673786407767 0.08480416348773842 0.16698326699029126 0.10577071253405995 0.1912233131067961 0.1208754046321526 0.1784861723300971 0.09894933923705722 0.15336673786407767
0 0.1265671280653951 0.18784456067961164 0.11518497820163487 0.19808142718446603 0.14060576158038146 0.225472427184466 0.15058971253405995 0.21118557766990292 0.1265671280653951 0.18784456067961164
0 0.15624834741144414 0.21467102427184467 0.14974754632152587 0.23319788349514564 0.17437049727520434 0.2620454296116505 0.18293201907356946 0.240936036407767 0.15624834741144414 0.21467102427184467
0 0.18908030517711172 0.24554843689320388 0.17752120708446867 0.2660963932038835 0.20833042234332427 0.2947477281553398 0.2164892029972752 0.27494389563106797 0.18908030517711172 0.24554843689320388
0 0.21306131335149864 0.2742731480582524 0.20753256675749318 0.29620442718446605 0.2420165190735695 0.3359035194174757 0.2436746348773842 0.3048603737864078 0.21306131335149864 0.2742731480582524
0 0.24219755722070846 0.3028345097087379 0.24088855177111718 0.33407854854368935 0.2724379795640327 0.35712437378640777 0.26774852861035425 0.32843225485436894 0.24219755722070846 0.3028345097087379
0 0.3330294386920981 0.3917019393203884 0.34424609809264306 0.43614632524271846 0.3664192329700272 0.4576287063106796 0.3617074386920981 0.4274495509708738 0.3330294386920981 0.3917019393203884
0 0.36805700408719344 0.43725223058252427 0.37342163351498636 0.4624163033980582 0.39991143596730244 0.4950692233009709 0.38860154087193466 0.45558519660194174 0.36805700408719344 0.43725223058252427
0 0.39954608719346046 0.47132105582524275 0.4052801866485014 0.4974753640776699 0.43023463896457764 0.5220184733009708 0.4211360544959128 0.49284836165048546 0.39954608719346046 0.47132105582524275
0 0.42813732833787466 0.5016172427184465 0.4378200040871935 0.5303658616504855 0.46308624795640324 0.5517501771844661 0.44618305858310625 0.5160308713592233 0.42813732833787466 0.5016172427184465
0 0.5469285558583106 0.6726143616504855 0.5628720231607629 0.719342145631068 0.59780539373297 0.74786275 0.5615758065395096 0.6795218980582525 0.5469285558583106 0.6726143616504855
0 0.32572788828337873 0.5005079805825242 0.32263752316076294 0.4854341019417476 0.2974762179836512 0.47212442961165046 0.30228644414168937 0.5003923422330097 0.32572788828337873 0.5005079805825242
0 0.43025414713896454 0.5945234417475728 0.42148316212534065 0.5802021310679611 0.394404014986376 0.5671076796116504 0.3991866389645777 0.595937708737864 0.43025414713896454 0.5945234417475728
0 0.039789952316076294 0.22962001699029128 0.0776673855585831 0.2757383932038835 0.09197527792915532 0.25488867475728155 0.05269308038147139 0.2072479368932039 0.039789952316076294 0.22962001699029128
0 0.10363617029972752 0.26764438834951454 0.13717840599455042 0.3096744490291262 0.14181606403269756 0.2917461917475728 0.109108878746594 0.253675927184466 0.10363617029972752 0.26764438834951454