1 0.35242323722627733 0.8154942207792207 0.24759102798053528 0.852506158008658 0.34137596715328467 0.974849025974026 0.40708087956204375 0.9500098354978355 0.42012685888077855 0.9417427229437229 0.35242323722627733 0.8154942207792207
1 0.3331949318734793 0.6913749307359307 0.29279068004866177 0.6355064891774892 0.18148106204379563 0.6641424264069264 0.14340759367396594 0.716598406926407 0.23109140389294403 0.8309823246753247 0.3294465924574209 0.7963864891774892 0.3331949318734793 0.6913749307359307
1 0.18478317761557178 0.5430747251082251 0.1275417493917275 0.553742564935065 0.06885205596107057 0.5604139372294373 0.11442870316301704 0.6714147099567099 0.24646997688564476 0.6340811731601731 0.18478317761557178 0.5430747251082251
1 0 0.48061213419913423 0.022760766423357667 0.5203056623376623 0.1339425717761557 0.5387147034632035 0.14105859732360096 0.49551792640692643 0.09399572871046229 0.4151599090909091 0.05323835644768857 0.3967596536796537 0 0.4079570238095238 0 0.48061213419913423
1 0 0.3875214935064935 0.08464042214111922 0.3953218614718615 0.031125397810218974 0.2920560173160173 0 0.28662641774891773 0 0.3875214935064935
1 0.5872504184914842 1 0.6265626094890511 0.9676631731601731 0.6250610985401459 0.9119721515151515 0.5904499306569343 0.8720896038961039 0.5357225498783456 0.9313406926406926 0.5846172055961071 1 0.5872504184914842 1
0 0.5541251569343065 0.8978519696969697 0.5307617676399027 0.8577416212121213 0.4983347068126521 0.8154403766233767 0.46556060948905115 0.8243115952380952 0.457633296836983 0.8366974307359307 0.5038315170316302 0.9105091991341991 0.5541251569343065 0.8978519696969697
1 0.41860656082725056 0.630008354978355 0.39966130291970803 0.5905441168831169 0.35192169586374694 0.5819999632034633 0.3167280669099757 0.6182684978354978 0.3628077907542579 0.7026119502164502 0.41516657420924574 0.6999699372294373 0.41860656082725056 0.630008354978355
1 0.3039468199513382 0.5984346277056276 0.3646676435523114 0.5912520367965367 0.36510896715328467 0.5444168874458875 0.3425017834549879 0.5064971645021645 0.30587739294403893 0.5082384632034632 0.2690470109489051 0.5318361796536797 0.3039468199513382 0.5984346277056276
1 0.31638694525547445 0.5020500497835498 0.3221494440389295 0.4647564025974026 0.31590949026763987 0.4460726277056277 0.2941961946472019 0.4203834696969697 0.2740265802919708 0.4098877142857143 0.23131139051094893 0.42533572943722947 0.2277825194647202 0.46343796103896107 0.2581236204379562 0.5183029112554113 0.2706687506082725 0.513580632034632 0.2762912311435523 0.5261870476190476 0.31638694525547445 0.5020500497835498
1 0.2035077274939173 0.36534233766233765 0.20981290389294405 0.34193628138528137 0.18863272262773723 0.29585511471861475 0.15475782481751824 0.27011668614718615 0.12058375790754258 0.27561917965367966 0.10996583819951339 0.29076331385281384 0.11320278710462287 0.3055296558441558 0.1492388394160584 0.3525388441558442 0.16678897688564476 0.3543456168831169 0.19057906812652067 0.3748361688311688 0.2035077274939173 0.36534233766233765
1 0.03299134793187348 0.14422093506493505 0.06351710827250609 0.16690836363636366 0.0682881703163017 0.16258850865800867 0.07290964963503649 0.17388911255411255 0.0792896192214112 0.14267282467532466 0.06527559975669099 0.12439147619047619 0.056724906326034066 0.1000573961038961 0.052515785888077864 0.0953475974025974 0.03299134793187348 0.14422093506493505
1 0.702566204379562 1 0.7016133515815085 0.9861280692640693 0.6957569270072993 0.9626727445887446 0.6776641094890511 0.9469783787878787 0.6628925985401459 0.9725197294372295 0.6640527530413626 0.9924846796536796 0.6698138065693431 1 0.702566204379562 1
1 0.5860302968369829 0.8142620064935066 0.5680122712895377 0.7907574134199135 0.5446152761557178 0.7997749134199135 0.5183893734793187 0.8196271515151515 0.5456354136253041 0.8696399242424242 0.5576474306569343 0.8853096558441559 0.5769656265206813 0.8788791385281386 0.591503192214112 0.842488880952381 0.5860302968369829 0.8142620064935066
1 0.459689305352798 0.7074401341991342 0.46345936739659366 0.7018144675324676 0.4787639902676399 0.6558811082251081 0.4789135742092458 0.6402606493506493 0.46959582481751827 0.6254696709956711 0.440417199513382 0.6032216168831168 0.4176376776155718 0.6183164805194805 0.41726371654501215 0.657367632034632 0.43089420681265206 0.6804205303030303 0.43274662530413627 0.6986526125541126 0.43675063260340635 0.7038758571428572 0.4462927579075426 0.695236145021645 0.459689305352798 0.7074401341991342
1 0.4326218175182482 0.5655623376623377 0.3894291703163017 0.5250329329004328 0.37149550486618005 0.5279977077922078 0.3652651192214112 0.5435935346320346 0.3692786922141119 0.5830963787878788 0.39014057177615574 0.5918592662337663 0.4267097360097324 0.6184764437229436 0.43501231386861317 0.5979784264069264 0.4326218175182482 0.5655623376623377
1 0.3211293065693431 0.3948913896103896 0.2835591399026764 0.3669684004329004 0.27263248418491487 0.3790738506493506 0.2546988175182482 0.3820386298701299 0.2757198479318735 0.4094606536796537 0.30258773479318735 0.42605840692640695 0.32792150729927005 0.46174235714285716 0.3366870085158151 0.42836614285714286 0.3211293065693431 0.3948913896103896
1 0.14318499270072993 0.17330597835497835 0.11315494890510949 0.13413165367965368 0.10330408637469586 0.139732683982684 0.0922182785888078 0.13317899783549783 0.07867214720194647 0.13659546536796535 0.07360191484184915 0.17215624242424243 0.1409681812652068 0.2284046471861472 0.15473868856447687 0.201557487012987 0.14318499270072993 0.17330597835497835
1 0.24676559732360095 0.3637819134199134 0.27747833941605843 0.36694376406926404 0.2820154586374696 0.351775 0.23951507542579076 0.3095127251082251 0.21211407542579075 0.3133069826839827 0.2062672189781022 0.32413125757575756 0.20766131751824815 0.3549451212121212 0.221366599756691 0.3701877922077922 0.22891629075425793 0.39321605844155844 0.23568935766423357 0.39150782467532463 0.24676559732360095 0.3637819134199134
1 0.412201302919708 0.445160974025974 0.40765461678832116 0.4260501406926407 0.39132985644768853 0.402118487012987 0.3759313065693431 0.38730287445887446 0.3616929099756691 0.3924522121212121 0.3550694282238443 0.37853998701298697 0.3478380413625304 0.39283000216450215 0.33823069099756686 0.44355954545454546 0.35986919464720196 0.4770589329004329 0.3935101472019465 0.4919484502164502 0.412201302919708 0.445160974025974
1 0.5521171289537713 0.6514051753246753 0.5461859124087591 0.6357600822510823 0.5334816301703164 0.6218232229437229 0.5226297664233577 0.6261184437229438 0.5013333771289538 0.6693847164502165 0.5338961496350365 0.714635564935065 0.5541382676399027 0.722576 0.5690593613138686 0.6814141904761905 0.5635116727493917 0.6609975476190477 0.5521171289537713 0.6514051753246753
1 0.6243483856447689 0.7640826948051949 0.6138800498783454 0.763606367965368 0.5935704197080293 0.8030106731601732 0.6225994622871046 0.8408791861471862 0.6354533296836983 0.8391955844155845 0.6472218333333333 0.8097368051948052 0.6393634075425791 0.7836698593073593 0.6243483856447689 0.7640826948051949
1 0.716983198296837 0.8981048809523811 0.7002844781021897 0.9132243787878789 0.6926695632603406 0.9322859415584416 0.7230083430656934 0.9744989458874458 0.7395479111922141 0.9407203095238095 0.7403897615571776 0.9233669805194805 0.7330740145985402 0.9111876233766234 0.716983198296837 0.8981048809523811
1 0.778702115571776 1 0.7793540255474453 0.9821038311688312 0.7740402822384429 0.9725360974025974 0.7569484647201946 0.9581475454545455 0.7453295437956204 0.9719858658008659 0.7366388357664233 0.9975518484848485 0.738394598540146 1 0.778702115571776 1
1 0.5824654768856448 0.7278977835497835 0.6074157201946472 0.7683532813852814 0.6168830547445255 0.7675238008658009 0.6328051496350365 0.727667803030303 0.6191746581508516 0.7046149004329004 0.5919232433090024 0.6927887012987013 0.5824654768856448 0.7278977835497835
1 0.5273164695863747 0.5953292164502165 0.5400016167883211 0.5407068766233767 0.5219835912408759 0.5172022813852813 0.49742644282238446 0.5062548333333333 0.4694175377128954 0.538251329004329 0.4628036228710462 0.5586187056277057 0.492141401459854 0.5995258982683983 0.5126197518248176 0.6130603354978356 0.5217783491484185 0.6091921731601732 0.5273164695863747 0.5953292164502165
0 0.37734784428223844 0.7349748744588745 0.438942902676399 0.8328746839826839 0.48997922506082725 0.8036375021645021 0.444706102189781 0.7340426969696969 0.37734784428223844 0.7349748744588745
0 0.13998159367396593 0.36663048051948055 0.1934034209245742 0.44780791341991344 0.23572505231143553 0.4253035281385281 0.21966117031630172 0.38929705411255416 0.13998159367396593 0.36663048051948055
0 0.6336983333333334 0.9522606406926407 0.6523092299270072 0.9359488095238095 0.6249367493917275 0.8785744307359308 0.6045723418491484 0.8893629978354978 0.6336983333333334 0.9522606406926407
1 0.5000892749391728 0.7997732186147186 0.5401758807785888 0.781189512987013 0.4843882104622871 0.6842149047619047 0.44445333698296835 0.7171080324675325 0.5000892749391728 0.7997732186147186
0 0.3307931313868613 0.5034829545454546 0.3660667725060827 0.5194108225108225 0.34994793430656934 0.477707303030303 0.32115398053527977 0.4707948787878788 0.3307931313868613 0.5034829545454546
0 0.21984849635036496 0.23762597186147186 0.19540466301703163 0.22259608874458875 0.19643304257907543 0.22815190476190478 0.22316516301703163 0.2679407337662338 0.2530963333333333 0.28954504761904765 0.21984849635036496 0.23762597186147186
0 0.25246936618004867 0.29405901082251085 0.22654364233576643 0.2746522424242424 0.24570757785888078 0.3013690584415584 0.27951331265206814 0.3302957380952381 0.25246936618004867 0.29405901082251085
0 0.2898132445255474 0.3360671883116883 0.2678739282238443 0.32562505627705624 0.2863278564476886 0.3611918008658008 0.3172252128953771 0.37946822077922077 0.2898132445255474 0.3360671883116883
0 0.4025854148418491 0.49036788744588744 0.36455360097323597 0.4785623398268398 0.3984856167883212 0.5266579978354978 0.4280931167883212 0.5384628181818182 0.4025854148418491 0.49036788744588744
0 0.4416875170316302 0.59450858008658 0.47371020194647206 0.5999246017316018 0.4412162822384428 0.5402573376623376 0.4154462615571776 0.5382475021645021 0.4416875170316302 0.59450858008658
0 0.48846439416058396 0.6478669047619048 0.5064022554744525 0.6497604372294372 0.4811104708029197 0.5942151168831169 0.4582252335766423 0.5988418354978354 0.48846439416058396 0.6478669047619048
0 0.5705233600973235 0.7824337813852813 0.5960961581508516 0.777054106060606 0.5680932372262774 0.7275427943722944 0.5377366326034063 0.7300854004329005 0.5705233600973235 0.7824337813852813
0 0.670873408759124 0.9298788333333333 0.691345200729927 0.9006045303030303 0.6509687834549879 0.8397409155844157 0.6235825462287105 0.852862987012987 0.670873408759124 0.9298788333333333
0 0.8238955742092458 1 0.824291195863747 0.9963144826839826 0.7922490145985401 0.9561788290043289 0.7871241192214112 0.9794371753246753 0.8035329635036497 1 0.8238955742092458 1
0 0.7595892700729927 0.9126196385281385 0.7524729549878346 0.9370071428571428 0.788097096107056 0.9818153506493507 0.7923946192214112 0.9558143528138529 0.7595892700729927 0.9126196385281385
0 0.7286680340632603 0.8736700844155845 0.7204431350364964 0.888015329004329 0.7528106751824818 0.9313479826839827 0.7607397676399027 0.9123023116883118 0.7286680340632603 0.8736700844155845
0 0.699204198296837 0.8310723787878788 0.6853333345498784 0.8338967467532468 0.7191293394160584 0.8840834588744588 0.7319386593673967 0.8752856428571428 0.699204198296837 0.8310723787878788
0 0.6655256192214112 0.7829765281385281 0.6497556593673965 0.7841584437229437 0.6820767676399027 0.832421106060606 0.6966367530413625 0.8264615865800865 0.6655256192214112 0.7829765281385281
0 0.6374798175182482 0.7408413246753246 0.6294414416058394 0.7443501363636364 0.6542919343065694 0.7856399545454545 0.6654993175182482 0.7808520822510823 0.6374798175182482 0.7408413246753246
0 0.5733698503649636 0.6512420367965368 0.5571210827250608 0.6477898896103896 0.5835611411192214 0.6939258268398268 0.5991923430656935 0.6914149588744589 0.5733698503649636 0.6512420367965368
0 0.5469809379562044 0.6102991428571429 0.5272478527980535 0.6038295043290043 0.5547041435523115 0.6402009458874458 0.5695926922141119 0.6446512034632034 0.5469809379562044 0.6102991428571429
0 0.8448070194647203 1 0.8272219781021898 0.9800368138528139 0.8263486240875912 0.9967803441558442 0.8290218588807786 1 0.8448070194647203 1
0 0.7981224927007299 0.9365270757575757 0.7930112579075426 0.9582822294372294 0.8245824610705597 0.9955853874458874 0.8260944306569343 0.9709411601731601 0.7981224927007299 0.9365270757575757
0 0.7677674635036497 0.8941541406926408 0.762732109489051 0.9121287662337662 0.7925712335766424 0.9521630865800865 0.7962088223844282 0.9358369112554112 0.7677674635036497 0.8941541406926408
0 0.7368462274939173 0.8552045844155843 0.7293265425790755 0.8657784913419914 0.7619388832116788 0.9133121428571429 0.7652356204379562 0.8954322316017316 0.7368462274939173 0.8552045844155843
0 0.7117596277372263 0.8197043376623376 0.7007020170316303 0.8251106883116883 0.7293916301703164 0.8664179025974026 0.7383277445255474 0.8536765649350649 0.7117596277372263 0.8197043376623376
0 0.6843043357664234 0.7771031125541126 0.6688550790754257 0.7868931991341992 0.6989048856447688 0.8272023571428572 0.7108404501216544 0.8205918333333333 0.6843043357664234 0.7771031125541126
0 0.6585040973236009 0.7363589372294372 0.6415721703163018 0.7396578463203464 0.6673615279805353 0.7793997272727272 0.6804001715328467 0.7764463181818182 0.6585040973236009 0.7363589372294372
0 0.6295277396593675 0.6985591493506493 0.6154265267639902 0.7000056082251082 0.6390437542579075 0.7363595151515152 0.6532319878345498 0.7321330194805195 0.6295277396593675 0.6985591493506493
0 0.5977940389294404 0.6516130670995671 0.5827986897810219 0.6541152965367965 0.6100133722627737 0.6934985432900432 0.6192625097323601 0.6928103116883118 0.5977940389294404 0.6516130670995671
0 0.572343088807786 0.6170248571428572 0.5546110583941606 0.6123538658008658 0.57787199756691 0.6487974134199134 0.5922244464720194 0.6497758484848485 0.572343088807786 0.6170248571428572
0 0.8724348150851582 1 0.8724673138686132 0.9992730194805195 0.8537559087591241 0.9758051255411256 0.8533572372262774 1 0.8724348150851582 1
0 0.828994293187348 0.9435034913419914 0.8260912761557178 0.9637284458874459 0.8470158698296837 0.9915790887445887 0.8476385802919708 0.9707654004329004 0.828994293187348 0.9435034913419914
0 0.8046363929440389 0.9061791688311689 0.7982135559610705 0.9268072467532468 0.8195099489051094 0.9529249285714285 0.8254962603406325 0.9363355173160174 0.8046363929440389 0.9061791688311689
0 0.7779692639902676 0.8686171147186147 0.7719873552311436 0.8881589307359308 0.7953287895377129 0.9235986450216451 0.8004691703163016 0.8986969848484849 0.7779692639902676 0.8686171147186147
0 0.7553150206812652 0.8390645562770563 0.7421017433090025 0.853054632034632 0.7716154939172749 0.8898919805194805 0.7794485729927008 0.8734935411255411 0.7553150206812652 0.8390645562770563
0 0.7365505340632603 0.8118115367965368 0.7221934708029196 0.8154393982683983 0.7433008917274939 0.8540643787878788 0.756723700729927 0.8405217748917748 0.7365505340632603 0.8118115367965368
0 0.6601976824817518 0.7080469069264068 0.645172598540146 0.712192764069264 0.6623541192214113 0.7373787012987013 0.6859556861313869 0.7376688333333333 0.6601976824817518 0.7080469069264068
0 0.6384346326034064 0.6782695800865801 0.6170035900243309 0.6760007164502164 0.6406331982968371 0.7034985324675325 0.6536563345498784 0.702188367965368 0.6384346326034064 0.6782695800865801
0 0.6106744549878346 0.6434436341991342 0.5945854793187347 0.6406565108225108 0.6140847347931874 0.6688659437229437 0.6276749282238443 0.6677410043290044 0.6106744549878346 0.6434436341991342
0 0.5917474756690998 0.6145913095238096 0.5700603698296837 0.602563764069264 0.5882644197080292 0.6324106623376623 0.6043675462287105 0.6362273701298702 0.5917474756690998 0.6145913095238096
0 0.4793775218978102 0.5026875281385281 0.4365436885644769 0.4738607575757576 0.4612485109489051 0.515515093073593 0.4874931727493917 0.522025722943723 0.4793775218978102 0.5026875281385281
0 0.6482874403892944 0.8239366471861471 0.6624977603406327 0.820646658008658 0.6479154379562044 0.7879625281385281 0.6401567238442822 0.7889315108225108 0.6482874403892944 0.8239366471861471
0 0.5724625583941606 0.7144869978354977 0.5869129744525547 0.7109473051948052 0.5717652153284671 0.6753159480519481 0.5623827871046229 0.6675126082251083 0.5724625583941606 0.7144869978354977
0 0.8071862627737226 1 0.7962451423357664 0.9864935822510823 0.7899178041362531 1 0.8071862627737226 1