1 1 0.4449552458100559 0.9756414137931034 0.39789806703910613 0.8766284811912225 0.4797924189944134 0.9096864733542319 0.5988197960893855 1 0.5146973184357542 1 0.4449552458100559
1 0.8523720203761755 0.6522053072625699 0.8391343103448277 0.5935461173184358 0.7518086943573667 0.6570357597765364 0.7574060987460816 0.7406612541899441 0.8523720203761755 0.6522053072625699
1 0.5675381238244513 0.8585419636871509 0.5700708793103448 0.8263153351955308 0.45044686363636366 0.8929373798882682 0.44556252978056426 0.9232776620111732 0.5609325768025079 0.9016678519553073 0.5675381238244513 0.8585419636871509
1 1 0.1474004776536313 0.9868394514106583 0.11454992737430167 0.9542516614420062 0.14863730446927376 0.9265358730407525 0.20307627932960892 0.9663649075235109 0.3016267458100559 1 0.2727964776536313 1 0.1474004776536313
1 0.8633235235109717 0.39760457821229056 0.9354689090909091 0.33568240223463686 0.8894596802507837 0.20525425698324024 0.8265264106583072 0.2738293407821229 0.8633235235109717 0.39760457821229056
1 0.7369763589341694 0.49413415083798884 0.8103775470219436 0.4304036703910615 0.7877332178683386 0.31120770111731844 0.7253176097178683 0.3531663240223464 0.7369763589341694 0.49413415083798884
1 0.6728657037617555 0.37962192178770954 0.6272338840125391 0.4283480837988827 0.6320763087774295 0.578153812849162 0.7057303573667711 0.515422938547486 0.7088133510971787 0.40960728212290504 0.6728657037617555 0.37962192178770954
1 0.6091950971786834 0.5310197681564246 0.5717947257053291 0.4750088910614525 0.5259356253918495 0.5177243212290502 0.5120834905956113 0.5916067206703911 0.521175710031348 0.6739852094972067 0.5882873463949844 0.6185880139664804 0.6091950971786834 0.5310197681564246
1 0.3729342507836991 0.644059 0.3368563448275862 0.6602409162011174 0.3031661128526646 0.755090533519553 0.3051255423197492 0.850335282122905 0.3855466191222571 0.8040503379888269 0.414934605015674 0.6928772905027933 0.3729342507836991 0.644059
1 0.2850603777429467 0.8652915642458101 0.31654916144200623 0.73391343575419 0.2873284231974922 0.7051292011173184 0.2500510956112853 0.7298953128491621 0.2294273197492163 0.8075961256983241 0.22243987304075236 0.8987296731843576 0.2850603777429467 0.8652915642458101
1 0.2317643871473354 0.7819154748603353 0.21170566614420064 0.7476684245810056 0.19624376175548588 0.7496161173184358 0.16719562225705328 0.779786561452514 0.1486271144200627 0.815763622905028 0.13301952037617557 0.9143677597765363 0.14877625548589343 0.958849033519553 0.2074426959247649 0.9135449329608938 0.21190987617554857 0.8844754022346369 0.2231799263322884 0.8802050670391061 0.2317643871473354 0.7819154748603353
1 0.9092855297805643 0.13527096648044692 0.8992108573667711 0.1633364469273743 0.9233512993730407 0.21246301117318436 0.9243619764890282 0.17727232122905026 0.9703427272727273 0.1375571536312849 0.9565167225705329 0.11307250558659218 0.9404295956112854 0.10626184357541898 0.9092855297805643 0.13527096648044692
1 0.746707250783699 0.26179582122905026 0.726097880877743 0.29033312290502794 0.7334158463949844 0.33644754189944137 0.7466716927899686 0.3458953994413408 0.7749844811912225 0.31952346927374303 0.7722633338557994 0.3096037932960894 0.7808122351097179 0.29541377653631284 0.764945368338558 0.26348937150837987 0.746707250783699 0.26179582122905026
1 0.588210697492163 0.40320019273743013 0.5627291880877743 0.42693493016759776 0.5545301818181818 0.48127547765363127 0.5867594984326019 0.4886183687150838 0.5991147993730408 0.5207000446927375 0.6161024717868339 0.5048768854748603 0.6235110611285266 0.4606132932960894 0.6092250282131662 0.40853498882681566 0.588210697492163 0.40320019273743013
1 0.44604103605015677 0.6041226284916201 0.44473552664576804 0.5928843547486033 0.42489706739811917 0.5335235670391062 0.4151527868338558 0.52391843575419 0.400316105015674 0.5346244804469273 0.36900684169278997 0.5824689106145251 0.3649996896551724 0.6391320977653632 0.3893603918495298 0.6631449245810056 0.41195555799373046 0.6483258156424581 0.4245311191222571 0.655293751396648 0.4301936771159875 0.6500193659217877 0.4304139373040752 0.6249056256983241 0.44604103605015677 0.6041226284916201
1 0.369061907523511 0.5761904748603353 0.34028909090909093 0.5749687458100559 0.28916087460815043 0.6412735251396647 0.2803917131661442 0.680577279329609 0.28651429780564264 0.7028965530726257 0.31376134482758616 0.717993748603352 0.33164956426332287 0.6795367709497208 0.3627936332288401 0.6505276480446928 0.3700920909090909 0.6188209217877095 0.369061907523511 0.5761904748603353
1 0.1671210501567398 0.7082438575418994 0.12726288401253918 0.7702782988826816 0.12840319905956113 0.8003518798882682 0.11963403605015674 0.8396556340782123 0.1493624655172414 0.8119651061452514 0.17574452351097178 0.7655965474860336 0.2132314373040752 0.7337929581005587 0.19741963636363635 0.6955901201117318 0.1671210501567398 0.7082438575418994
1 0.08831656739811912 0.9069076536312849 0.09240649686520376 0.9023795754189945 0.11137996708463949 0.9002746117318436 0.11432137617554859 0.8850805502793296 0.10343678056426332 0.8454018379888268 0.1236411896551724 0.7829924441340781 0.11678325235109718 0.7644716843575419 0.0663031724137931 0.8266600111731843 0.08831656739811912 0.9069076536312849
1 0.252775263322884 0.5475084106145252 0.23804871159874608 0.5456575865921788 0.21330255329153605 0.5655938072625698 0.19484417554858935 0.5890139972067039 0.18964164420062696 0.6218820446927374 0.17695595454545454 0.6274709776536314 0.18166289968652038 0.6511088463687151 0.20789926802507838 0.7013967318435754 0.24181955015673984 0.6760288519553073 0.27114301724137935 0.6144662318435754 0.252775263322884 0.5475084106145252
1 0.46558120846394985 0.37731259497206704 0.4522152304075235 0.3804216117318435 0.43590784639498426 0.39872468994413407 0.43217601880877743 0.42399570111731844 0.45389014420062695 0.5096315558659218 0.4949436880877743 0.4713922569832403 0.5115814639498433 0.4154185698324023 0.4945192194357367 0.35969902234636875 0.47837702821316613 0.3591667932960894 0.46558120846394985 0.37731259497206704
1 0.5793474576802508 0.29314010335195534 0.5728394169278996 0.31476987430167597 0.5855996786833856 0.3807236452513967 0.6266532225705329 0.3424843491620112 0.6332163275862068 0.31457613966480447 0.6216514451410659 0.27241751396648045 0.6005820501567398 0.273361156424581 0.5793474576802508 0.29314010335195534
1 0.7186502805642633 0.17895443575418993 0.7182648260188087 0.22290348044692737 0.7257479858934169 0.2501825949720671 0.7703130956112852 0.2117860223463687 0.7588583432601881 0.1570705251396648 0.7484337742946708 0.1449854748603352 0.7364283714733542 0.15305432681564246 0.7186502805642633 0.17895443575418993
1 0.7801479984326019 0.13101314245810056 0.7819686018808777 0.16356663687150838 0.7929082617554859 0.19696691340782124 0.8360577319749217 0.15988893854748604 0.8238125626959247 0.1152503910614525 0.8085158542319749 0.09836277653631284 0.7993417288401254 0.10379443575418995 0.7801479984326019 0.13101314245810056
1 0.8402300783699059 0.08439044413407822 0.8621644639498433 0.14491255586592178 0.9067846394984326 0.10023755027932962 0.8931788949843259 0.05063916201117319 0.8736352695924766 0.03770733798882681 0.8445871269592476 0.06787778491620111 0.8402300783699059 0.08439044413407822
1 0.5317308072100314 0.3592876089385475 0.5719939341692789 0.33112525977653634 0.5770863354231975 0.31081408379888265 0.5614397304075235 0.25377594134078213 0.5388445642633228 0.2685950502793296 0.5152387194357367 0.31860484916201115 0.5317308072100314 0.3592876089385475
1 0.41557380094043883 0.395869812849162 0.388712210031348 0.33682357262569834 0.3632306990595611 0.3605583072625698 0.3417758463949843 0.4054509944134078 0.3453069200626959 0.4831148631284916 0.35420571786833854 0.5090753770949721 0.3973551880877743 0.4719974022346368 0.41801962382445146 0.43718166759776533 0.42101609874608154 0.4157091675977654 0.41557380094043883 0.395869812849162
0 0.7264329561128526 0.7695111675977654 0.727085644200627 0.6884197234636872 0.5969004435736677 0.8061248910614526 0.5904826551724138 0.8961328687150838 0.5904949169278997 0.8961305698324022 0.7264329561128526 0.7695111675977654
0 0.4001111144200627 0.7920842737430167 0.49826713479623824 0.721385594972067 0.5101293322884013 0.5971603910614526 0.4394707946708464 0.6505302988826815 0.4001111144200627 0.7920842737430167
0 0.13561675078369906 0.9051095865921787 0.10342427272727273 0.9173168770949721 0.09614675862068965 0.9354518407821228 0.11004669749216302 0.9861226843575419 0.12727797178683384 0.9828951173184357 0.13561675078369906 0.9051095865921787
0 0.8644179796238244 0.17904418156424584 0.796027695924765 0.2380897067039106 0.8093759529780564 0.2867494553072626 0.8763671363636364 0.21529971787709495 0.8644179796238244 0.17904418156424584
0 0.7033493479623824 0.3855078687150838 0.7041182429467084 0.3368468351955307 0.6517682836990596 0.36001520670391063 0.6464826144200627 0.4090612430167598 0.7033493479623824 0.3855078687150838
0 0.5109798479623824 0.5793978324022346 0.5201852319749216 0.4968490391061453 0.477741420062696 0.5289005055865922 0.46342160971786833 0.6180391675977654 0.5109798479623824 0.5793978324022346
0 0.24120990909090909 0.7526117206703911 0.2721552695924765 0.6882491117318436 0.23634394200626957 0.6971824860335195 0.21491649843260188 0.7533442625698324 0.24120990909090909 0.7526117206703911
0 0.06405826018808777 0.818476405027933 0.09825390282131662 0.756793972067039 0.059404810344827585 0.7918486033519554 0.05761019435736677 0.794970622905028 0.06405826018808777 0.818476405027933
0 0.11151971159874607 0.7388047877094972 0.09193544670846394 0.7785182262569832 0.12526852037617556 0.7610463324022346 0.15509694670846394 0.7072415558659217 0.11151971159874607 0.7388047877094972
0 0.275530105015674 0.5945289720670391 0.245544 0.6671174078212291 0.29594315830721 0.6246985670391062 0.32093280721003137 0.5697441117318436 0.275530105015674 0.5945289720670391
0 0.3642753902821317 0.5746267318435755 0.3866756379310345 0.5108161759776536 0.3298450752351097 0.5433411843575419 0.3132971128526646 0.5960893938547486 0.3642753902821317 0.5746267318435755
0 0.42560494827586204 0.508450594972067 0.4374348761755486 0.4720280782122905 0.3874702445141066 0.4919290139664805 0.3768107601880878 0.5425864022346369 0.42560494827586204 0.508450594972067
0 0.558978697492163 0.41672712011173185 0.5707580423197492 0.35999601955307264 0.522983959247649 0.3891615111731843 0.5065816818181819 0.4542187793296089 0.558978697492163 0.41672712011173185
0 0.7113066222570533 0.2943760782122905 0.7050193087774295 0.23410880167597767 0.642760973354232 0.2824223966480447 0.6347799717868339 0.3475551815642458 0.7113066222570533 0.2943760782122905
0 0.9233191457680251 0.10142256424581006 0.9837079592476489 0.03725787988826816 0.9772246285266458 0.013623547486033519 0.9686928479623824 0.005493374301675978 0.9034052068965517 0.07358601955307263 0.9233191457680251 0.10142256424581006
0 0.8609376081504702 0 0.8489984122257053 0.011472935754189945 0.8673458072100313 0.025168002793296087 0.8965652398119122 0 0.8609376081504702 0
0 0.8114452257053291 0.08051152793296089 0.8589232115987461 0.0342042905027933 0.8441111426332288 0.012750217877094972 0.7998435203761756 0.05594821229050279 0.8114452257053291 0.08051152793296089
0 0.7530545564263322 0.09840241340782124 0.7641860564263323 0.12780601396648045 0.8135192915360502 0.07988950558659218 0.7997004341692789 0.05542661173184357 0.7530545564263322 0.09840241340782124
0 0.7101983463949842 0.1399595279329609 0.7143508636363637 0.1657099497206704 0.7608239326018809 0.12373265642458099 0.7535370987460814 0.09580533798882682 0.7101983463949842 0.1399595279329609
0 0.6659099529780564 0.1762957569832402 0.6594618275862069 0.20701141899441342 0.7110966332288401 0.16612117039106145 0.7131549592476489 0.13407423743016758 0.6659099529780564 0.1762957569832402
0 0.6156609717868339 0.2181839748603352 0.607052684952978 0.25189793575418995 0.656601631661442 0.21295051117318436 0.6614848746081505 0.17892734636871507 0.6156609717868339 0.2181839748603352
0 0.5725046771159875 0.25182698603351955 0.5699463354231975 0.2707407877094972 0.6106755031347962 0.2432835530726257 0.6143080470219436 0.21697527653631285 0.5725046771159875 0.25182698603351955
0 0.47808233385579935 0.3327277262569832 0.46627297648902827 0.3646873407821229 0.5109954310344827 0.3367854720670391 0.5186848620689656 0.3025714273743017 0.47808233385579935 0.3327277262569832
0 0.43665919749216303 0.36361167318435755 0.42088399059561127 0.401069938547486 0.4600624231974922 0.3652322960893855 0.4716934169278997 0.3367137318435754 0.43665919749216303 0.36361167318435755
0 0.8230626943573668 0 0.7909560893416927 0.031963329608938544 0.8016196442006269 0.055603860335195536 0.8438249169278996 0.011706804469273744 0.8342251097178685 0 0.8230626943573668 0
0 0.7462806661442006 0.07029878212290502 0.7546093996865203 0.0915315810055866 0.7975067225705329 0.05288490782122905 0.7893867429467084 0.03555861731843575 0.7462806661442006 0.07029878212290502
0 0.7034244561128526 0.11185589664804468 0.7056211598746082 0.1338866843575419 0.7548839122257053 0.09389596648044693 0.7455837225705328 0.07635891620111732 0.7034244561128526 0.11185589664804468
0 0.6661997695924765 0.14325136312849163 0.6630453746081505 0.1696140251396648 0.7060622664576803 0.13413079888268156 0.7033411833855799 0.10784570670391062 0.6661997695924765 0.14325136312849163
0 0.6231003150470219 0.1753810558659218 0.6201010125391849 0.2135443715083799 0.663296288401254 0.17462017318435755 0.666213329153605 0.14570339106145253 0.6231003150470219 0.1753810558659218
0 0.5821513808777429 0.20515095530726257 0.5741866332288401 0.24255655586592179 0.6144981708463949 0.2122132094972067 0.6203715203761756 0.18316285195530724 0.5821513808777429 0.20515095530726257
0 0.5411723448275862 0.24332085474860338 0.5337202288401254 0.2736990363128492 0.5706108871473354 0.2458871815642458 0.5763645924764891 0.21367310335195533 0.5411723448275862 0.24332085474860338
0 0.4928005376175549 0.28182185474860333 0.4854827617554859 0.3146997486033519 0.5264138244514106 0.28115946368715083 0.5314657398119123 0.26138905586592176 0.4928005376175549 0.28182185474860333
0 0.455933894984326 0.31452254189944134 0.4424776410658307 0.3488619972067039 0.47921343260188093 0.32184927653631284 0.48834099999999997 0.2923876620111732 0.455933894984326 0.31452254189944134
0 0.7760506159874608 0 0.7757152915360502 0.00027513966480446927 0.7848915156739812 0.02599075977653631 0.8109071645768026 0 0.7760506159874608 0
0 0.7362553824451411 0.03375260335195531 0.7450093009404389 0.057899061452513965 0.7811609231974922 0.030120701117318436 0.768533946708464 0.004547427374301676 0.7362553824451411 0.03375260335195531
0 0.7042172272727273 0.06359451955307263 0.7051878307210031 0.09957572346368715 0.7458797178683386 0.059708393854748604 0.7402023605015674 0.03355679608938547 0.7042172272727273 0.06359451955307263
0 0.675933420062696 0.08666201117318435 0.6697027523510972 0.11887339106145252 0.7065346112852665 0.0976662346368715 0.705969948275862 0.061512608938547486 0.675933420062696 0.08666201117318435
0 0.5653334905956113 0.1847640782122905 0.5590327351097178 0.2186819497206704 0.5850765548589342 0.19769841340782124 0.5992559827586207 0.1484663938547486 0.5653334905956113 0.1847640782122905
0 0.5336823636363637 0.21260677932960892 0.5195445548589341 0.2561182234636872 0.5508676943573668 0.22301230446927373 0.5577662601880877 0.19497191061452512 0.5336823636363637 0.21260677932960892
0 0.49529659247648905 0.24999990502793296 0.4840006285266457 0.28202062849162013 0.5133222429467085 0.25798399162011176 0.5206736959247649 0.22886677653631288 0.49529659247648905 0.24999990502793296
0 0.4659096661442006 0.27245617318435755 0.4454769639498432 0.3106985586592179 0.47506124137931033 0.2903472150837989 0.48701371473354227 0.25890932960893853 0.4659096661442006 0.27245617318435755
0 0.3288264278996865 0.44111032681564244 0.2852777445141066 0.5136254553072626 0.3261499874608151 0.48668998603351954 0.34581265673981193 0.43562557262569834 0.3288264278996865 0.44111032681564244
0 0.6312221191222571 0.2786338463687151 0.6375784482758621 0.24693062290502793 0.608356 0.25801293016759774 0.6043647021943573 0.2748304748603352 0.6312221191222571 0.2786338463687151
0 0.5173566144200626 0.3722489245810056 0.523698144200627 0.3398945810055866 0.49228510344827586 0.35040731284916204 0.48180874294670845 0.3654054217877095 0.5173566144200626 0.3722489245810056
0 0.9099317460815047 0 0.8794956504702195 0.03159582402234637 0.8952625485893417 0.057977740223463685 0.9400340094043887 0.011297427374301675 0.9343190282131661 0 0.9099317460815047 0
0 0.8599040971786834 0.027323916201117317 0.8212963699059561 0.0656162905027933 0.8260726990595612 0.08701437150837989 0.865755526645768 0.04430805865921788 0.8599040971786834 0.027323916201117317