1 0.6346521022408963 0.89627286 0.6588448053221289 0.8607645275 0.6597930504201681 0.827694485 0.5954912422969187 0.78729875 0.5494227464985995 0.85103855 0.5459364677871148 0.91198599 0.6346521022408963 0.89627286
1 1 0.0636706125 0.9876276050420169 0.0417470025 0.9402056344537815 0.12168574 0.9868657324929971 0.21728707 1 0.19928794249999998 1 0.0636706125
1 0.8840147759103641 0.3483200825 0.9412021232492997 0.26920072 0.9075172913165266 0.17299540749999998 0.8574754929971988 0.229647005 0.8840147759103641 0.3483200825
1 0.8144048501400559 0.2696068775 0.7799048851540616 0.32670354 0.8014708361344538 0.455260005 0.8589960406162465 0.376927065 0.8494821288515407 0.2840155425 0.8144048501400559 0.2696068775
0 0.7857774005602242 0.40778685000000003 0.7542815910364146 0.442201455 0.7188873151260504 0.49415066 0.7152413291316526 0.5628105999999999 0.7207319985994398 0.582622255 0.779587413165266 0.5128500675000001 0.7857774005602242 0.40778685000000003
1 0.5811909509803922 0.5963974825 0.5513329467787115 0.6221327525 0.5326633837535014 0.7154273175 0.5453904089635854 0.7975243875 0.610766700280112 0.731286025 0.6237669033613445 0.62520537 0.5811909509803922 0.5963974825
1 0.5294726890756303 0.8170113075000001 0.5419860280112044 0.6927000525 0.5129632801120448 0.677157035 0.48304223529411766 0.7107369825000001 0.47388229831932777 0.7849058225000001 0.4782663067226891 0.8663281575 0.5294726890756303 0.8170113075000001
1 0.4729706036414566 0.7618425550000001 0.4513739663865546 0.7385884500000001 0.43800151820728295 0.7452856699999999 0.4159417408963585 0.7808959225 0.4037687899159664 0.8181573799999999 0.40143518767507 0.9088593775 0.42415974789915967 0.9278763775000001 0.4667891708683473 0.884051945 0.4673592086834734 0.8573554624999999 0.4767769257703081 0.8499977599999999 0.4729706036414566 0.7618425550000001
1 0.8819642366946779 0.13892338499999998 0.8657296540616247 0.143356485 0.8509023991596638 0.17481631 0.8626656624649859 0.21250314750000002 0.8754146218487394 0.216418475 0.8972665700280111 0.1843457375 0.9135963725490196 0.17193860749999998 0.9083196218487395 0.15452323 0.8990892731092437 0.1435906575 0.8819642366946779 0.13892338499999998
1 0.7426818081232494 0.317492425 0.723015056022409 0.34635789 0.7220828081232493 0.39621333999999997 0.7271019467787115 0.4551460375 0.7658461246498599 0.41602507000000005 0.7789572927170869 0.3967814275 0.780358649859944 0.35593488749999996 0.7617785238095237 0.315323445 0.7426818081232494 0.317492425
1 0.6408683921568628 0.5380414425 0.638421918767507 0.5287022925 0.6141175266106442 0.48356261250000004 0.6044385294117648 0.47837389 0.5926277871148459 0.49247638250000003 0.5706214593837535 0.544170575 0.5736439425770308 0.5946865075000001 0.59784143697479 0.60765831 0.6159999327731093 0.587471515 0.62786412464986 0.5894529625 0.6322345140056023 0.5830384125 0.6295267605042016 0.56115284 0.6408683921568628 0.5380414425
1 0.5450052436974789 0.5480566875 0.5077025532212885 0.6222017950000001 0.5045316610644258 0.6591805825 0.5124945728291317 0.6765854849999999 0.5382003207282914 0.6808786225 0.5494885042016807 0.6416832825000001 0.5762808795518207 0.576499515 0.5658468417366946 0.553394985 0.5450052436974789 0.5480566875
1 0.40761064985994394 0.71877672 0.3797256764705882 0.785564125 0.38420296638655466 0.811317455 0.3810320742296919 0.8482962424999999 0.4039766204481792 0.8146198674999999 0.42182038655462184 0.7658027075 0.4511126862745098 0.726042025 0.43279384033613444 0.69797701 0.40761064985994394 0.71877672
1 0.36745179691876756 0.8585309750000001 0.37800959103641457 0.7977803075 0.369838850140056 0.7839129200000001 0.33165139215686273 0.85612415 0.3263487549019608 0.9123941499999999 0.33144953221288515 0.9275349350000001 0.35101535714285714 0.93437486 0.36433435434173667 0.9115937 0.3807767661064426 0.903623085 0.3816080840336134 0.889473025 0.36745179691876756 0.8585309750000001
1 0.464366294117647 0.551430395 0.45120167366946784 0.5545901 0.4317427507002801 0.57991805 0.4182159243697479 0.6062367224999999 0.41743805462184874 0.63647072 0.4069277408963585 0.64543206 0.41379805462184877 0.6644405975 0.4426806666666667 0.699628215 0.4695799411764706 0.6666123225 0.48825502661064424 0.6036451025 0.464366294117647 0.551430395
1 0.6318484215686274 0.33470431 0.6204533389355743 0.34173177000000005 0.6082269383753501 0.3629092925 0.6078647296918768 0.38606826 0.6288335056022409 0.4424182525 0.6661013193277311 0.39111923249999997 0.6767043361344538 0.3529124025 0.6552620770308123 0.31003684249999997 0.6410048599439776 0.314800185 0.6318484215686274 0.33470431
1 0.7221717969187675 0.2247614125 0.7189474537815126 0.2456562625 0.7377888599439776 0.298814125 0.7694741848739496 0.252308655 0.7720215882352942 0.22594241499999998 0.7569805336134454 0.193066485 0.7385607563025209 0.20070686250000003 0.7221717969187675 0.2247614125
1 0.8314849845938376 0.08048166 0.8362235546218487 0.118781415 0.8459560014005602 0.1400540725 0.8807112871148459 0.0922752075 0.8643163571428572 0.048456492500000004 0.8537525910364145 0.0413338925 0.844127043417367 0.052229109999999995 0.8314849845938376 0.08048166
1 0.8887369439775911 0 0.8800283795518208 0.018930545 0.8853904369747899 0.0466177525 0.8988697843137256 0.07208840999999999 0.9325324747899159 0.0259131825 0.9206769453781513 0 0.8887369439775911 0
1 0.6879390686274509 0.2976331275 0.7200935014005602 0.260136565 0.7222252464985994 0.24084535249999997 0.7018755840336134 0.1963661575 0.6837170882352941 0.2165529525 0.6687354537815126 0.26763423 0.6879390686274509 0.2976331275
1 0.5900149915966387 0.36701215 0.559570675070028 0.3244192625 0.5399039215686274 0.3532847275 0.5262227142857143 0.399224855 0.5383007058823529 0.465542055 0.5491257507002801 0.485211075 0.5827884397759103 0.43903584500000004 0.596938756302521 0.4021046275 0.5970931358543418 0.382483175 0.5900149915966387 0.36701215
0 0.6349733543417366 0.71218412 0.7131254817927172 0.6189982675 0.7092052521008403 0.50725381 0.6532328543417367 0.576485915 0.6349733543417366 0.71218412
0 0.9596860294117647 0.03337084 0.9063640910364146 0.1067986025 0.923724568627451 0.1447442 0.9743830196078431 0.0609948325 0.9596860294117647 0.03337084
0 0.8418927212885154 0.2648511775 0.8369469677871149 0.22233437250000002 0.793586193277311 0.2594058925 0.7946042983193278 0.303719315 0.8418927212885154 0.2648511775
1 0.7096281596638656 0.48572091749999996 0.7092751834733894 0.39932178749999997 0.6333231022408964 0.48112288999999997 0.6426234761904762 0.5716947675 0.7096281596638656 0.48572091749999996
0 0.47789162464985996 0.733331005 0.4976695434173669 0.6674066125 0.46720852801120444 0.6867593625 0.4548533711484594 0.7424791575 0.47789162464985996 0.733331005
0 0.2814146442577031 0.87316366 0.26522457422969187 0.917598505 0.26896966666666666 0.9172697599999999 0.3012075980392157 0.875982575 0.32302379831932776 0.8225741449999999 0.2814146442577031 0.87316366
0 0.3256575448179272 0.82524703 0.3063292016806723 0.8712912025 0.32831546918767507 0.8411273625 0.3557721694677871 0.7822214599999999 0.3256575448179272 0.82524703
0 0.3622446400560224 0.7633221125 0.3496100882352941 0.8041578875000001 0.3769052044817927 0.7781906925 0.39692064425770307 0.721798615 0.3622446400560224 0.7633221125
0 0.48980970588235295 0.58490701 0.47182572689075636 0.657665975 0.51124687535014 0.604504655 0.5268741820728292 0.5486803849999999 0.48980970588235295 0.58490701
0 0.5655545112044819 0.538890405 0.5778814873949579 0.4762118125 0.5316613893557423 0.52286117 0.5232029551820728 0.574036265 0.5655545112044819 0.538890405
0 0.6118433053221288 0.4615545975 0.6180387633053221 0.42608766000000003 0.5763981946778711 0.4595488325 0.5728766344537815 0.5070015449999999 0.6118433053221288 0.4615545975
0 0.7185374761904761 0.33870532249999996 0.7223421498599439 0.28561433999999997 0.6836983459383753 0.326413745 0.6767901260504202 0.388233555 0.7185374761904761 0.33870532249999996
0 0.838361799719888 0.18311641 0.8258697927170868 0.132802485 0.776700512605042 0.19492322 0.7772068361344538 0.25408244 0.838361799719888 0.18311641
0 0.8506447422969189 0 0.819547025210084 0.04934606 0.8261738333333333 0.070369085 0.8621933221288516 0.01886228 0.8538947717086836 0 0.8506447422969189 0
0 0.7847970490196079 0.0952456925 0.7826751134453781 0.12401332 0.8233595154061625 0.0717797575 0.8214671792717086 0.0432768525 0.7847970490196079 0.0952456925
0 0.7454466652661065 0.1478974825 0.7417714481792718 0.1799687925 0.7808459649859943 0.13009805 0.7812095924369747 0.098964055 0.7454466652661065 0.1478974825
0 0.7113811246498599 0.19109125 0.7113164341736694 0.20834833249999998 0.7439621750700279 0.1713133775 0.7441172352941177 0.1472855625 0.7113811246498599 0.19109125
0 0.6376911274509804 0.2919301125 0.6309981484593837 0.32351383 0.6671042857142857 0.284799925 0.6699136680672269 0.252591695 0.6376911274509804 0.2919301125
0 0.6048309957983193 0.3321662325 0.5952856512605041 0.36981003 0.6255994383753501 0.3259977025 0.6325331148459384 0.2974606875 0.6048309957983193 0.3321662325
0 0.8304530476190477 0 0.8103430616246498 0.0271275975 0.8148201540616247 0.045552825 0.8496040714285714 0 0.8304530476190477 0
0 0.7812342156862746 0.0664488875 0.7815059327731092 0.0903691525 0.815236274509804 0.0456220725 0.8098065224089636 0.023671229999999998 0.7812342156862746 0.0664488875
0 0.7470438249299719 0.108309755 0.7488152899159665 0.14243008 0.7823049635854342 0.09463635999999999 0.7815294299719888 0.0685743775 0.7470438249299719 0.108309755
0 0.7144720070028011 0.14742468 0.711789231092437 0.182494285 0.7437342605042017 0.1430875925 0.7455431260504203 0.11595255 0.7144720070028011 0.14742468
0 0.6828441890756303 0.1938457475 0.6798003333333333 0.22264525 0.7090294523809524 0.18654489000000002 0.7103675868347339 0.1567005125 0.6828441890756303 0.1938457475
0 0.6447532899159665 0.24294765000000001 0.6421163739495799 0.27387496 0.6742368767507002 0.23149079 0.6763954943977591 0.21268241 0.6447532899159665 0.24294765000000001
0 0.6161101106442577 0.28328676999999997 0.608243768907563 0.3174708025 0.6374290210084034 0.2821147175 0.64205218767507 0.2535689775 0.6161101106442577 0.28328676999999997
0 0.7937886358543418 0 0.7832562478991596 0.0141432775 0.7814983529411764 0.0441397175 0.8114388179271708 0.0137953525 0.8093737759103642 0 0.7937886358543418 0
0 0.6973267100840337 0.1351606375 0.6957043333333334 0.1666620575 0.716183443977591 0.140004305 0.7229651806722689 0.0926501975 0.6973267100840337 0.1351606375
0 0.6727088907563025 0.16959162500000002 0.6653028417366946 0.2119632575 0.689024149859944 0.1730667225 0.6918512927170869 0.146477065 0.6727088907563025 0.16959162500000002
0 0.6432718921568628 0.21449846250000001 0.6370374593837534 0.245969065 0.6600463879551821 0.215598225 0.6631473991596638 0.187926605 0.6432718921568628 0.21449846250000001
0 0.6200229439775911 0.24351771 0.6064723081232493 0.2833503675 0.6301379971988795 0.2560956075 0.6370171134453781 0.22491874 0.6200229439775911 0.24351771
0 0.5189545812324929 0.43439128250000003 0.4890349621848739 0.5114771275 0.5218668053221289 0.4748490675 0.5332589019607843 0.4241282375 0.5189545812324929 0.43439128250000003
0 0.7661153389355743 0.195367835 0.7680424537815126 0.1657721125 0.7436240868347338 0.184858475 0.7420570434173669 0.20075859999999998 0.7661153389355743 0.195367835
0 0.6767956036414565 0.31354487249999996 0.6786344775910363 0.2833883575 0.6522238599439776 0.30268913000000003 0.6447435350140056 0.31910824250000003 0.6767956036414565 0.31354487249999996