1 0.6335837651098901 1 0.678417728021978 0.9599914097560975 0.5643620357142858 0.8568410658536586 0.4702725494505494 0.9588734341463414 0.4831347458791209 0.9750684536585367 0.5098082046703297 1 0.6335837651098901 1
1 0.658353260989011 0.6912990024390244 0.6053500096153847 0.7307669487804878 0.5924566607142857 0.848326943902439 0.7077335013736265 0.9523985292682927 0.8088692472527472 0.8642955682926828 0.7748670233516484 0.7833838268292682 0.658353260989011 0.6912990024390244
1 0.8466670343406594 0.8278789390243902 0.9142105054945056 0.7305768951219511 0.8514147513736263 0.6912944390243903 0.7908411332417583 0.6484038536585366 0.7089960631868132 0.7149423853658536 0.8466670343406594 0.8278789390243902
1 0.9727568296703296 0.5701545926829268 0.9576545370879121 0.559044243902439 0.910322875 0.5571024487804878 0.8461146208791209 0.6198864585365853 0.8468774340659342 0.6712789414634146 0.9631528186813186 0.7090399268292683 0.9727568296703296 0.5701545926829268
1 0.9791370631868132 0.47788888292682924 0.9237109615384616 0.5403711317073171 0.9734359684065934 0.5603334536585366 0.9791370631868132 0.47788888292682924
1 0.13647640796703298 1 0.1240559368131868 0.9336057243902439 0.0627302967032967 0.967314856097561 0.06739286126373625 1 0.13647640796703298 1
1 0.19920458241758243 1 0.25460916208791207 0.9587408951219513 0.21176382554945053 0.8609628829268292 0.16013235851648353 0.9099126121951219 0.1865468914835165 1 0.19920458241758243 1
1 0.2805566002747253 0.9344051146341463 0.3461469972527472 0.8845143292682927 0.29616191483516485 0.7895472073170732 0.25204724450549454 0.8145826341463415 0.24141187362637362 0.8750293048780489 0.2805566002747253 0.9344051146341463
1 0.345335282967033 0.7516630951219513 0.34302292994505496 0.8293326317073171 0.3862492994505494 0.8567230512195123 0.4453921868131868 0.8102146341463414 0.4216991978021978 0.7503753341463415 0.387463842032967 0.7227781780487804 0.345335282967033 0.7516630951219513
1 0.549309418956044 0.583670031707317 0.5223121126373627 0.6167718926829269 0.5147482280219781 0.6956067024390244 0.5713050892857142 0.7270108170731707 0.635087510989011 0.6593074512195122 0.6026470659340659 0.6002544878048781 0.549309418956044 0.583670031707317
1 0.5872798131868131 0.6034950634146341 0.6522034917582418 0.6444453902439023 0.7009503365384616 0.5901777609756097 0.6646805989010989 0.544172712195122 0.6251024423076923 0.5223233243902439 0.5943693722527472 0.5517330097560975 0.5872798131868131 0.6034950634146341
1 0.6915934711538462 0.45388406341463416 0.6638100521978022 0.4703258195121951 0.6539990741758243 0.4874829731707317 0.654242907967033 0.5316449195121951 0.6939792568681319 0.5800204634146342 0.7021359436813187 0.5692127414634147 0.7150259945054944 0.5812356073170731 0.7656251923076923 0.5387201146341464 0.7592327664835165 0.49355868292682925 0.7152411703296703 0.453315887804878 0.6915934711538462 0.45388406341463416
1 0.8676364024725275 0.36447358780487804 0.8266091277472527 0.37435025121951215 0.7961099945054946 0.4135147682926829 0.7991890673076923 0.44269478780487803 0.8117253104395604 0.4601754292682927 0.8409287376373625 0.4505828463414634 0.8603211868131867 0.4581474219512195 0.9071384725274725 0.42604773902439025 0.9130480096153846 0.411565556097561 0.9039398722527472 0.38912688536585366 0.8676364024725275 0.36447358780487804
1 0.044647201923076925 1 0.04219009203296703 0.9538988341463415 0.026345274725274724 0.9491170609756098 0.0029366332417582416 0.9651669024390244 0.010158418956043956 1 0.021577611263736265 1 0.03226436401098901 0.9919954317073171 0.03753342032967033 1 0.044647201923076925 1
1 0.1567470975274725 0.8544934975609756 0.1586452184065934 0.8923060097560975 0.16869525137362637 0.8906305219512196 0.17058859615384614 0.8997627560975611 0.1965981991758242 0.8819296 0.20108772664835164 0.8605982414634147 0.1891395741758242 0.8244612170731707 0.16691188324175824 0.8318785658536586 0.1567470975274725 0.8544934975609756
1 0.2997999148351648 0.756411131707317 0.30973997115384616 0.8043553634146342 0.3297252857142857 0.821943831707317 0.3453310480769231 0.8112439390243902 0.3413053035714286 0.7774978024390243 0.3577334326923077 0.734942912195122 0.33372714972527473 0.7122885853658537 0.3103185068681319 0.7283384268292683 0.2997999148351648 0.756411131707317
1 0.519351554945055 0.6475998390243903 0.525256315934066 0.6044373804878048 0.5029043214285714 0.5754336195121952 0.46755230219780225 0.5840267121951219 0.4550208365384616 0.5952263512195122 0.4526589326923077 0.6124913341463414 0.4618913736263736 0.6713511170731707 0.4650851978021978 0.6795916951219512 0.4816376318681319 0.6734579170731707 0.4906262403846154 0.688155756097561 0.4958281607142857 0.6845891243902439 0.5007910247252747 0.6655408243902439 0.519351554945055 0.6475998390243903
1 0.5172048269230769 0.5369451048780488 0.500657168956044 0.5717591609756097 0.5150867541208791 0.5983720341463414 0.5305777651098901 0.6086115829268293 0.5591883282967033 0.5889951097560976 0.5833093626373627 0.5907099926829269 0.5940622362637362 0.5494386804878049 0.5898022115384616 0.5288911512195121 0.5707635686813186 0.5158688024390244 0.5172048269230769 0.5369451048780488
1 0.6440590178571428 0.4395387414634146 0.6482042898351649 0.48102571463414634 0.6815434381868132 0.4555595487804878 0.7134673543956044 0.45192448780487804 0.7407774368131869 0.4331996707317073 0.7217387939560439 0.42017732195121954 0.7118035137362637 0.40091336585365855 0.6664014601648351 0.4111819487804878 0.6440590178571428 0.4395387414634146
1 0.8893859807692307 0.3260929 0.9480495604395605 0.30814600975609757 0.9335927541208792 0.23841597804878048 0.8958788296703297 0.264274056097561 0.8787383090659341 0.2890642170731707 0.8893859807692307 0.3260929
1 0.76902464010989 0.36168041951219515 0.7159392335164835 0.3850397829268293 0.7184254423076923 0.40419591219512196 0.7523622307692307 0.41743391707317073 0.7599356071428571 0.453962856097561 0.7670308722527472 0.45952845853658536 0.7789694739010989 0.4383049292682927 0.7963490508241758 0.42899643658536585 0.8028466758241759 0.3958578707317073 0.7982328434065934 0.3807681170731707 0.76902464010989 0.36168041951219515
1 0.6079850535714285 0.3730065536585366 0.588831657967033 0.3809236463414634 0.5671968324175823 0.3983648902439024 0.5591596717032967 0.41691344634146343 0.5719397458791209 0.4785560317073171 0.6109589258241758 0.4804865731707317 0.6399232980769232 0.4554123243902439 0.637666592032967 0.3943773097560975 0.6321060879120879 0.3747214390243902 0.6226489189560439 0.38642081951219515 0.6079850535714285 0.3730065536585366
1 0.3825334271978022 0.5536605853658537 0.37354959478021976 0.5676430243902439 0.3595981208791209 0.5719934853658536 0.3502604807692308 0.5914337000000001 0.35984672939560436 0.6448357073170731 0.3894087417582417 0.6584656292682927 0.4271226648351648 0.6326075512195122 0.40972875824175825 0.5558752121951219 0.3986125260989011 0.5452437512195122 0.3825334271978022 0.5536605853658537
1 0.2524997417582418 0.7288672024390244 0.26621693406593405 0.7377153512195123 0.3039308585164835 0.7118572731707318 0.2881960164835165 0.6574557780487805 0.2767259752747253 0.6522820902439024 0.25721877335164833 0.6656569585365854 0.24445302747252748 0.6900552048780488 0.2524997417582418 0.7288672024390244
1 0.12280075686813187 0.7838949365853659 0.1353417760989011 0.8300558536585366 0.1751833241758242 0.8001314024390244 0.16997662774725275 0.775017756097561 0.15424656043956042 0.7492965390243903 0.13461983104395603 0.7549305731707316 0.12468932692307692 0.7643468951219512 0.12280075686813187 0.7838949365853659
1 0.06972012774725275 0.8359345780487805 0.0782401771978022 0.8770296341463415 0.11678124587912088 0.8479968414634146 0.11145502060439562 0.8151423609756098 0.10104640384615383 0.7935953463414634 0.08011919368131869 0.8001210390243902 0.07278964835164835 0.807754043902439 0.06972012774725275 0.8359345780487805
1 0.05755202197802198 0.8990369926829268 0.04914672527472527 0.8370024951219512 0.04075098076923077 0.8323285487804878 0.012967561813186812 0.8487703048780488 0.005996600274725274 0.879625812195122 0.015463321428571429 0.9252869878048781 0.05755202197802198 0.8990369926829268
1 0.2944641373626374 0.6661960975609756 0.3281570934065934 0.6352721609756098 0.3235384848901099 0.5915021292682927 0.2919683763736264 0.5896794170731707 0.27340784615384617 0.6076204024390244 0.2842945769230769 0.6601307512195123 0.2944641373626374 0.6661960975609756
1 0.404627260989011 0.4524615682926829 0.4096044546703297 0.5194541024390243 0.4133911428571429 0.5377185731707317 0.422733559065934 0.5469586341463415 0.44720840384615385 0.543215743902439 0.48574947115384615 0.5141829487804878 0.4818432541208791 0.48817764634146343 0.4565317156593407 0.4377346975609756 0.42803590384615386 0.4364117268292683 0.404627260989011 0.4524615682926829
0 0.48533211263736264 0.6994504268292683 0.42481133516483516 0.7513682926829268 0.47563039423076925 0.8113091097560975 0.5584897815934066 0.7371374829268292 0.48533211263736264 0.6994504268292683
0 0.7777369629120878 0.46025464634146346 0.7544344299450549 0.4911210024390244 0.7968571978021978 0.5389120756097561 0.8681185686813186 0.4786876926829268 0.7777369629120878 0.46025464634146346
0 0.07399954532967033 0.9577879780487805 0.1387337348901099 0.9209838146341464 0.12944617032967032 0.8761867682926829 0.0682618489010989 0.9220368682926829 0.07399954532967033 0.9577879780487805
0 0.2780001387362637 0.8008626 0.25758058104395604 0.7779105487804878 0.21851685714285715 0.8261280341463414 0.23613529807692307 0.8542016585365855 0.2780001387362637 0.8008626
0 0.4597379862637363 0.7084712317073171 0.4198451552197802 0.6723408634146342 0.3834935453296703 0.7035316780487805 0.4180438777472527 0.7417957634146342 0.4597379862637363 0.7084712317073171
0 0.6541064862637362 0.49466751707317075 0.6216517829670329 0.48659974390243904 0.5973686387362638 0.5237033268292683 0.6383325563186814 0.5253802463414634 0.6541064862637362 0.49466751707317075
0 0.7560586703296703 0.33001540975609756 0.8099623379120879 0.32432452195121947 0.8465404642857144 0.2793477317073171 0.806827673076923 0.2900097975609756 0.7560586703296703 0.33001540975609756
0 0.7241650151098902 0.35851542926829266 0.7702883667582419 0.35436900975609753 0.8015803832417583 0.32817653902439026 0.7594547486263736 0.3333719829268293 0.7241650151098902 0.35851542926829266
0 0.6731432362637363 0.3963403243902439 0.7097238818681318 0.39305176097560973 0.7355565123626374 0.3639699878048781 0.7099914505494506 0.36351596097560973 0.6731432362637363 0.3963403243902439
0 0.5267838777472528 0.5109022585365853 0.5609147376373627 0.5140308560975609 0.6056177307692308 0.47959080243902436 0.5623182774725275 0.4718778414634146 0.5267838777472528 0.5109022585365853
0 0.540582690934066 0.5175488 0.5122114340659341 0.5057337048780488 0.4672032774725275 0.5536860341463414 0.5029300604395605 0.5651572780487805 0.540582690934066 0.5175488
0 0.4842311126373626 0.5609230414634147 0.46007211813186816 0.5433774121951219 0.4235685164835165 0.5907152853658536 0.44339696291208786 0.5983954512195122 0.4842311126373626 0.5609230414634147
0 0.3764834697802198 0.6620236024390245 0.34385627747252745 0.6427041390243902 0.3053773159340659 0.6819285829268292 0.33233957554945054 0.7017652951219512 0.3764834697802198 0.6620236024390245
0 0.2632100934065934 0.750363275609756 0.23552559065934064 0.721022387804878 0.18174527335164836 0.7660005146341463 0.19929389423076924 0.8093465804878048 0.2632100934065934 0.750363275609756
0 0 0.8430583951219511 0.012255789835164834 0.8338504170731708 0.018251637362637362 0.8039574341463415 0 0.8159861195121951 0 0.8430583951219511
0 0.0629457870879121 0.7722163219512196 0.021586126373626374 0.7989284243902439 0.02041336401098901 0.8292547902439025 0.06476419093406593 0.8005914512195123 0.0629457870879121 0.7722163219512196
0 0.06284623076923078 0.7717361243902439 0.06332088598901099 0.8026780390243903 0.109334135989011 0.7727753878048781 0.10553090247252747 0.7420742268292683 0.06284623076923078 0.7717361243902439
0 0.10433006456043956 0.7410989512195122 0.10988125961538461 0.7663661146341463 0.15211174587912088 0.7363141829268294 0.14547889423076923 0.7160568073170731 0.10433006456043956 0.7410989512195122
0 0.14165824175824177 0.7160539024390244 0.1541770947802198 0.7327039292682928 0.19907003571428572 0.695889543902439 0.18443038873626372 0.685232943902439 0.14165824175824177 0.7160539024390244
0 0.18796986126373627 0.6815581634146342 0.2028527760989011 0.6960387146341463 0.24582955494505496 0.6605381658536585 0.22885758928571429 0.6506547390243902 0.18796986126373627 0.6815581634146342
0 0.22922958379120878 0.6483320195121951 0.24065311401098902 0.6596989341463415 0.2743723557692308 0.6278028975609755 0.2661910357142857 0.6195678560975609 0.22922958379120878 0.6483320195121951
0 0.315849304945055 0.5860345121951219 0.33245545879120875 0.5973043536585366 0.3686879478021978 0.5609424219512195 0.3504458873626374 0.5558961756097561 0.315849304945055 0.5860345121951219
0 0.35562196153846154 0.5507016341463414 0.37254497115384616 0.5539095536585366 0.40830524725274725 0.528842343902439 0.3857833722527473 0.5252191048780488 0.35562196153846154 0.5507016341463414
0 0 0.8100470487804877 0.019271657967032965 0.7983210926829268 0.021027377747252746 0.7794267243902439 0 0.7910754146341463 0 0.8100470487804877
0 0.023724638736263733 0.7700345829268292 0.021386972527472528 0.7979678390243902 0.06177624175824176 0.7741153341463415 0.059729747252747246 0.7474012560975609 0.023724638736263733 0.7700345829268292
0 0.06192401098901099 0.7476835951219513 0.06324415934065934 0.7676233560975609 0.1021897815934066 0.7398236536585365 0.09961482967032968 0.717309712195122 0.06192401098901099 0.7476835951219513
0 0.10216374725274725 0.7200937243902439 0.10286180906593406 0.7415571853658537 0.14603771703296703 0.7070171048780487 0.1395628228021978 0.6912922902439025 0.10216374725274725 0.7200937243902439
0 0.13819740521978022 0.6888050097560976 0.14586353434065935 0.7076850756097561 0.1837638365384615 0.6778594487804878 0.1726032706043956 0.665893687804878 0.13819740521978022 0.6888050097560976
0 0.17346020054945055 0.6673702780487805 0.18538164423076925 0.6811385658536586 0.2246009793956044 0.6531511926829269 0.20936936813186813 0.6339727439024391 0.17346020054945055 0.6673702780487805
0 0.21372456043956042 0.6353751780487805 0.22743761813186814 0.645720768292683 0.2619284684065934 0.6160385731707317 0.24403406043956047 0.6031938756097561 0.21372456043956042 0.6353751780487805
0 0.25045490521978025 0.6014145731707317 0.2652133337912088 0.6137863463414635 0.2967925892857143 0.5866489048780488 0.2816795370879121 0.5773827268292683 0.25045490521978025 0.6014145731707317
0 0.29378071565934066 0.5766457487804878 0.303735635989011 0.5824369512195122 0.3397197541208791 0.5539250487804879 0.3238042239010989 0.5430107926829268 0.29378071565934066 0.5766457487804878
0 0.3301627513736264 0.544021131707317 0.3459411620879121 0.5507565048780488 0.3771471456043956 0.5233265341463414 0.3570937980769231 0.5188137951219511 0.3301627513736264 0.544021131707317
0 0 0.7796705634146343 0.024893846153846155 0.7621018243902439 0.02500331043956044 0.7382729512195122 0.00030579807692307693 0.7581152341463415 0 0.7607602073170732 0 0.7796705634146343
0 0.02996888598901099 0.7322915951219512 0.03380268269230769 0.7537992926829268 0.06120163736263736 0.7366592170731707 0.05754551098901099 0.7104711243902438 0.02996888598901099 0.7322915951219512
0 0.06329017582417583 0.7045083390243901 0.06485982692307692 0.7346996512195122 0.09599116895604395 0.7084177804878048 0.09263935164835164 0.6836646365853659 0.06329017582417583 0.7045083390243901
0 0.09024120054945055 0.6882238780487805 0.09611576648351648 0.7105266487804878 0.1341905535714286 0.6860667390243903 0.12207127060439561 0.663485012195122 0.09024120054945055 0.6882238780487805
0 0.12030262774725275 0.664321336585366 0.13272227472527473 0.6865248585365854 0.1619370892857143 0.6555230512195123 0.1468981607142857 0.6437179292682926 0.12030262774725275 0.664321336585366
0 0.21394582417582417 0.5896935634146342 0.2396791236263736 0.6022202048780487 0.26244912087912087 0.5838654829268293 0.2467668846153846 0.5711269365853658 0.21394582417582417 0.5896935634146342
0 0.25483296565934066 0.568242456097561 0.268794739010989 0.5767719292682927 0.29895607692307696 0.5593835317073171 0.27526521565934065 0.5502149951219512 0.25483296565934066 0.568242456097561
0 0.2886770879120879 0.5444891146341463 0.30328594642857143 0.5531234658536586 0.32906709615384616 0.5327041829268293 0.31110642857142856 0.5270133365853659 0.2886770879120879 0.5444891146341463
0 0.3191368049450549 0.5225076634146342 0.33727928434065935 0.5270736 0.3619154752747253 0.5041480414634146 0.33636865796703297 0.5055753487804878 0.3191368049450549 0.5225076634146342
0 0.4647934230769231 0.4604902073170732 0.4944087019230769 0.46761245853658534 0.528028320054945 0.43523614146341466 0.476751559065934 0.4436340463414634 0.4647934230769231 0.4604902073170732
0 0.25550494917582417 0.6710133512195122 0.24721748489010992 0.6657245073170731 0.2260643695054945 0.6937424365853658 0.24099820192307692 0.705096012195122 0.25550494917582417 0.6710133512195122
0 0.3597737115384615 0.5797749268292682 0.3483012513736264 0.5832524804878049 0.32605639697802197 0.6142048097560976 0.34121117445054944 0.6259637536585365 0.3597737115384615 0.5797749268292682
0 0 0.8907936731707318 0.007355667582417582 0.8864654170731707 0.007353618131868132 0.8520726682926829 0 0.8564277073170732 0 0.8907936731707318
0 0.019945675824175824 0.8433670609756097 0.058426450549450545 0.8217935658536585 0.05369695192307692 0.8033896073170732 0.017407563186813187 0.8263185829268292 0.019945675824175824 0.8433670609756097