1 0.47811062347188266 0.8602590195652174 0.41089894498777507 0.7259748673913043 0.2986766466992665 0.7511020260869565 0.34886853911980437 0.837070797826087 0.3838397530562347 0.8869907826086957 0.4648367053789731 0.8668722717391304 0.47811062347188266 0.8602590195652174
1 0.3926843031784841 0.599858952173913 0.3523808068459658 0.5391319847826087 0.23954125061124693 0.5537925804347826 0.19928619437652811 0.6028359456521739 0.27445522127139366 0.7293077456521739 0.38785421149144256 0.7040632739130435 0.3926843031784841 0.599858952173913
1 0.24407910146699266 0.43352840652173913 0.18609107946210268 0.4370225 0.1266781466992665 0.43635242391304346 0.1716660611246944 0.5526784652173913 0.30555553667481666 0.5319340934782609 0.24407910146699266 0.43352840652173913
1 0.20033579828850856 0.3806720739130435 0.15354161002444988 0.29470428695652173 0.11251004400977994 0.2712802391304348 0.02089334107579462 0.27895866739130437 0.08046788141809291 0.3906253391304348 0.19271237652811735 0.42284157608695655 0.20033579828850856 0.3806720739130435
1 0.015361982885085576 0.24612694782608696 0.14427797310513446 0.27376361086956524 0.09118620293398534 0.16415738695652174 0.02624730195599022 0.14494855869565218 0.010855394865525673 0.15652007391304348 0.009904916870415647 0.1586948043478261 0.015361982885085576 0.24612694782608696
1 0.663886707823961 0.9742085434782608 0.6685178129584353 0.9811867717391304 0.7490712897310513 0.9786864195652174 0.7140449022004891 0.9158702717391304 0.663886707823961 0.9742085434782608
1 0.6856344046454768 0.8561444565217392 0.6510305745721271 0.8120741847826087 0.5951037029339853 0.8643079 0.6448360867970659 0.9403260739130436 0.6866013019559902 0.9118425739130435 0.6856344046454768 0.8561444565217392
0 0.6140439657701712 0.8332227239130434 0.5908161173594132 0.7903282260869566 0.5584448019559902 0.7441194847826087 0.5252158728606356 0.7488743739130435 0.5170771552567237 0.7602314304347826 0.5630618337408313 0.839566306521739 0.6140439657701712 0.8332227239130434
1 0.47965996088019563 0.5493435739130434 0.46089331784841076 0.5076441347826087 0.4127037444987775 0.4931734717391304 0.3767569168704157 0.5249352652173913 0.42251749022004886 0.6147529760869564 0.4754887249388753 0.6186497739130434 0.47965996088019563 0.5493435739130434
1 0.36402893765281175 0.5035714673913043 0.4255008068459658 0.5039853043478261 0.4264108129584352 0.4573567173913043 0.40392594743276283 0.4167400760869565 0.36687421149144256 0.4139078956521739 0.32939776283618577 0.43283572608695653 0.36402893765281175 0.5035714673913043
1 0.37756272004889974 0.4090502673913044 0.3837590085574572 0.37259598260869564 0.3776341821515892 0.3531943956521739 0.35593211369193156 0.3248802391304348 0.33564057334963326 0.3119028543478261 0.2922941173594132 0.3219733913043479 0.2883484584352078 0.3595122260869565 0.3184860586797066 0.4179838630434783 0.33121842298288506 0.4148415086956522 0.3367790366748166 0.42810838260869566 0.37756272004889974 0.4090502673913044
1 0.26477314792176043 0.25870637826086956 0.271380684596577 0.23616243913043478 0.2504196112469438 0.1875887347826087 0.21642024694376527 0.15770865 0.18180903178484106 0.15893110217391304 0.17092226650366749 0.17270195652173911 0.17404925183374081 0.18782424347826088 0.21002335574572126 0.2391758152173913 0.22775212224938873 0.2431656239130435 0.2516057151589242 0.26655701304347823 0.26477314792176043 0.25870637826086956
1 0.07926339731051345 0 0.0763975488997555 0.0065571673913043475 0.08088168459657702 0.014861417391304348 0.09217969804400977 0.01500090652173913 0.12517978117359413 0.04345455652173913 0.13004704156479216 0.039743730434782604 0.13460837530562347 0.051584171739130436 0.14136887530562348 0.021264599999999998 0.12737894621026893 0.0012945434782608695 0.1269492261613692 0 0.07926339731051345 0
1 0.7242654718826406 0.941259602173913 0.7442510843520782 0.9697882521739131 0.7479228325183375 0.9787220673913044 0.7615499535452322 0.9782990847826087 0.7638994217603912 0.9664447152173913 0.762309597799511 0.9396081673913044 0.7566198410757946 0.9154983043478261 0.738479826405868 0.8975981543478261 0.7232900110024449 0.9212145456521739 0.7242654718826406 0.941259602173913
1 0.6471340354523227 0.75388245 0.6291469841075795 0.7282066652173914 0.6053987139364303 0.7342768847826087 0.578682575794621 0.7507939630434783 0.6057385000000001 0.804043097826087 0.6177298679706601 0.8211602891304347 0.637328053789731 0.8171599717391305 0.6523887249388753 0.7827005913043479 0.6471340354523227 0.75388245
1 0.5204360354523228 0.6316487413043479 0.5243040158924206 0.6265114847826088 0.5402348251833741 0.582635545652174 0.540540750611247 0.5670842760869566 0.5312651198044009 0.5511790304347826 0.5019800537897311 0.5253637521739131 0.4787959938875306 0.5375686847826087 0.47803117848410753 0.576446854347826 0.4915860391198044 0.6011251891304348 0.4932786748166259 0.6195293195652174 0.49727579706601466 0.625235052173913 0.5070103178484108 0.617813397826087 0.5204360354523228 0.6316487413043479
1 0.49447027017114914 0.4868540586956522 0.4511952750611247 0.44106872826086957 0.43303143887530565 0.441787197826087 0.4265768655256724 0.45655550652173915 0.43024424083129587 0.4964311260869565 0.45125295599022003 0.5077675869565218 0.48796805501222495 0.5388596108695652 0.49656656356968215 0.5194634195652174 0.49447027017114914 0.4868540586956522
1 0.38341922249388755 0.30282976739130435 0.34570484107579463 0.2703113086956522 0.3345359706601467 0.28101480869565215 0.31637213447432766 0.2817332804347826 0.33735702811735946 0.3116883652173913 0.36436142787286063 0.33158341956521736 0.3896255501222494 0.37031158913043477 0.3988196797066014 0.338136602173913 0.38341922249388755 0.30282976739130435
1 0.20567640586797067 0.05976776521739131 0.17569798533007336 0.01697478913043478 0.16568135819070906 0.021329089130434783 0.15453630684596575 0.013413965217391305 0.1408046638141809 0.015129886956521739 0.1353255501222494 0.049943249999999995 0.20288920782396086 0.11441169347826087 0.21707974083129583 0.08936886956521739 0.20567640586797067 0.05976776521739131
1 0.3085308533007335 0.26254618695652177 0.33955619437652806 0.269528347826087 0.3442943117359413 0.2549745326086957 0.30173649266503666 0.20754828043478263 0.27399109779951103 0.2079127695652174 0.2679715941320293 0.21797279782608697 0.2690761968215159 0.24886084130434782 0.28278402078239606 0.26576354347826087 0.2901902334963325 0.2896589152173913 0.2970560562347188 0.288800952173913 0.3085308533007335 0.26254618695652177
1 0.47501325672371636 0.36429534782608697 0.4706048850855746 0.3446792717391305 0.45433428850855745 0.3187889956521739 0.4389100097799511 0.30210078695652176 0.4244611907090464 0.3054576326086957 0.41790129584352076 0.2907643260869565 0.41044744009779954 0.30410620000000005 0.4002302102689486 0.3534733782608696 0.421779315403423 0.38956317391304346 0.45564953545232273 0.4086002652173913 0.47501325672371636 0.36429534782608697
1 0.6144536601466992 0.5873228021739131 0.6086109388753056 0.5709885739130435 0.5959023973105135 0.5555123065217391 0.5848864877750611 0.5584401717391304 0.5629232273838631 0.5989103521739131 0.5954025709046455 0.6480760782608697 0.615792728606357 0.65851545 0.6312884682151589 0.6193477891304349 0.6258808166259169 0.5983052826086958 0.6144536601466992 0.5873228021739131
1 0.6863780476772615 0.7086445673913043 0.6757972090464547 0.7068641543478261 0.6548699963325184 0.7436079304347826 0.6838491356968215 0.7849744739130434 0.6968636051344744 0.7848994739130435 0.709055577017115 0.7570037847826088 0.7013672579462104 0.7300410586956522 0.6863780476772615 0.7086445673913043
1 0.7787231173594131 0.8537867065217392 0.7616877053789731 0.8667746000000001 0.753798782396088 0.884824752173913 0.7840593080684596 0.9306850826086956 0.8011185415647922 0.8990785673913043 0.802141641809291 0.8818863760869565 0.7948645721271393 0.8688339934782608 0.7787231173594131 0.8537867065217392
1 0.7976141687041565 0.9553634173913044 0.8116931308068459 0.9767426586956521 0.83729895599022 0.9759478630434782 0.8397845611246944 0.9702607043478261 0.8409606259168705 0.9452928782608696 0.8356821149144255 0.9350933608695652 0.818541381418093 0.9186196413043479 0.8066553349633252 0.9309640630434782 0.7976141687041565 0.9553634173913044
1 0.6443844388753057 0.6673530260869566 0.6692134926650367 0.7107894739130435 0.6787950513447433 0.7111434521739131 0.6952900721271394 0.6734022260869564 0.6817352127139364 0.6487238913043478 0.6542957444987776 0.6335371152173913 0.6443844388753057 0.6673530260869566
1 0.589930533007335 0.5283350891304348 0.6032985696821516 0.4754715739130435 0.5853115171149145 0.4497957891304348 0.5605877860635697 0.4358209543478261 0.5319484339853301 0.4642206239130435 0.5250587909535452 0.4836972086956522 0.5543200366748167 0.5281311086956522 0.5748936821515892 0.5441758456521739 0.5841931344743276 0.5414624717391304 0.589930533007335 0.5283350891304348
0 0.4146367836185819 0.9309522934782608 0.45448244621026895 0.9878303565217392 0.555784249388753 0.9846859826086957 0.4983926943765281 0.8857111826086956 0.4146367836185819 0.9309522934782608
0 0.4368999144254279 0.6488246543478261 0.49821532640586796 0.754089956521739 0.5501126259168704 0.7313126913043478 0.5050216491442543 0.6562965130434782 0.4368999144254279 0.6488246543478261
0 0.20052292298288507 0.2520672847826087 0.2537391601466992 0.33964493695652176 0.2967575207823961 0.32249177391304346 0.280870282396088 0.28459828043478264 0.20052292298288507 0.2520672847826087
0 0.6939694364303179 0.89737985 0.7129502432762836 0.8834419695652174 0.6858393520782395 0.8228392760869565 0.6651400904645477 0.8310530608695652 0.6939694364303179 0.89737985
0 0.5603741454767727 0.728721847826087 0.601093630806846 0.7151979239130435 0.5456414743276283 0.6115791347826086 0.5049337347188264 0.6393851108695652 0.5603741454767727 0.728721847826087
0 0.392116033007335 0.41227529782608696 0.4276269413202934 0.4325510152173913 0.4117405415647922 0.38897205217391306 0.3826926075794621 0.37849076739130433 0.392116033007335 0.41227529782608696
0 0.28256148533007336 0.13344125217391303 0.25799276039119806 0.11541132391304347 0.25897764303178483 0.12107742608695653 0.2856151283618582 0.16407159782608696 0.3156675378973105 0.18933907608695652 0.28256148533007336 0.13344125217391303
0 0.3149888545232274 0.1937602391304348 0.2889649828850856 0.17118276086956521 0.3080789706601467 0.20020329782608698 0.3419768276283619 0.23325269130434784 0.3149888545232274 0.1937602391304348
0 0.3523349486552567 0.2402900913043478 0.33025335819070906 0.22714544130434783 0.34856175916870413 0.2648987152173913 0.3796241246943765 0.2869695717391304 0.3523349486552567 0.2402900913043478
0 0.4648420745721271 0.408156697826087 0.4265012909535453 0.3916459608695652 0.4603370403422983 0.4438180695652174 0.4901591858190709 0.4592773847826087 0.4648420745721271 0.408156697826087
0 0.5033508691931541 0.5168373391304347 0.5356785036674817 0.526229754347826 0.5034115317848411 0.46270284130434786 0.47737284841075794 0.4574854326086956 0.5033508691931541 0.5168373391304347
0 0.5501232029339853 0.5758571173913043 0.5682431772616137 0.5799817586956522 0.5432181711491443 0.5214617130434782 0.5200308618581907 0.5232191826086957 0.5501232029339853 0.5758571173913043
0 0.6317686088019561 0.7202231499999999 0.6576810268948655 0.718050354347826 0.6298547799511003 0.6652066608695653 0.5991330806845966 0.6639549195652173 0.6317686088019561 0.7202231499999999
0 0.7317823973105134 0.8797069826086956 0.7527732860635697 0.8530806608695652 0.7125473960880196 0.78737815 0.6847245696821516 0.7970421173913043 0.7317823973105134 0.8797069826086956
0 0.8862602738386308 0.9650621826086957 0.854256705378973 0.9210600304347826 0.8488441295843521 0.9436039478260869 0.87158493398533 0.9748836369565218 0.8851279046454767 0.9744632673913044 0.8862602738386308 0.9650621826086957
0 0.821662553789731 0.8735683978260869 0.8142250782396088 0.8969894413043478 0.8498044535452323 0.9460957782608695 0.8544075476772617 0.9207148934782609 0.821662553789731 0.8735683978260869
0 0.7907807371638143 0.8308883108695652 0.7823216992665037 0.8441613260869565 0.8146226173594132 0.8913907130434783 0.8228290770171149 0.8733955869565218 0.7907807371638143 0.8308883108695652
0 0.7614087616136919 0.78475365 0.7473546112469437 0.7858388826086956 0.7810321234718827 0.8400783173913045 0.7940719877750612 0.8329065586956522 0.7614087616136919 0.78475365
0 0.7278292872860637 0.7326129565217391 0.7118710403422983 0.731824197826087 0.7440761907090464 0.7839618543478261 0.7588582212713937 0.7798375565217391 0.7278292872860637 0.7326129565217391
0 0.6998866466992666 0.6871161608695653 0.6917235171149144 0.6896110608695653 0.7164434413202935 0.7338666869565217 0.727823728606357 0.7304921043478261 0.6998866466992666 0.6871161608695653
0 0.6359459755501222 0.5898108586956522 0.6195494437652812 0.5843433130434783 0.6458287481662591 0.6336276282608695 0.6616598435207824 0.6330744304347826 0.6359459755501222 0.5898108586956522
0 0.6096669694376529 0.5457091630434783 0.5897769828850855 0.5367993173913044 0.6171805831295843 0.5764774760869565 0.632191782396088 0.5827702586956521 0.6096669694376529 0.5457091630434783
0 0.8883361283618582 0.9657831456521739 0.8946582053789731 0.97416745 0.9089040977995111 0.9737252630434782 0.8893850488997556 0.9492027086956522 0.8883361283618582 0.9657831456521739
0 0.8603905342298288 0.9022044065217392 0.8550066564792176 0.923251697826087 0.8865620220048899 0.9643717739130435 0.8883349376528117 0.9399958521739131 0.8603905342298288 0.9022044065217392
0 0.8301151613691932 0.8561826326086956 0.8248454462102689 0.8734710891304347 0.8546222946210269 0.9170974695652174 0.8584622689486552 0.901277797826087 0.8301151613691932 0.8561826326086956
0 0.7992333435207823 0.8135025478260869 0.7915247579462104 0.8231043782608696 0.824031619804401 0.8745517086956522 0.8275423129584353 0.8571408152173914 0.7992333435207823 0.8135025478260869
0 0.7742173410757947 0.7749883173913044 0.7629823826405868 0.7789980543478261 0.7915842432762835 0.8237498413043479 0.8007465794621027 0.81216425 0.7742173410757947 0.7749883173913044
0 0.7468764364303179 0.7291006521739131 0.7311572481662592 0.7369322130434782 0.7611444156479218 0.7808588173913044 0.7732790843520783 0.7757583 0.7468764364303179 0.7291006521739131
0 0.721190728606357 0.685270452173913 0.704036542787286 0.6864469152173913 0.7297211699266504 0.7292767043478261 0.7429350586797066 0.7279590499999999 0.721190728606357 0.685270452173913
0 0.6922641833740831 0.6439789847826086 0.6779907493887531 0.6436620391304348 0.7015124706601468 0.6828439065217392 0.7159014278728606 0.6804006608695652 0.6922641833740831 0.6439789847826086
0 0.6606399816625916 0.5932269108695652 0.645451944987775 0.5938508043478261 0.6725814107579462 0.6365008913043478 0.6819409303178484 0.636968447826087 0.6606399816625916 0.5932269108695652
0 0.6352465195599022 0.5555763217391304 0.617362184596577 0.5487088782608696 0.6405227420537897 0.5879356608695652 0.6550262151589242 0.5907009891304348 0.6352465195599022 0.5555763217391304
0 0.934163064792176 0.9729412326086957 0.9162579951100245 0.9482940630434782 0.9155843960880196 0.9735179086956522 0.934163064792176 0.9729412326086957
0 0.8915389474327629 0.9130086239130435 0.8884031650366748 0.9328060804347826 0.9092862982885086 0.9631763652173913 0.9101220684596578 0.9425076782608696 0.8915389474327629 0.9130086239130435
0 0.8672778667481663 0.8727671065217392 0.860578858190709 0.8925273782608696 0.8818551149144255 0.9212166826086957 0.8880727188264059 0.9054275630434782 0.8672778667481663 0.8727671065217392
0 0.8406840537897311 0.8320006130434783 0.8344416674816625 0.8507331304347826 0.8576935599022005 0.8889693673913043 0.8631380660146699 0.8647893869565217 0.8406840537897311 0.8320006130434783
0 0.8180687542787286 0.7997181913043478 0.8045689963325183 0.8120150282608695 0.8340484828850856 0.8524141956521739 0.8421316430317849 0.8370457608695652 0.8180687542787286 0.7997181913043478
0 0.7993639987775062 0.7702130086956521 0.7848102481662592 0.7720385000000001 0.8057715733496332 0.8131710673913044 0.8194787787286063 0.8013463891304349 0.7993639987775062 0.7702130086956521
0 0.7231836124694377 0.6572612434782609 0.7079492334963325 0.6595197391304347 0.7250737652811735 0.686767097826087 0.7489367383863081 0.6899999130434783 0.7231836124694377 0.6572612434782609
0 0.7014717114914425 0.6248659347826088 0.6798231577017114 0.6199315021739131 0.7034450892420538 0.6502874739130434 0.7166270256723717 0.6506058130434783 0.7014717114914425 0.6248659347826088
0 0.6737455171149144 0.5866903695652174 0.6575039816625917 0.5819056260869565 0.6769422640586797 0.6124557695652173 0.6906957726161369 0.6130294565217392 0.6737455171149144 0.5866903695652174
0 0.6548922848410759 0.5555707913043478 0.6330814278728606 0.5408773108695653 0.6511937885085575 0.5728980826086957 0.6674394388753057 0.578710847826087 0.6548922848410759 0.5555707913043478
0 0.5423720831295844 0.4300141043478261 0.4993440452322739 0.3959382956521739 0.5239130574572127 0.44053909347826087 0.550387130806846 0.4503019304347826 0.5423720831295844 0.4300141043478261
0 0.7099925146699266 0.7712905913043479 0.724394531784841 0.7697835760869565 0.7099725464547678 0.7353864586956521 0.702117359413203 0.7353846304347826 0.7099925146699266 0.7712905913043479
0 0.6344022995110025 0.65273805 0.6490495745721271 0.6510120847826086 0.6340850036674816 0.6136067565217392 0.6246747799511002 0.6046584695652174 0.6344022995110025 0.65273805
0 0.8514290354523226 0.9645194152173913 0.8599099107579462 0.9752460260869565 0.8749546772616137 0.9747790413043479 0.8579974156479219 0.9517751108695652 0.8514290354523226 0.9645194152173913