1 0.36205551510067113 0.7487757470238096 0.26828588087248323 0.8413188511904762 0.44832048489932885 0.9364898869047619 0.45534976174496644 0.9286402023809524 0.42945957046979866 0.7880570416666667 0.36205551510067113 0.7487757470238096
1 0.25531292953020135 0.8344610059523809 0.3030485788590604 0.7857074404761905 0.19847455033557046 0.7182618095238096 0.1378900922818792 0.7723882023809525 0.25531292953020135 0.8344610059523809
1 0.04526576342281879 0.7234245416666667 0.11830585570469798 0.7620354583333333 0.13289433389261746 0.7551382023809524 0.12929507718120806 0.6926401815476191 0.04632500167785235 0.626882994047619 0.03930262751677852 0.6281234077380953 0.04526576342281879 0.7234245416666667
1 0.9156582802013423 0.8820627023809523 0.8928526073825505 0.9485700684523809 0.9801158271812082 0.9431647410714286 0.9822414798657718 0.933074931547619 0.9156582802013423 0.8820627023809523
1 0.8560232231543624 0.9508513839285714 0.8811333439597316 0.9039565922619048 0.8629892164429531 0.8323234285714285 0.8075758724832215 0.8091129970238095 0.755634384228188 0.9325018184523809 0.7928961476510067 0.9547616517857143 0.8560232231543624 0.9508513839285714
0 0.7691433573825504 0.8732567232142857 0.7278909077181208 0.840327238095238 0.6745347231543624 0.8121217529761905 0.6356663808724833 0.8511836517857143 0.629252005033557 0.8740345089285714 0.7092188691275169 0.9319478958333334 0.7691433573825504 0.8732567232142857
1 0.5195965637583893 0.6361989166666666 0.48412108892617445 0.6004145654761904 0.4212428389261745 0.6292172648809524 0.3873057197986577 0.7061644910714285 0.47019474832214764 0.7779614494047619 0.5356528456375839 0.7306488988095238 0.5195965637583893 0.6361989166666666
1 0.3653532248322148 0.6909103630952381 0.44006401677852347 0.6306510446428572 0.42696061409395974 0.5689815476190476 0.38730368791946307 0.5382858720238095 0.3414853322147651 0.57124075 0.30178184899328864 0.6329747738095237 0.3653532248322148 0.6909103630952381
1 0.3529737533557047 0.5543385119047619 0.34938433557046983 0.5007004494047619 0.3360414177852349 0.4814727708333334 0.301082783557047 0.46603627976190476 0.2725086140939597 0.4691926130952381 0.22298418624161073 0.5251889494047619 0.22963478523489936 0.578014488095238 0.28401722147651004 0.6244110476190476 0.29850811744966443 0.6077227976190477 0.3092972516778523 0.6195133482142857 0.3529737533557047 0.5543385119047619
1 0.1703154144295302 0.46995476488095234 0.17146339261744967 0.4340388333333334 0.13123082214765103 0.3914658839285714 0.08087457550335571 0.3861511994047619 0.03925276677852349 0.4219765505952381 0.030239619127516777 0.4506911755952381 0.03864133053691275 0.46730680357142856 0.09793582718120805 0.49865143452380956 0.12066207214765101 0.48631660416666667 0.15673123489932886 0.4932094553571429 0.1703154144295302 0.46995476488095234
1 0.928503879194631 0.8798838571428572 0.9357950620805369 0.9050431190476191 0.9687364496644296 0.9224568095238096 0.9869103255033556 0.9427438720238095 0.98736552852349 0.9427156755952382 0.9925675251677852 0.9222497113095238 0.9915572986577181 0.8986661309523809 0.9814513607382551 0.865263380952381 0.9672017248322148 0.8394692589285714 0.9397380872483221 0.8340819494047619 0.928503879194631 0.8798838571428572
1 0.7851173758389262 0.7371275446428571 0.7554701258389261 0.7214552261904762 0.728505577181208 0.7528545327380952 0.7011231895973155 0.8008042321428571 0.7501753104026846 0.8434424077380953 0.769940144295302 0.8538906220238095 0.7925000234899329 0.8292935892857143 0.8002737281879194 0.7694881101190476 0.7851173758389262 0.7371275446428571
1 0.5941487902684564 0.7031349464285714 0.5972765671140939 0.6926141130952381 0.6032368355704698 0.619675744047619 0.5988696174496644 0.5991057261904762 0.5827690989932885 0.5875510029761905 0.5393713070469799 0.5828711785714286 0.5149605453020134 0.6217076101190476 0.5258785922818792 0.6731326517857144 0.5498442818791947 0.691888675595238 0.557505639261745 0.7142000625 0.5640939177852349 0.7176827976190476 0.573643605704698 0.6983824940476191 0.5941487902684564 0.7031349464285714
1 0.5185258389261745 0.5401103363095238 0.4520690738255034 0.5232409285714286 0.43024954865771814 0.5421421994047618 0.4269179597315436 0.5677731220238096 0.44351757046979867 0.6161144553571428 0.4724619144295302 0.610110244047619 0.5264824765100671 0.6143184196428572 0.5310052348993289 0.5805356755952381 0.5185258389261745 0.5401103363095238
1 0.3277146023489933 0.4101125714285714 0.2720469714765101 0.4050337113095238 0.2617569295302013 0.4300297738095238 0.23993740268456376 0.4489310476190476 0.274525860738255 0.4672154166666666 0.3133526224832215 0.4664353095238095 0.35580625000000005 0.4919209821428571 0.3571580402684564 0.44089496726190475 0.3277146023489933 0.4101125714285714
1 0.037996751677852346 0.2691343392857143 0.03305554362416108 0.2665222857142857 0.023707021812080536 0.3384433244047619 0.051264773489932886 0.3431065952380952 0.0608519110738255 0.2964340029761905 0.037996751677852346 0.2691343392857143
1 0.2245772382550336 0.4316805625 0.2643481644295302 0.4100946130952381 0.2656625067114094 0.38644088988095243 0.19957591610738257 0.36672360416666666 0.1660230922818792 0.3946401726190476 0.16178478859060402 0.41370464285714287 0.1725364731543624 0.45286748214285716 0.19431855201342282 0.4613385 0.21058543288590603 0.4851554255952381 0.21865441610738254 0.47724664285714286 0.2245772382550336 0.4316805625
1 0.4575752533557047 0.39962764285714286 0.4462495822147651 0.37842276785714285 0.418619577181208 0.36077325595238097 0.3948202533557047 0.3542794375 0.3783121124161074 0.37294488095238093 0.3658759077181208 0.36028364583333333 0.36089725167785236 0.38504388095238096 0.36354250503355706 0.4594877916666667 0.4006847483221477 0.48520928869047614 0.44758049328859056 0.47652040178571425 0.4575752533557047 0.39962764285714286
1 0.6947158003355705 0.5523784672619048 0.6826497734899328 0.5368693541666667 0.6625147651006711 0.5292690208333334 0.6500411124161074 0.5439800773809524 0.6357238657718121 0.6184462232142858 0.6901120989932885 0.6503986041666666 0.7180326040268457 0.6438370327380952 0.7248995906040269 0.5774651071428571 0.7119268456375839 0.5553895505952381 0.6947158003355705 0.5523784672619048
1 0.8189489093959731 0.639356318452381 0.8055685419463088 0.6475009255952381 0.7913729244966442 0.7160858720238095 0.8391379379194631 0.7413357172619047 0.8549057265100671 0.7283660297619048 0.8611987248322148 0.6799520714285714 0.8436549496644296 0.6524165803571429 0.8189489093959731 0.639356318452381
1 1 0.7412977023809524 0.9993861895973155 0.7408273482142858 0.9752166895973154 0.7371814047619047 0.9585047365771812 0.7709569345238096 0.9544327953020134 0.8022836160714286 1 0.8291076726190476 1 0.7412977023809524
1 0.7554161073825504 0.6270761577380952 0.7987764513422819 0.6591282738095238 0.81050975 0.6501129791666667 0.8190238070469799 0.5846117410714285 0.7950581191275168 0.5658557142857144 0.7571380738255034 0.5732022648809524 0.7554161073825504 0.6270761577380952
1 0.6469882365771812 0.49975633630952376 0.6471005805369128 0.4176394702380953 0.6174533322147651 0.40196715178571424 0.5831976023489933 0.4082071904761905 0.557102322147651 0.4735452291666667 0.5546774530201343 0.5057425922619048 0.6037193573825503 0.5347109999999999 0.6335704211409396 0.5352732321428572 0.6440268238255034 0.5225393720238095 0.6469882365771812 0.49975633630952376
0 0.4980266426174496 0.8081410029761904 0.6044953959731543 0.8846857946428572 0.6605229983221477 0.8036720148809524 0.5829563657718121 0.750503125 0.4980266426174496 0.8081410029761904
0 0.09033679194630873 0.5248488392857142 0.18158934731543624 0.5863523928571429 0.22855764765100672 0.5214500148809523 0.19773544798657716 0.4877779523809524 0.09033679194630873 0.5248488392857142
0 0.8856664765100671 0.8778203720238096 0.904449350671141 0.8408826666666668 0.8530899379194631 0.7887152113095238 0.8304779312080537 0.8198925297619046 0.8856664765100671 0.8778203720238096
0 0.67218402852349 0.7901463154761905 0.7174688842281879 0.7322475029761905 0.6186157885906041 0.652049505952381 0.5776968640939597 0.7285500208333333 0.67218402852349 0.7901463154761905
0 0.37161414932885906 0.5441476547619047 0.42087796812080536 0.535450306547619 0.38832444798657717 0.49436773511904764 0.34988657382550337 0.5094376428571429 0.37161414932885906 0.5441476547619047
0 0.15373051510067112 0.2891074345238095 0.11842728859060402 0.2899093005952381 0.12134869630872484 0.2963196398809524 0.16676847651006713 0.32600672619047616 0.21093038926174495 0.3292136845238095 0.15373051510067112 0.2891074345238095
0 0.2114540436241611 0.33564688988095237 0.17299964597315437 0.33196129761904763 0.20503335234899328 0.3508781220238095 0.2562321174496644 0.3604236547619048 0.2114540436241611 0.33564688988095237
0 0.270944038590604 0.3593505744047619 0.24014701006711411 0.3640593601190476 0.2738641157718121 0.3951540297619047 0.3182774244966443 0.3931960446428571 0.270944038590604 0.3593505744047619
0 0.45859877852348996 0.4668504494047619 0.407048605704698 0.4832534523809524 0.46399862080536913 0.5177824017857142 0.5048926459731544 0.5084344613095239 0.45859877852348996 0.4668504494047619
0 0.5384365755033558 0.5704031875 0.5805219848993288 0.5506704077380953 0.5220156275167785 0.4997915297619048 0.4888328003355705 0.5187453779761905 0.5384365755033558 0.5704031875
0 0.6131691895973155 0.6010615654761905 0.636411172818792 0.5885155386904761 0.5882171694630872 0.5369992857142857 0.5606191694630873 0.5622231071428571 0.6131691895973155 0.6010615654761905
0 0.7562184379194631 0.7084576696428572 0.7869963036912752 0.6799973005952381 0.7371330755033557 0.6386494077380952 0.6994765956375839 0.6674033035714286 0.7562184379194631 0.7084576696428572
0 0.9261606375838927 0.8173890714285713 0.9435162583892618 0.7619268809523809 0.8746903355704697 0.716084375 0.8438770738255034 0.7561972172619048 0.9261606375838927 0.8173890714285713
0 1 0.7032456994047619 0.9828693305369127 0.6954131339285714 0.9766500872483221 0.7210778035714286 1 0.7339792291666667 1 0.7032456994047619
0 0.9331748590604028 0.6643376964285714 0.9164534228187919 0.6796522797619048 0.9738413523489933 0.7170320119047618 0.9874776040268456 0.6947882410714286 0.9331748590604028 0.6643376964285714
0 0.8765453573825502 0.6295962232142858 0.8569426560402684 0.6443517410714286 0.9119037466442953 0.6804485297619047 0.9285823389261745 0.6604533273809524 0.8765453573825502 0.6295962232142858
0 0.8287794714765101 0.5979384136904762 0.8196352181208054 0.6092636636904762 0.8631127533557047 0.6424913214285715 0.8758923976510068 0.6268376845238095 0.8287794714765101 0.5979384136904762
0 0.7215508338926174 0.5343641279761905 0.69999075 0.5434554226190477 0.7468925268456376 0.5816945 0.765932062080537 0.5653158154761905 0.7215508338926174 0.5343641279761905
0 0.6762285419463088 0.5028790863095238 0.6493809446308725 0.5109393452380953 0.6947198892617449 0.5355470625000001 0.714850577181208 0.5289014285714286 0.6762285419463088 0.5028790863095238
0 1 0.6717715357142857 0.9878276308724833 0.6643948184523809 0.9814003322147651 0.6845327261904762 1 0.6963096071428572 1 0.6717715357142857
0 0.9457402382550336 0.6389425624999999 0.9333304513422819 0.655280238095238 0.9816691744966444 0.6853151011904762 0.9892558875838926 0.6611539970238095 0.9457402382550336 0.6389425624999999
0 0.8985853523489933 0.6061802023809524 0.88189927852349 0.6319338482142857 0.9316673859060404 0.6595231428571429 0.9448364479865772 0.6408740386904762 0.8985853523489933 0.6061802023809524
0 0.8540656409395974 0.5744621934523809 0.8336106845637584 0.5929617589285714 0.8778242651006711 0.6233770357142857 0.8934553808724832 0.6085906041666667 0.8540656409395974 0.5744621934523809
0 0.806387317114094 0.5492581755952382 0.7889725822147652 0.5629622291666666 0.8294503724832215 0.5907625089285714 0.8461642516778524 0.5733469315476191 0.806387317114094 0.5492581755952382
0 0.7525532818791946 0.5143925833333333 0.7343155184563758 0.530227380952381 0.7802273842281879 0.5589794434523809 0.7917258875838926 0.5503317797619047 0.7525532818791946 0.5143925833333333
0 0.7102710604026845 0.4904392083333334 0.6864792583892617 0.49917757440476196 0.7265325251677853 0.5273936011904762 0.7449723791946309 0.5166529196428572 0.7102710604026845 0.4904392083333334
0 1 0.6232271517857143 0.9747960218120806 0.6078478035714285 0.9576939681208054 0.6246212678571429 0.9956595587248322 0.6574961875 1 0.6478453660714285 1 0.6232271517857143
0 0.8479493523489933 0.535987681547619 0.8301534144295302 0.5539986428571428 0.8592330067114095 0.5725722083333333 0.8891713187919463 0.5531837916666666 0.8479493523489933 0.535987681547619
0 0.8117352768456375 0.5152420922619048 0.78396527852349 0.5302226845238095 0.8218754395973155 0.5464213601190476 0.8379662701342282 0.5337986666666666 0.8117352768456375 0.5152420922619048
0 0.7664627617449664 0.49291172321428567 0.7452987802013423 0.5027395922619048 0.7781920251677852 0.5233291547619048 0.7950541543624161 0.5104739374999999 0.7664627617449664 0.49291172321428567
0 0.734105860738255 0.4710013869047619 0.7031653959731543 0.47342386309523804 0.7348979748322148 0.4972414494047619 0.7563801795302014 0.48874929464285716 0.734105860738255 0.4710013869047619
0 0.5593269060402685 0.41865553273809525 0.49673762080536915 0.41680249999999996 0.5401372248322147 0.45062926488095234 0.5752332919463088 0.4371686994047619 0.5593269060402685 0.41865553273809525
0 0.8666886526845637 0.6976449077380953 0.8837036459731543 0.6814365714285715 0.8557245922818792 0.6508720148809524 0.8461932231543624 0.6586387916666667 0.8666886526845637 0.6976449077380953
0 0.7388515134228187 0.6179017767857142 0.7560973691275168 0.6011655178571429 0.7265433959731543 0.5672171041666667 0.7123993355704699 0.5648622738095238 0.7388515134228187 0.6179017767857142