1 0.5094746041666667 0.6454744920212766 0.41294499107142857 0.8095443138297873 0.4277519032738095 0.8180469521276595 0.520703025297619 0.8449479973404255 0.5683655297619048 0.7842096090425532 0.6386125342261905 0.6793545239361702 0.5094746041666667 0.6454744920212766
1 0.6025031160714286 0.41629617287234044 0.5471626517857143 0.4902406063829787 0.5394711845238095 0.6190103617021276 0.6699819538690476 0.6530652021276596 0.7748935074404761 0.49884293617021275 0.7337138883928571 0.43727031117021276 0.6025031160714286 0.41629617287234044
1 0.8139159196428571 0.43762407180851065 0.8819252410714287 0.2951584707446809 0.811761505952381 0.2944721063829787 0.7438134836309525 0.2886811170212766 0.6586584032738095 0.4086028617021277 0.8139159196428571 0.43762407180851065
1 0.9660595803571429 0.2016077074468085 0.9742282946428572 0.0977275505319149 0.9198456398809524 0.09172756382978724 0.8684392395833334 0.11960067553191489 0.802199956845238 0.22454110638297875 0.8057736964285714 0.2767961914893617 0.9423055044642856 0.2398828085106383 0.9660595803571429 0.2016077074468085
1 0.9358695654761905 0 0.8820562485119048 0.09398411436170212 0.9759863139880952 0.07537110372340426 0.9814970744047619 0.005291704787234042 0.9798530000000001 0 0.9358695654761905 0
1 0.0741682306547619 0.9549977393617022 0.07811761607142857 0.9639456037234043 0.17627655505952383 0.9413683723404255 0.12751502083333333 0.8721891515957447 0.0741682306547619 0.9549977393617022
1 0.2060047455357143 0.9041445345744681 0.2744312693452381 0.811562375 0.21517662797619047 0.7456518031914893 0.16869904613095238 0.7991777154255318 0.16040228273809523 0.8679158696808511 0.2060047455357143 0.9041445345744681
0 0.28899367113095237 0.7203391037234043 0.2560851443452381 0.7727032686170213 0.31540359523809525 0.7818336462765957 0.37983583630952383 0.685061329787234 0.37169540476190477 0.670832994680851 0.3331127619047619 0.6641162446808511 0.28899367113095237 0.7203391037234043
1 0.4785581294642857 0.3746579840425532 0.4510651458333333 0.42566042553191485 0.44708040029761903 0.5113295 0.5100607232142857 0.5078681675531914 0.5755755074404763 0.3981484335106383 0.5372570476190477 0.35802073936170214 0.4785581294642857 0.3746579840425532
1 0.5207737485119048 0.3710425984042553 0.5933330803571428 0.3720977606382979 0.6432689955357143 0.28565236702127655 0.6014973913690477 0.26133002659574467 0.5574309255952381 0.2638825957446808 0.5256914136904762 0.3134535319148936 0.5207737485119048 0.3710425984042553
1 0.6258422247023809 0.15169862234042553 0.5966066919642857 0.1861013244680851 0.5868896607142857 0.20989774734042554 0.58951440625 0.2550606835106383 0.6351701607142857 0.2796281170212766 0.6434334925595239 0.26339100265957444 0.6580475922619048 0.26759480851063827 0.7011075922619048 0.19617573670212768 0.7012768169642857 0.14973119414893618 0.6514435074404762 0.13619418882978723 0.6258422247023809 0.15169862234042553
1 0.7600627767857142 0 0.7369695565476191 0.04432504255319149 0.7418666264880953 0.07232527127659574 0.7563889508928572 0.08235282180851064 0.7875297142857143 0.054082396276595744 0.8089534464285715 0.049608390957446805 0.8478820446428572 0 0.7600627767857142 0
1 0.06753680803571428 0.900265460106383 0.062213546130952375 0.9333563377659574 0.06386968750000001 0.9528552180851064 0.07054811160714285 0.9656866409574468 0.07115031845238096 0.9655481303191489 0.08495919791666667 0.9379847074468085 0.11219772916666666 0.9032734760638298 0.11592375 0.878551460106383 0.10104166666666667 0.849008579787234 0.07734561160714286 0.8706452898936171 0.06753680803571428 0.900265460106383
1 0.21734871874999998 0.7093536781914894 0.2306853318452381 0.7522796117021275 0.25328744345238097 0.757717539893617 0.2696305625 0.7368908005319149 0.3083847142857143 0.6718407207446808 0.27899516815476194 0.6507687367021276 0.251763974702381 0.6426696569148936 0.22724929613095238 0.6739097632978723 0.21734871874999998 0.7093536781914894
1 0.44950396428571426 0.45916260638297873 0.45359707738095234 0.41114560904255315 0.42781958184523805 0.39548722074468085 0.38996095833333333 0.426611710106383 0.37697677083333336 0.446011420212766 0.37533952529761905 0.4652182154255319 0.38849259077380954 0.5197916436170212 0.3923948244047619 0.5262324494680851 0.4100080952380952 0.5094938936170212 0.4205364166666667 0.5189043829787234 0.42598412202380953 0.5119621382978723 0.4303452202380952 0.4892842154255319 0.44950396428571426 0.45916260638297873
1 0.4349628988095238 0.38834080585106384 0.4426127544642857 0.4125056675531915 0.48991308928571425 0.37505599468085105 0.5161494508928571 0.3615956515957447 0.5255984970238095 0.31246015425531914 0.5198828065476191 0.2940633244680851 0.49855084672619043 0.2927135824468085 0.44162525446428574 0.34813593617021277 0.4349628988095238 0.38834080585106384
1 0.5735530476190476 0.16697181382978724 0.5802635729166666 0.20692806382978723 0.6150385863095238 0.15975936968085105 0.6494465044642856 0.13588565691489363 0.6780469598214286 0.09943886436170213 0.6567150029761905 0.09808911968085107 0.6449165282738095 0.08459044680851063 0.5962542678571429 0.12377568085106383 0.5735530476190476 0.16697181382978724
1 0.7048412931547618 0.008225734042553192 0.6485507782738095 0.06569217819148936 0.6522694642857143 0.0837804760638298 0.6897609955357142 0.07595097074468085 0.6999222232142858 0.10865644414893617 0.7079102366071429 0.1098905664893617 0.7197160431547619 0.08057892819148936 0.7380561636904762 0.060060718085106386 0.7433276592261905 0.02195565159574468 0.7375201949404762 0.009382566489361702 0.7048412931547618 0.008225734042553192
1 0.5308964642857144 0.12146201861702127 0.5105593407738095 0.14167169414893618 0.4880416681547619 0.173220335106383 0.48032163839285713 0.19732528723404258 0.4974687113095238 0.2525157765957447 0.5398646428571429 0.22987618351063832 0.5699187991071428 0.18587008244680853 0.564210443452381 0.1246629414893617 0.5571328258928572 0.10800167553191489 0.5475075669642857 0.1259743510638298 0.5308964642857144 0.12146201861702127
1 0.2961862455357143 0.44909734574468085 0.2871960654761905 0.46911411436170214 0.27230664583333336 0.48238154787234044 0.2632246919642857 0.5082220638297873 0.27646952976190475 0.5569717420212766 0.30186104166666666 0.5446031542553191 0.3464874717261905 0.4847324627659575 0.32578153720238096 0.43420997340425527 0.31316444047619046 0.4303146994680851 0.2961862455357143 0.44909734574468085
1 0.16460801339285713 0.7109352872340425 0.1799489613095238 0.7113594388297872 0.21944483035714285 0.6610281515957447 0.19948213095238096 0.6151325372340426 0.18677326339285716 0.617061005319149 0.16634436607142855 0.6430944308510639 0.15381170833333332 0.6761857207446809 0.16460801339285713 0.7109352872340425
1 0.026969 0.8492404468085106 0.04302946428571429 0.8886952579787235 0.08461411011904761 0.8328487526595745 0.07762826488095238 0.8103637420212767 0.05920370535714285 0.7938953829787234 0.038231504464285714 0.8120609707446809 0.027971168154761902 0.8279895558510638 0.026969 0.8492404468085106
1 0 0.9509297420212766 0.023870721726190477 0.9188168670212766 0.016341572916666665 0.8884640159574468 0.00390802380952381 0.8729212473404255 0 0.8764035478723404 0 0.9509297420212766
1 0.20674329464285712 0.6201463085106383 0.24161007886904762 0.567153869680851 0.23426447916666665 0.5251535265957447 0.19994833035714285 0.543203494680851 0.18078958779761903 0.5733251037234042 0.19539635267857144 0.6203392207446808 0.20674329464285712 0.6201463085106383
1 0.3147245803571429 0.3313110212765958 0.32370009523809523 0.396914875 0.32878070833333334 0.4132676143617021 0.3394008005952381 0.4168543563829787 0.36572893452380956 0.39757026861702127 0.4059516517857143 0.34345932978723404 0.4003277351190476 0.31923875265957447 0.37019647470238093 0.28344797606382977 0.33923925892857143 0.30007091223404253 0.3147245803571429 0.3313110212765958
0 0.4074092767857143 0.5570543510638298 0.3445860416666667 0.6485177313829787 0.40287247172619045 0.6779598244680851 0.48871897619047616 0.5495653617021277 0.4074092767857143 0.5570543510638298
0 0.71955334375 0.10388033244680851 0.6959456220238095 0.1502574574468085 0.7444819375 0.17253004521276596 0.8185028764880953 0.06576574468085107 0.71955334375 0.10388033244680851
0 0.04872207142857142 0.9707067819148936 0.0391049375 0.9397525611702128 0.009256491071428572 0.9797841356382979 0.04872207142857142 0.9707067819148936
0 0.19609595684523812 0.7687229468085106 0.17273648511904763 0.7580551835106383 0.13297268601190476 0.8321822872340425 0.15356978422619047 0.8498730265957447 0.19609595684523812 0.7687229468085106
0 0.4096858139880953 0.5361784148936171 0.3510520267857143 0.5294869760638298 0.2865243556547619 0.6273242553191489 0.33281544345238095 0.6450577526595745 0.4096858139880953 0.5361784148936171
0 0.5873900967261905 0.21720239361702126 0.5517813422619048 0.22940215691489363 0.5274441190476191 0.2827983670212766 0.5719343883928572 0.25867142021276596 0.5873900967261905 0.21720239361702126
0 0.6839685803571429 0 0.6540751577380952 0.03893425797872341 0.6971925238095238 0 0.6839685803571429 0
0 0.6027683675595238 0.10429196808510638 0.6422422217261905 0.07783548138297873 0.6686876919642858 0.031693146276595745 0.6409535491071429 0.047358478723404256 0.6027683675595238 0.10429196808510638
0 0.4502533407738095 0.3142006515957447 0.487414875 0.2958749175531915 0.534027462797619 0.2323272180851064 0.4866830892857143 0.25173397074468085 0.4502533407738095 0.3142006515957447
0 0.46556508035714284 0.31231411968085104 0.4341820639880953 0.31809196808510637 0.38796094196428565 0.3956978457446808 0.4272982083333333 0.3849259122340426 0.46556508035714284 0.31231411968085104
0 0.40680416815476195 0.3923797526595745 0.37968051041666667 0.3896193244680851 0.34264460267857144 0.46122840691489364 0.3645470863095238 0.45659790957446805 0.40680416815476195 0.3923797526595745
0 0.29542072470238095 0.5641115292553192 0.25902360714285716 0.5648742074468085 0.21941295089285714 0.6294041223404255 0.2496975163690476 0.6327467234042553 0.29542072470238095 0.5641115292553192
0 0.17736588988095237 0.7262353909574468 0.14579048958333335 0.7135958031914894 0.08990228571428571 0.7936848297872341 0.11124001785714285 0.8270914441489361 0.17736588988095237 0.7262353909574468
0 0 0.8608975265957447 0.011778239583333334 0.8463273909574469 0.006014949404761905 0.8172231755319149 0 0.8249465744680851 0 0.8608975265957447
0 0.004661238095238095 0.8169801117021277 0.012028688988095237 0.8394052819148936 0.05619587946428571 0.7819205744680852 0.047923797619047616 0.7653187127659574 0.004661238095238095 0.8169801117021277
0 0.04378245089285714 0.7677265159574468 0.05824153571428571 0.7769127021276595 0.1049330982142857 0.7108087287234042 0.08849564285714286 0.7091108936170213 0.04378245089285714 0.7677265159574468
0 0.09213564583333334 0.7031066515957447 0.1090411681547619 0.7085749414893616 0.15372603422619047 0.6450282340425532 0.13480191517857143 0.6455954521276596 0.09213564583333334 0.7031066515957447
0 0.13508096875 0.6429772686170213 0.14807045535714286 0.6474333244680851 0.18291377083333332 0.5934267792553192 0.17360590327380954 0.5901387021276596 0.13508096875 0.6429772686170213
0 0.22563796130952382 0.5243947074468085 0.24423968154761905 0.5254809813829787 0.2815683958333334 0.46530592819148936 0.2615261711309524 0.4716382340425532 0.22563796130952382 0.5243947074468085
0 0.2668588511904762 0.4630418164893617 0.28537310416666667 0.45565541489361705 0.3227936919642857 0.40736840425531917 0.29818865029761904 0.4178614414893617 0.2668588511904762 0.4630418164893617
0 0.0011904449404761906 0.7967925132978723 0.0030942946428571426 0.8183767792553192 0.04804633333333333 0.755690010638298 0.04018772619047619 0.7436395664893617 0.0011904449404761906 0.7967925132978723
0 0.03857481101190476 0.7419488031914894 0.04789323809523809 0.7564853563829786 0.08737905505952381 0.7019651675531915 0.07464259077380953 0.6967286728723405 0.03857481101190476 0.7419488031914894
0 0.07565033630952381 0.6977031675531915 0.08930786011904762 0.7043092154255319 0.13032162797619046 0.6508430558510638 0.11278705059523808 0.6407740425531915 0.07565033630952381 0.6977031675531915
0 0.11758258928571429 0.6394650771276597 0.13299909077380953 0.6414284441489362 0.1687970818452381 0.5892067553191489 0.1487148511904762 0.5873173138297872 0.11758258928571429 0.6394650771276597
0 0.15557927827380952 0.581440005319149 0.17223715625 0.5848229175531915 0.20501529613095237 0.5370497154255319 0.18813903720238095 0.5370773723404255 0.15557927827380952 0.581440005319149
0 0.2012160699404762 0.5286854308510638 0.21231570982142856 0.5283466436170212 0.2497947991071429 0.476383619680851 0.2319606488095238 0.47522645212765957 0.2012160699404762 0.5286854308510638
0 0.23890663541666665 0.47225106117021276 0.25636880208333335 0.46920658510638297 0.28872671875 0.4213687313829787 0.26674976339285716 0.4293913936170213 0.23890663541666665 0.47225106117021276
0 0 0.7835678271276596 0.0340854375 0.7416671994680851 0.01974239732142857 0.7261420691489362 0 0.7531986968085107 0 0.7835678271276596
0 0.017870074404761904 0.7281162579787234 0.032518462797619045 0.7430637659574468 0.06252724404761904 0.6928170718085106 0.045595622023809526 0.6901926170212767 0.017870074404761904 0.7281162579787234
0 0.11538073214285716 0.5924492632978723 0.14394250892857144 0.5890660904255319 0.16764176339285713 0.5558638031914894 0.14996297023809524 0.5526874388297872 0.11538073214285716 0.5924492632978723
0 0.15855158928571428 0.5446379308510638 0.17414060565476192 0.54458075 0.20590295684523807 0.5077062127659574 0.17973446279761904 0.5132465558510638 0.15855158928571428 0.5446379308510638
0 0.1939654925595238 0.49890821808510644 0.21026148660714283 0.49855035106382983 0.2371141681547619 0.4613295159574468 0.21734249107142858 0.4668228085106383 0.1939654925595238 0.49890821808510644
0 0.22580575744047618 0.4571322473404255 0.24571437202380952 0.4503699042553192 0.2711920803571428 0.411299710106383 0.24357826785714284 0.4288840638297873 0.22580575744047618 0.4571322473404255
0 0.38036759077380955 0.3015855132978723 0.4128481651785714 0.29020714361702127 0.4475578318452381 0.2357706170212766 0.3924280089285714 0.27674312765957443 0.38036759077380955 0.3015855132978723
0 0.16477305654761903 0.6496722952127659 0.1555076175595238 0.6494744335106383 0.13407739285714287 0.6915723882978724 0.1508709657738095 0.6937998031914893 0.16477305654761903 0.6496722952127659
0 0.27291288541666664 0.4902556781914894 0.2606638050595238 0.5010631515957447 0.23820709226190476 0.5468611143617021 0.2552618154761905 0.5493650824468085 0.27291288541666664 0.4902556781914894