1 0 0.4896414105263158 0.04607068639053254 0.5423278394736842 0.08981279142011835 0.4347281657894737 0.035630616863905326 0.3579935263157895 0 0.4333585578947369 0 0.4896414105263158
1 0.1792258550295858 0.5293409078947369 0.1235717677514793 0.47747671842105266 0.09348661686390533 0.583724055263158 0.15787725887573964 0.6581022921052632 0.1792258550295858 0.5293409078947369
1 0.18571747337278108 0.6843301736842105 0.2504196730769231 0.7578303289473685 0.2660035976331361 0.6194454447368422 0.22664370266272188 0.5647335842105263 0.19060449260355028 0.5852452736842105 0.18571747337278108 0.6843301736842105
1 0.31474569230769234 0.6742509842105263 0.27542363905325445 0.7186784210526316 0.28865549408284025 0.8044486263157894 0.34774010059171595 0.8697811052631579 0.36236072633136096 0.7950041236842105 0.3547619142011834 0.7234171394736841 0.31474569230769234 0.6742509842105263
1 0.5459503668639053 1 0.5469500902366864 0.9900403394736842 0.5222239452662722 0.8948688605263158 0.4894602928994083 0.8723995342105263 0.44633837573964497 0.9091897078947369 0.4624935458579882 1 0.5459503668639053 1
1 0.6028165384615385 1 0.5987937928994083 0.9775131184210527 0.5655331434911243 0.9468105499999999 0.535913374260355 0.9675870078947368 0.540941474852071 1 0.6028165384615385 1
1 0 0.3192193131578947 0.0048419304733727814 0.3247869842105263 0.003202912721893491 0.3577362473684211 0.029538662721893493 0.31698924736842105 0.022122649408284022 0.2888067631578948 0 0.26162565 0 0.3192193131578947
1 0.1485308698224852 0.4377620078947368 0.13124796597633137 0.46420416578947366 0.1382493076923077 0.47916331842105264 0.13495815828402366 0.4878334684210527 0.1596636346153846 0.5181879894736843 0.17283478698224852 0.5121215815789474 0.18311635059171597 0.47072026842105263 0.16582033136094673 0.43993404210526316 0.1485308698224852 0.4377620078947368
1 0.28441098076923077 0.6047118631578947 0.26713244822485205 0.6502301447368422 0.27084701183431953 0.6929355763157895 0.2856702973372781 0.7111482868421053 0.29965986686390533 0.6838382184210526 0.3305329674556213 0.6836291131578948 0.32681621893491125 0.6313856157894737 0.30458129142011836 0.60406655 0.28441098076923077 0.6047118631578947
1 0.4725960029585799 0.8867817842105263 0.49729055029585795 0.8694459868421053 0.49768992307692306 0.8159028657894737 0.4717448032544379 0.7649544947368421 0.4585692781065089 0.7519447736842105 0.4486914600591716 0.7588790921052632 0.4256512292899408 0.8100320736842105 0.4235953550295858 0.8202199473684211 0.4367730650887574 0.8427677315789474 0.43513186242603547 0.8661789342105263 0.44007295710059174 0.8722498394736843 0.452421323964497 0.8683509710526316 0.4725960029585799 0.8867817842105263
1 0.5252696893491124 0.8148258447368422 0.4981002233727811 0.8100500657894737 0.49399284467455623 0.8495019421052632 0.4985280088757396 0.8805017763157894 0.5257040325443787 0.9138917447368421 0.539708900887574 0.9533481210526316 0.5664636937869822 0.9449005736842104 0.5738687781065088 0.9253927394736843 0.5685086420118344 0.8870223815789474 0.5252696893491124 0.8148258447368422
1 0.6912294038461538 1 0.678437075443787 0.9744096710526315 0.6508529378698225 0.9564105631578947 0.6331597337278106 0.9887055184210527 0.6431357559171598 1 0.6912294038461538 1
1 0.6611213875739644 0.8577808710526316 0.6454731286982248 0.8321976342105263 0.6236506878698225 0.8085638289473684 0.6096545621301775 0.8072597105263158 0.5874393062130178 0.8657832157894736 0.6105057618343195 0.929087 0.6405626331360946 0.9596596210526316 0.6689564437869823 0.9182628078947368 0.6751262559171598 0.897237247368421 0.6635984911242604 0.8894305131578947 0.6611213875739644 0.8577808710526316
1 0.4342500621301775 0.610818752631579 0.4218995118343195 0.6051795552631579 0.411192349112426 0.5856672236842105 0.39596094822485206 0.5828453763157895 0.3758015665680473 0.6311810052631579 0.3873402603550296 0.6866780605263157 0.42316319822485204 0.7306921105263158 0.44990269230769236 0.6554781184210526 0.4482505606508876 0.631199 0.4342500621301775 0.610818752631579
1 0.26874742455621303 0.5123621789473685 0.2728701035502959 0.5396767473684211 0.30869304142011833 0.5836907973684211 0.3255569023668639 0.5249491868421052 0.32102392307692307 0.5034874210526316 0.30249481656804733 0.48072153157894737 0.2827348076923077 0.4755140447368421 0.26874742455621303 0.5123621789473685
1 0.16209265384615384 0.3400002289473684 0.14728466863905326 0.38855396315789476 0.18640094082840236 0.4334359315789474 0.1954516020710059 0.4095930210526316 0.19832370857988163 0.36862341578947366 0.18349823816568048 0.34087264210526314 0.1727932603550296 0.3308983710526316 0.16209265384615384 0.3400002289473684
1 0.10403915976331361 0.28774323684210523 0.08922898816568048 0.3267589078947368 0.12710998816568048 0.37012314999999996 0.13986428402366863 0.341295352631579 0.14397384911242606 0.3113815394736842 0.12791310502958578 0.2821130394736842 0.11967867603550295 0.27517422105263156 0.10403915976331361 0.28774323684210523
1 0.06576097337278106 0.30746017894736843 0.09085926479289941 0.25565738684210526 0.08797404437869821 0.23939860789473683 0.0628560828402367 0.20535882894736843 0.04351074704142012 0.2133746657894737 0.02705500147928994 0.2567254105263158 0.06576097337278106 0.30746017894736843
1 0.3251487869822485 0.5403400526315789 0.3609695399408284 0.5748160394736842 0.37948553254437867 0.54035355 0.3609498698224852 0.48897346842105266 0.34077518934911244 0.47054265263157896 0.3218510813609467 0.5203960131578947 0.3251487869822485 0.5403400526315789
1 0.4972249807692307 0.5833040763157895 0.46759808284023663 0.6327212236842106 0.4610157840236686 0.6500615236842106 0.46225542899408284 0.6706553763157894 0.4791411464497041 0.7072944026315791 0.5170221464497041 0.7506586447368422 0.5273080784023668 0.7283334605263158 0.5363478106508875 0.6568002315789474 0.5194599082840237 0.6106231421052631 0.4972249807692307 0.5833040763157895
0 0.45212298076923074 1 0.4263630931952663 0.8647479657894737 0.36379110355029587 0.8005728394736842 0.3658115946745562 0.9185900921052631 0.4483841360946746 1 0.45212298076923074 1
0 0.04721326923076923 0.3700302368421053 0.10500295710059172 0.45027332105263157 0.12114728106508875 0.40774298157894734 0.06112781213017751 0.3387533315789474 0.04721326923076923 0.3700302368421053
0 0.24930726627218935 0.5975454868421053 0.247942699704142 0.5508266789473685 0.20037883875739645 0.5185134052631578 0.19752078106508875 0.5639458578947368 0.24930726627218935 0.5975454868421053
0 0.4062132973372781 0.8295964526315789 0.39929727218934913 0.7437188684210527 0.36171042603550296 0.7051763184210526 0.36429805621301775 0.7838717 0.4062132973372781 0.8295964526315789
0 0.6282812692307692 1 0.6141021153846155 0.9498936105263157 0.5810558224852072 0.9342231421052631 0.605271323964497 1 0.6282812692307692 1
0 0.5438714186390533 0.8139423184210527 0.5633454955621302 0.8702072842105263 0.6076564245562129 0.9200304184210526 0.5847778831360947 0.846331997368421 0.5438714186390533 0.8139423184210527
0 0.5491186035502958 0.8400231394736842 0.537427026627219 0.7875455421052632 0.4863349452662722 0.745606094736842 0.5027201553254438 0.8095787289473685 0.5491186035502958 0.8400231394736842
0 0.493280823964497 0.7771923815789473 0.4869772943786982 0.7278701078947368 0.44141788757396444 0.6990870289473684 0.44987073964497043 0.7354056236842106 0.493280823964497 0.7771923815789473
0 0.3776512174556213 0.6683083 0.3670027633136094 0.6044082368421052 0.3241869082840237 0.5674555052631579 0.33109733875739644 0.6226589052631579 0.3776512174556213 0.6683083
0 0.264848374260355 0.5427247184210526 0.2621311627218935 0.48048487105263155 0.20709285207100592 0.42274030526315787 0.19673956360946745 0.4775212894736842 0.264848374260355 0.5427247184210526
0 0 0.23864718947368418 0.011406325443786983 0.2544303052631579 0.03219724704142012 0.2326231394736842 0.01214319674556213 0.20534252105263157 0 0.2373323552631579 0 0.23864718947368418
0 0.08797405177514793 0.18601281052631577 0.04931809763313609 0.13718064210526315 0.03426777071005917 0.15434133947368422 0.06969837130177514 0.19498458157894735 0.08797405177514793 0.18601281052631577
0 0.13096257396449704 0.2374935789473684 0.09247969082840238 0.18820547368421053 0.07696018047337277 0.20512273684210527 0.11823564053254439 0.25796338421052634 0.13096257396449704 0.2374935789473684
0 0.13113563313609466 0.23703768157894736 0.11632941715976332 0.25695845263157896 0.15923249408284024 0.3116776105263158 0.17187316420118345 0.28660775789473686 0.13113563313609466 0.23703768157894736
0 0.17161017899408285 0.2840922684210526 0.16269657840236687 0.30857861578947365 0.2033449674556213 0.35718416842105266 0.20914847337278106 0.33407915 0.17161017899408285 0.2840922684210526
0 0.20679904585798817 0.32799589736842105 0.20637741863905326 0.35823547368421055 0.2519637899408284 0.40689031052631575 0.2481559674556213 0.3769873 0.20679904585798817 0.32799589736842105
0 0.2521269319526627 0.380345047368421 0.2542185162721894 0.4130038078947369 0.29798478106508874 0.4594224131578947 0.2923646139053254 0.4262858789473684 0.2521269319526627 0.380345047368421
0 0.2937268846153846 0.4254393131578948 0.2952092278106509 0.45066310263157894 0.3315204955621302 0.4845788157894737 0.3305048653846154 0.4664556210526316 0.2937268846153846 0.4254393131578948
0 0.3774223372781065 0.5247278368421052 0.3821409142011834 0.5581408342105263 0.4221777366863906 0.5932908105263158 0.41341575295857985 0.5611287473684211 0.3774223372781065 0.5247278368421052
0 0.4191352928994083 0.5661501947368421 0.4279826878698225 0.5950740342105263 0.4622176390532544 0.6364682631578947 0.45012792307692306 0.5983752947368421 0.4191352928994083 0.5661501947368421
0 0.043432483727810646 0.12291453684210527 0.05234904142011834 0.13421819736842105 0.06464970857988166 0.13194688157894738 0.04907966272189349 0.1080377052631579 0.043432483727810646 0.12291453684210527
0 0.07305404881656805 0.13491775789473684 0.0589355576923077 0.14097349210526317 0.09135195266272189 0.18414528947368422 0.10165185207100591 0.1752368552631579 0.07305404881656805 0.13491775789473684
0 0.10789442159763313 0.17371272631578946 0.09282587426035503 0.1872934947368421 0.12931632100591717 0.23680821578947367 0.14109239201183432 0.21700419736842105 0.10789442159763313 0.17371272631578946
0 0.1423047529585799 0.22067175263157895 0.13338732692307692 0.23512365 0.17091555177514792 0.27989559999999997 0.1803169852071006 0.2618519631578948 0.1423047529585799 0.22067175263157895
0 0.1805268579881657 0.26763355263157895 0.17048316420118342 0.28203902894736843 0.21390328698224853 0.32936950263157894 0.2175922943786982 0.30932335263157895 0.1805268579881657 0.26763355263157895
0 0.21796583727810653 0.30560936842105263 0.21347017159763312 0.3295059894736842 0.251343775147929 0.37135922631578944 0.2503154437869823 0.3461830894736842 0.21796583727810653 0.30560936842105263
0 0.2501222011834319 0.34846168157894736 0.250739149408284 0.3759654105263158 0.28852736686390534 0.42105679473684215 0.2885135902366864 0.38493315 0.2501222011834319 0.34846168157894736
0 0.2905090147928994 0.39273410263157893 0.29389846153846155 0.4209695947368421 0.3296042440828402 0.45748474210526313 0.3248614644970414 0.4210457368421052 0.2905090147928994 0.39273410263157893
0 0.32968042899408284 0.4301639 0.3327244068047337 0.46131835 0.36539695857988164 0.49477523157894737 0.3606193890532544 0.4649799078947368 0.32968042899408284 0.4301639
0 0.368424849112426 0.4837852447368421 0.3717242544378698 0.5032178315789474 0.40777779289940824 0.5428347315789473 0.403310649408284 0.5107412710526316 0.368424849112426 0.4837852447368421
0 0.4067300443786982 0.5214881289473684 0.4131519289940829 0.5507749578947368 0.445737548816568 0.5834565 0.4356007529585799 0.5487418105263158 0.4067300443786982 0.5214881289473684
0 0.07113092307692308 0.08976174736842106 0.05493611834319527 0.10329615263157894 0.07643117307692308 0.1310433394736842 0.09362267307692308 0.11853129999999999 0.07113092307692308 0.08976174736842106
0 0.09930093343195266 0.12905346842105264 0.08631018343195267 0.13916939210526316 0.11248466568047338 0.17066028421052631 0.1241794423076923 0.15607504736842104 0.09930093343195266 0.12905346842105264
0 0.13015339349112426 0.16027408684210526 0.12201753106508877 0.1796982105263158 0.1472396775147929 0.21269348684210526 0.15776868639053254 0.1906531657894737 0.13015339349112426 0.16027408684210526
0 0.16421294822485208 0.1961038052631579 0.15044674112426037 0.21730259736842103 0.1824262144970414 0.2505764578947368 0.19244227071005915 0.22990930789473685 0.16421294822485208 0.1961038052631579
0 0.18874198372781065 0.22891607105263156 0.1814738446745562 0.25208100789473686 0.21683657692307692 0.2975354736842105 0.22039846597633136 0.26425784210526315 0.18874198372781065 0.22891607105263156
0 0.21890213017751478 0.2619606578947368 0.2157096050295858 0.29548212631578946 0.24881295562130176 0.3227818894736842 0.2453198875739645 0.2915319421052632 0.21890213017751478 0.2619606578947368
0 0.31293574556213016 0.3647913578947368 0.32265698372781065 0.4135107657894737 0.3456236301775148 0.43838565 0.34219020414201184 0.40553357105263155 0.31293574556213016 0.3647913578947368
0 0.3485607544378698 0.41658596842105267 0.35298942307692305 0.4440924552631579 0.3800324349112426 0.4813309 0.36992930029585797 0.4379424947368421 0.3485607544378698 0.41658596842105267
0 0.38097559023668637 0.455744 0.3857512337278106 0.48434543421052634 0.41157805325443786 0.5127344868421052 0.40330374704142014 0.4806210657894737 0.38097559023668637 0.455744
0 0.4104433979289941 0.4906124736842105 0.41937848076923073 0.5223185236842105 0.4457237603550296 0.5473327394736842 0.4293083594674556 0.5075531578947369 0.4104433979289941 0.4906124736842105
0 0.5303275621301775 0.6840452815789474 0.5450744822485207 0.7355963026315789 0.5815588076923077 0.7690559631578947 0.545910448224852 0.6926388 0.5303275621301775 0.6840452815789474
0 0.2988266213017752 0.4813113026315789 0.29630807100591716 0.4648440157894737 0.269621075443787 0.44852810789473685 0.27326981360946745 0.47933108421052634 0.2988266213017752 0.4813113026315789
0 0.40750339497041416 0.5907664947368421 0.3987475044378698 0.5746594131578947 0.3699569097633136 0.558423297368421 0.3735437943786982 0.5898290447368422 0.40750339497041416 0.5907664947368421
0 0.0183583224852071 0.18896949736842106 0.04100955917159763 0.21977434999999998 0.05779042307692307 0.19846840789473685 0.029367331360946745 0.1599675447368421 0.0183583224852071 0.18896949736842106
0 0.06978625591715976 0.21311936315789476 0.10399034911242604 0.26100788421052634 0.1100606020710059 0.24208048684210526 0.07654345118343195 0.1985196394736842 0.06978625591715976 0.21311936315789476