1 0.13583596325459316 0.9294347897196261 0.1396029908136483 0.7642793925233645 0.049467559055118106 0.7376279275700934 0.03887993044619423 0.7911974953271027 0.04395400393700787 0.894453703271028 0.13583596325459316 0.9294347897196261
1 0.2884125393700787 0.9875233925233645 0.26717606036745406 0.8580897079439253 0.18932657611548556 0.8416937336448598 0.19151368897637797 0.9506322850467289 0.2884125393700787 0.9875233925233645
1 0.5686641601049869 1 0.539000904199475 0.9283399439252337 0.43619244356955383 0.9224372359813084 0.44417586482939636 0.9476353154205608 0.46535016010498687 1 0.5686641601049869 1
1 0.7075849212598425 1 0.6545140367454068 0.8827594018691589 0.6002262296587927 0.8648610864485982 0.5652778897637796 0.947865773364486 0.5868851338582678 1 0.7075849212598425 1
1 0.792223001312336 1 0.77898306167979 0.9726180046728972 0.6940278280839894 0.9495068691588785 0.7163482270341207 1 0.792223001312336 1
1 0.049806636482939634 0.5592850911214954 0.026254472440944886 0.5342723644859814 0.032116425196850394 0.6535617359813084 0.03832608005249344 0.6555521728971963 0.049806636482939634 0.5592850911214954
1 0.1344667690288714 0.5734398294392523 0.07406274803149607 0.5430566635514018 0.06392605118110237 0.6677561518691588 0.13002688320209974 0.6890064626168224 0.1344667690288714 0.5734398294392523
1 0.22990487401574802 0.6001532009345795 0.17490678477690286 0.5912171565420561 0.18028212335958005 0.6973431098130841 0.24767118241469815 0.719557644859813 0.22990487401574802 0.6001532009345795
1 0.27525736089238845 0.7242620443925233 0.342648842519685 0.745561156542056 0.3180743687664042 0.6217182593457944 0.27446422572178475 0.6004986939252337 0.25299234645669294 0.6394113574766356 0.27525736089238845 0.7242620443925233
0 0.37353105380577434 0.6984923247663551 0.339307562992126 0.6939042943925233 0.3770561745406824 0.7768625116822431 0.4427326587926509 0.789995918224299 0.44055305643044623 0.7692496378504674 0.4161800721784777 0.7147295607476635 0.37353105380577434 0.6984923247663551
1 0.5808563254593176 0.6931421869158878 0.5505868280839895 0.694544023364486 0.5280969619422572 0.7512239112149534 0.5712182572178477 0.8298117710280374 0.6406164593175853 0.834997371495327 0.6241477742782152 0.7567114672897196 0.5808563254593176 0.6931421869158878
1 0.6100600131233596 0.744884988317757 0.6585735958005249 0.8390641658878505 0.7121207493438321 0.8409848668224299 0.6896764370078741 0.7696566892523365 0.6594748280839895 0.7147641588785046 0.6266828556430446 0.7096658878504674 0.6100600131233596 0.744884988317757
1 0.7313892887139107 0.7219009859813084 0.7037877900262467 0.7090826518691589 0.691754972440945 0.7137413644859814 0.6830741233595801 0.7497056425233645 0.708071782152231 0.8262113808411214 0.7173795564304463 0.825135105140187 0.7262275813648293 0.8469833434579439 0.7716792755905512 0.8508929859813085 0.7825339750656168 0.8176011799065421 0.7521781824146981 0.7436754135514019 0.7313892887139107 0.7219009859813084
1 0.9033051666666666 0.8150718574766355 0.8654471456692914 0.7844889579439253 0.8308951154855643 0.7875040700934579 0.8277103254593177 0.8140110210280375 0.8351498543307087 0.839942929906542 0.8626134304461942 0.8596386191588784 0.8780441876640419 0.8839930186915889 0.9254398582677165 0.9020373878504673 0.9335230354330709 0.895874976635514 0.9300791181102362 0.8691543154205608 0.9033051666666666 0.8150718574766355
1 0.026080345144356955 0.530728918224299 0.046584551181102364 0.5374122149532711 0.05397810761154856 0.5656365747663551 0.06293480577427822 0.5159175887850467 0.05004519028871392 0.4971505560747664 0.023941925196850393 0.4872125817757009 0.026080345144356955 0.530728918224299
1 0.1965496377952756 0.5344477546728972 0.18310832414698164 0.5431901355140187 0.17187850393700788 0.5602116285046729 0.1684819750656168 0.5764122757009346 0.17006401049868766 0.5949942780373833 0.1860924934383202 0.5928353130841122 0.21242341994750658 0.6028599602803738 0.22064452230971127 0.5898201962616823 0.21747645406824148 0.5493448271028037 0.1965496377952756 0.5344477546728972
1 0.3279284251968504 0.5983257102803737 0.3269629553805774 0.6464671869158878 0.3408932664041995 0.6794901612149533 0.3566918228346457 0.6855049509345794 0.39777719816272966 0.6884661682242991 0.3829015498687664 0.6354246355140187 0.3664760695538058 0.5945218434579439 0.3427782349081365 0.5854996588785046 0.3279284251968504 0.5983257102803737
1 0.5417898871391076 0.7167058271028037 0.5556449737532808 0.6873313831775701 0.5419445354330709 0.6428461518691588 0.5093067244094488 0.61656063317757 0.4960952874015748 0.613840761682243 0.49055325196850397 0.6255905373831776 0.4867707887139107 0.6818993551401868 0.48790343700787403 0.6915703925233644 0.5036100433070866 0.7021700864485981 0.5085084304461942 0.7225146261682244 0.5137746154855644 0.7245195537383177 0.5219497427821522 0.7137722429906542 0.5417898871391076 0.7167058271028037
1 0.5483973346456693 0.6468868247663552 0.5479493188976378 0.6741706915887851 0.5883944580052494 0.7080485093457943 0.60913737664042 0.7321153878504674 0.6268501509186352 0.7088295443925234 0.6272639251968505 0.6881974813084112 0.6132416627296587 0.6597594112149533 0.5621722020997375 0.6264566355140188 0.5483973346456693 0.6468868247663552
1 0.6927204448818898 0.6655998878504673 0.6879892335958006 0.7030678621495328 0.7222654146981627 0.7138074556074766 0.7509076115485565 0.7408817289719626 0.7785550853018373 0.7514076121495328 0.7645328228346457 0.7229695420560748 0.7597263845144357 0.6980400981308411 0.7179646994750657 0.6636610490654206 0.6927204448818898 0.6655998878504673
1 1 0.8000360420560748 0.993933715223097 0.7941368364485981 0.9876728070866142 0.7755835140186916 0.9481764160104987 0.7605465397196262 0.928198346456693 0.7644903084112149 0.9300498674540683 0.8044644485981308 1 0.8562365911214954 1 0.8000360420560748
1 0.8176544251968504 0.7200943271028037 0.7665389908136483 0.6890840046728972 0.7648546469816273 0.7069223831775701 0.7918584724409449 0.7495425817757009 0.79112287664042 0.7862218037383177 0.7962051614173229 0.7973965397196261 0.8109170459317585 0.7914478411214952 0.8279861745406825 0.8002563130841122 0.84034081496063 0.7795504415887851 0.839346091863517 0.7630020490654206 0.8176544251968504 0.7200943271028037
1 0.6745813674540682 0.5778456051401869 0.6562416679790026 0.5662434485981308 0.633814404199475 0.5600149462616822 0.6230521587926509 0.5674673434579439 0.6218108398950132 0.6293635280373832 0.6555353228346457 0.6676125373831775 0.6859078385826772 0.6745559813084113 0.6962270577427823 0.6230457780373831 0.6953242847769028 0.6019124836448598 0.6846999658792651 0.6024875257009346 0.6745813674540682 0.5778456051401869
1 0.44109291076115487 0.512051964953271 0.4304226154855643 0.5149194602803738 0.4173491010498688 0.5053222313084113 0.4052703097112861 0.5122733971962617 0.402896342519685 0.5644985443925233 0.422819064304462 0.5882654018691589 0.4666526154855643 0.6025239182242991 0.46442294750656166 0.539413761682243 0.4568454934383202 0.5203592079439252 0.44109291076115487 0.512051964953271
1 0.29212254855643044 0.531564820093458 0.3023330958005249 0.5516218411214953 0.340512939632546 0.566157581775701 0.3377126719160105 0.5073426028037383 0.3287267217847769 0.4923717172897196 0.3089785262467191 0.4848532313084112 0.2929041207349081 0.4925931471962617 0.29212254855643044 0.531564820093458
1 0.16764831496062993 0.45414586682242986 0.169315937007874 0.503289808411215 0.21017484908136483 0.5165355654205608 0.21068057217847772 0.4913186004672897 0.20210839501312336 0.4557156565420561 0.18381466929133858 0.4418210443925234 0.17323632414698162 0.4401036378504673 0.16764831496062993 0.45414586682242986
1 0.11076097112860893 0.44634757943925235 0.1099334251968504 0.48761170093457945 0.1494757913385827 0.5003562242990655 0.15143598556430446 0.4687631401869159 0.1466755223097113 0.4415412453271028 0.12706525196850393 0.4271454018691589 0.11911999868766406 0.42643046028037385 0.11076097112860893 0.44634757943925235
1 0.08741421391076115 0.4859681028037383 0.0925591968503937 0.4278680654205608 0.08616036482939632 0.4161920981308411 0.05855886614173229 0.40337376401869157 0.04625019947506562 0.42178718691588785 0.045330703412073486 0.4676362126168225 0.08741421391076115 0.4859681028037383
1 0.341432437007874 0.5203085560747663 0.3771171128608924 0.5269644813084112 0.3818942992125985 0.48720405373831777 0.3546605984251968 0.45604610747663554 0.33482045406824146 0.453112523364486 0.3337630328083989 0.5058389042056075 0.341432437007874 0.5203085560747663
1 0.4807899251968504 0.45093681542056074 0.47164932677165355 0.5098256051401869 0.47128152755905517 0.5281652172897197 0.4775884107611549 0.5444260864485981 0.4997398241469816 0.564409296728972 0.5392821902887138 0.577153820093458 0.5411044606299212 0.5524380887850467 0.529134342519685 0.48782202803738317 0.5044877598425197 0.4599590023364486 0.4807899251968504 0.45093681542056074
0 0.43689194225721784 1 0.4220196548556431 0.9535768411214954 0.2996404041994751 0.933364394859813 0.3202362965879265 0.9996392593457943 0.32118382414698166 1 0.43689194225721784 1
0 0.5016052362204724 0.7266763855140187 0.4382377244094488 0.7117841378504673 0.47059546325459317 0.8080685303738319 0.5579747545931758 0.8259567943925233 0.5016052362204724 0.7266763855140187
0 0.8054189225721784 0.8080503037383178 0.778829872703412 0.811117128504673 0.8062938963254593 0.8896757663551402 0.8807244790026246 0.9079451191588784 0.8054189225721784 0.8080503037383178
0 0.08996158923884515 0.5489726892523364 0.1539689251968504 0.5800562219626169 0.15487102099737532 0.5350748808411214 0.09214541469816273 0.5146488294392524 0.08996158923884515 0.5489726892523364
0 0.2999172112860892 0.6137982873831775 0.2866874540682415 0.5760269182242991 0.24282443307086615 0.5783148738317757 0.2525737939632546 0.6175968387850468 0.2999172112860892 0.6137982873831775
0 0.4774123188976378 0.7099115841121495 0.4498117270341207 0.6431672873831775 0.393382812335958 0.6282030654205607 0.420387843832021 0.7005960957943924 0.4774123188976378 0.7099115841121495
0 0.6904019448818898 0.719655953271028 0.663652597112861 0.6826129065420561 0.6349500774278215 0.6898047850467289 0.6704258648293964 0.729677058411215 0.6904019448818898 0.719655953271028
0 0.8465037559055117 0.7133377663551401 0.8834466587926509 0.7230939509345795 0.8863283910761155 0.7204979556074766 0.860295872703412 0.6958143878504673 0.8134659763779528 0.6854755467289719 0.8465037559055117 0.7133377663551401
0 0.7764393674540683 0.6768906705607477 0.8153960367454068 0.7050188084112149 0.8412241666666668 0.7133470397196261 0.8123558923884514 0.6897253925233645 0.7764393674540683 0.6768906705607477
0 0.7268478687664042 0.6579902780373832 0.7594915196850394 0.6897233107476635 0.7879331482939633 0.6904793995327103 0.7656738293963254 0.6660750700934579 0.7268478687664042 0.6579902780373832
0 0.5758180433070866 0.6130807663551402 0.6050275328083989 0.647703093457944 0.6510460813648293 0.6618657640186916 0.6147440406824147 0.6149133060747662 0.5758180433070866 0.6130807663551402
0 0.5865433425196851 0.6314330233644859 0.5641187244094489 0.5951970747663552 0.5151120656167979 0.5916813621495327 0.5440366496062992 0.6345549322429906 0.5865433425196851 0.6314330233644859
0 0.5285414829396325 0.6135474275700935 0.5109536233595801 0.5766349158878504 0.4695059881889763 0.5806181985981309 0.48529464435695535 0.6054760677570094 0.5285414829396325 0.6135474275700935
0 0.4139797716535433 0.5940489649532711 0.38934566535433074 0.5477390794392523 0.3478050433070866 0.5432998434579439 0.3673822992125984 0.5847019579439252 0.4139797716535433 0.5940489649532711
0 0.29715706692913385 0.5590291939252336 0.27886247637795275 0.5092574042056075 0.22278557480314962 0.49508720560747665 0.2293980905511811 0.546661703271028 0.29715706692913385 0.5590291939252336
0 0.03307891994750656 0.47527692289719625 0.04285847244094488 0.4445869322429907 0.02210880971128609 0.4348820747663551 0.02189478871391076 0.44555383411214955 0.023119213910761157 0.4704705934579439 0.03307891994750656 0.47527692289719625
0 0.07220369160104986 0.3720802523364486 0.030654824146981625 0.35528996495327103 0.023934904199475065 0.3786420373831776 0.060941387139107614 0.3906316425233645 0.07220369160104986 0.3720802523364486
0 0.11767095275590551 0.38841854205607473 0.07613175459317585 0.37114604439252336 0.06899884514435696 0.39458291121495326 0.11354609842519685 0.4130888785046729 0.11767095275590551 0.38841854205607473
0 0.11768062335958006 0.3879363691588785 0.11186403280839895 0.41342027336448595 0.1581142847769029 0.4324864672897196 0.16097231627296588 0.4040677593457944 0.11768062335958006 0.3879363691588785
0 0.16011887401574804 0.4021495280373832 0.15988341994750654 0.4278146214953271 0.2028565813648294 0.44320336682242994 0.2011374278215223 0.4205750934579439 0.16011887401574804 0.4021495280373832
0 0.19779773228346456 0.416980464953271 0.20538934251968502 0.44222390887850466 0.2520521377952756 0.45464391121495323 0.24139933070866143 0.43225621261682245 0.19779773228346456 0.416980464953271
0 0.2452338687664042 0.43261055607476634 0.25532922834645666 0.45832125 0.30005217979002624 0.4700027570093458 0.2872045853018373 0.44604778971962616 0.2452338687664042 0.43261055607476634
0 0.287997594488189 0.4445180443925234 0.29569559317585303 0.4644566448598131 0.3315990275590551 0.4703506752336449 0.32610484776902887 0.4559947453271028 0.287997594488189 0.4445180443925234
0 0.37627303805774276 0.4755501939252336 0.3885215958005249 0.5002830747663551 0.42752169685039365 0.5049264135514019 0.4125895104986877 0.48369142289719624 0.37627303805774276 0.4755501939252336
0 0.4181609527559055 0.48435477570093455 0.4323101679790026 0.5028620210280373 0.46862271916010495 0.5162008457943925 0.4496622309711286 0.49209333644859815 0.4181609527559055 0.48435477570093455
0 0.02385874278215223 0.34762479439252336 0.0321371469816273 0.35099493224299066 0.04070224803149606 0.34162150700934574 0.02416990026246719 0.3321094953271028 0.02385874278215223 0.34762479439252336
0 0.04773667322834646 0.33895425 0.03880740813648294 0.35256255373831774 0.0742305997375328 0.3684784813084112 0.07957081627296587 0.354840285046729 0.04773667322834646 0.33895425
0 0.08382048687664043 0.34977637616822427 0.07615109842519685 0.3701815093457944 0.11626600131233597 0.3888555537383177 0.11985691469816273 0.3653148528037383 0.08382048687664043 0.34977637616822427
0 0.12171843044619422 0.36760641822429907 0.11885681496062993 0.38498253971962615 0.15850452887139108 0.3991052289719626 0.16078753937007875 0.37846633177570094 0.12171843044619422 0.36760641822429907
0 0.16245529265091863 0.38311566355140186 0.15874293832020997 0.40113982943925236 0.2034465472440945 0.41378575934579437 0.20095265223097114 0.3949736682242991 0.16245529265091863 0.38311566355140186
0 0.2002598372703412 0.39167720560747665 0.2031597375328084 0.4141624953271028 0.24230157349081366 0.4256630093457944 0.2349540839895013 0.40548708411214957 0.2002598372703412 0.39167720560747665
0 0.23540589238845144 0.4074876191588785 0.2430555748031496 0.42983751401869164 0.28298038582677165 0.44406569859813083 0.2735263057742782 0.41422569626168226 0.23540589238845144 0.4074876191588785
0 0.27705147637795274 0.4194553855140187 0.2869568280839895 0.4407202196261682 0.32308899606299213 0.44913113785046727 0.31003132545931755 0.4219126612149533 0.27705147637795274 0.4194553855140187
0 0.31600322047244095 0.42650992523364484 0.3264144461942257 0.4503971939252337 0.3594885931758531 0.458129726635514 0.3481418779527559 0.436422023364486 0.31600322047244095 0.42650992523364484
0 0.35886999606299214 0.4472035186915888 0.3664069566929134 0.4612495257009346 0.4036089527559055 0.4720114345794392 0.39189257349081363 0.4482156238317757 0.35886999606299214 0.4472035186915888
0 0.3972481627296588 0.45501162383177574 0.4096862729658793 0.475297035046729 0.4424929947506562 0.4824418971962617 0.4258698083989501 0.4599355911214953 0.3972481627296588 0.45501162383177574
0 0.03449958398950131 0.30281460981308417 0.02597947900262467 0.32386783411214953 0.049238339895013125 0.33369468224299065 0.058767845144356956 0.3128787873831776 0.03449958398950131 0.30281460981308417
0 0.06574661023622047 0.31811245560747664 0.05871850131233596 0.3343883247663551 0.08644031364829396 0.34445665420560745 0.09133504461942256 0.32527769626168224 0.06574661023622047 0.31811245560747664
0 0.09688091601049868 0.32510645794392523 0.0959011312335958 0.34611472196261683 0.12330714304461943 0.35800650467289724 0.12538487270341206 0.3333780070093458 0.09688091601049868 0.32510645794392523
0 0.13160813779527558 0.33395431542056075 0.12690003543307088 0.35986038785046726 0.15941027952755907 0.36786408644859814 0.16146506299212599 0.34468283878504674 0.13160813779527558 0.33395431542056075
0 0.15845022047244095 0.3461172897196262 0.15909449475065618 0.36968769626168224 0.19730824540682415 0.38569410046728975 0.19126058530183726 0.356026523364486 0.15845022047244095 0.3461172897196262
0 0.18954588320209975 0.35504033878504676 0.19593230971128608 0.3846842897196262 0.22771756692913384 0.38706674065420565 0.21694698818897637 0.36337425934579437 0.18954588320209975 0.35504033878504676
0 0.28644499868766404 0.382698714953271 0.30642003018372704 0.4170301588785047 0.33002370866141734 0.42358680607476634 0.3188786942257218 0.39853416588785046 0.28644499868766404 0.382698714953271
0 0.3265115459317585 0.4037840397196262 0.33700010236220473 0.4238131518691589 0.3668711929133859 0.4381012640186916 0.3480054947506562 0.4084074906542056 0.3265115459317585 0.4037840397196262
0 0.3608842559055118 0.41638440654205605 0.3719174160104987 0.4371067897196262 0.39856944881889766 0.444824 0.384013094488189 0.42333198130841126 0.3608842559055118 0.41638440654205605
0 0.39194123228346456 0.42723644859813087 0.4068830905511811 0.44798914953271024 0.43303887401574803 0.45260180841121495 0.41041661417322833 0.42973697429906543 0.39194123228346456 0.42723644859813087
0 0.5317744409448819 0.5140032359813084 0.5562317887139108 0.5476114836448598 0.5921448530183727 0.5530232172897196 0.5456238346456692 0.5116068971962616 0.5317744409448819 0.5140032359813084
0 0.3064014265091864 0.4875761401869159 0.3002210997375328 0.4755044158878505 0.2760848805774278 0.4782872920560748 0.2868545157480315 0.5015155700934579 0.3064014265091864 0.4875761401869159
0 0.41593546719160107 0.5117839228971963 0.4052050787401575 0.5038111915887851 0.37952341207349083 0.5079420420560747 0.3904045734908137 0.5317060771028037 0.41593546719160107 0.5117839228971963
0 0.022456098425196854 0.41756515654205606 0.04606092388451444 0.4285994953271028 0.05298568372703412 0.4007675981308412 0.023071338582677164 0.3868873317757009 0.022456098425196854 0.41756515654205606
0 0.06574780971128609 0.4055625630841122 0.10373519160104987 0.42428632476635514 0.10330681233595801 0.4049473878504673 0.06696230446194225 0.3893808551401869 0.06574780971128609 0.4055625630841122