1 0.3026834596774194 1 0.27305766612903226 0.9325752270114943 0.20686487580645163 0.937394896551724 0.17935578870967742 1 0.3026834596774194 1
1 1 0.6916676781609196 0.9702279709677419 0.6981592873563218 0.9340811274193549 0.7293216436781609 0.9562215370967742 0.8527663793103448 1 0.8499893218390805 1 0.6916676781609196
1 0.8397762177419354 0.8673566810344827 0.9204167193548387 0.8621633333333334 0.8976371 0.7037807959770115 0.824838764516129 0.7221660344827586 0.8397762177419354 0.8673566810344827
1 0.700560285483871 0.8651144626436782 0.7827276112903225 0.8591356091954023 0.7807894274193549 0.7288432557471264 0.7129821870967742 0.7222856896551725 0.700560285483871 0.8651144626436782
1 0.6574838129032259 0.7083960977011494 0.6048670016129032 0.720778698275862 0.5843224806451613 0.8669410258620689 0.666567320967742 0.8621017298850574 0.6874071532258065 0.7637032068965517 0.6574838129032259 0.7083960977011494
1 0.5700045532258065 0.8050467011494252 0.5430554048387096 0.7238916379310345 0.49123081451612904 0.7303851264367817 0.4652958870967742 0.7903752327586208 0.46025447258064517 0.8755386321839081 0.5348968306451612 0.8728054741379311 0.5700045532258065 0.8050467011494252
1 0.32105413709677416 0.7366541925287357 0.28322050322580644 0.7251830603448276 0.23444724193548389 0.7903507442528735 0.22029611451612904 0.8824454166666666 0.3063528935483871 0.8982960545977012 0.35369191129032257 0.8143907097701149 0.32105413709677416 0.7366541925287357
1 0.19825024516129033 0.8817338505747128 0.2510399016129032 0.7801658850574712 0.22745964999999999 0.7310118017241379 0.18701167096774193 0.7268161264367816 0.15384386451612903 0.7853964999999999 0.1316801451612903 0.866915525862069 0.19825024516129033 0.8817338505747128
1 0.07384456774193549 0.7329907586206896 0.04733538709677419 0.8014974281609196 0.05310243709677419 0.8692916522988505 0.1145894322580645 0.8698442701149425 0.12383716612903226 0.845508617816092 0.13552339516129033 0.8498385948275862 0.16044755322580645 0.7626992672413794 0.14670336451612903 0.7151703879310345 0.13132985483870968 0.7055081810344828 0.09797811129032258 0.7125841867816092 0.07384456774193549 0.7329907586206896
1 0.9287273548387097 0.651950172413793 0.9141925532258065 0.6711540488505747 0.9293998403225806 0.7358823103448275 0.9363162322580646 0.7031474137931034 0.9877533661290323 0.6995995890804597 0.9784280080645161 0.6660026293103448 0.9639227370967742 0.6475402816091954 0.9287273548387097 0.651950172413793
1 0.7491998516129033 0.6512675775862069 0.7243347596774193 0.6630744597701149 0.7236808370967742 0.7124073879310344 0.7349865258064516 0.7312706321839081 0.766982329032258 0.7272616408045977 0.7660069290322581 0.7157953850574712 0.7767177612903227 0.7086591120689655 0.7666608516129032 0.6664624597701149 0.7491998516129033 0.6512675775862069
1 0.5711354467741935 0.6677843591954024 0.5423392258064516 0.6713924540229885 0.5251997016129032 0.71699675 0.5553223338709677 0.7479878649425288 0.5619358096774193 0.787718853448276 0.5811332919354839 0.7853134568965517 0.5958047854838711 0.7487097500000001 0.5906839387096774 0.6885119195402298 0.5711354467741935 0.6677843591954024
1 0.39892344032258065 0.7530986637931034 0.39954783064516125 0.741431959770115 0.3902520048387097 0.670168775862069 0.38238974354838706 0.6537711925287356 0.3661479951612903 0.6529091264367817 0.32761634032258063 0.6751197471264369 0.31416409677419355 0.7260562701149426 0.3338197451612903 0.767050224137931 0.35830429677419356 0.769776606321839 0.3693661370967742 0.785773290229885 0.3757652967741935 0.7849714913793103 0.3802136596774194 0.7612371867816092 0.39892344032258065 0.7530986637931034
1 0.3287284306451613 0.6691861724137931 0.3009371387096774 0.6465942959770115 0.2400084241935484 0.6716112126436782 0.22484923064516127 0.702481790229885 0.22704387903225806 0.7282808620689656 0.2510111983870968 0.7629403390804598 0.2749008935483871 0.7396672011494252 0.3100962758064516 0.7352573103448276 0.3225435887096774 0.7105207557471265 0.3287284306451613 0.6691861724137931
1 0.1099672564516129 0.6444482816091954 0.06072477096774193 0.6737951781609195 0.05676410967741936 0.7032626091954023 0.04160491612903226 0.7341331896551724 0.07520050806451613 0.7299237471264368 0.10868894354838711 0.7054479109195402 0.15052733548387098 0.7031027844827586 0.14158251774193548 0.6549725545977012 0.1099672564516129 0.6444482816091954
1 0.2204118387096774 0.5552848103448276 0.20639426935483873 0.542555591954023 0.17895398548387095 0.5430966724137931 0.1570446241935484 0.5516360948275861 0.14644095161290324 0.5790387614942529 0.1331549306451613 0.5749092327586207 0.13374979032258064 0.60090875 0.15080071774193549 0.6683031235632184 0.18808359032258062 0.6694259109195402 0.22699578548387098 0.6326820229885057 0.2204118387096774 0.5552848103448276
1 0.45617584677419354 0.5518182356321839 0.4426459758064516 0.5448221408045977 0.4236923435483871 0.5500941005747126 0.4158005516129032 0.5713627413793104 0.42249165645161285 0.6690263448275862 0.4688855709677419 0.6632133074712643 0.4945117451612903 0.6223398879310346 0.4873034080645161 0.556609382183908 0.47168604677419357 0.5440806120689655 0.45617584677419354 0.5518182356321839
1 0.581066635483871 0.5564495545977011 0.5710873532258065 0.5721855201149425 0.5723842306451613 0.6444509540229886 0.6187781435483871 0.6386379137931034 0.629869514516129 0.6169683735632184 0.6257240677419355 0.5682367959770115 0.6050634870967742 0.5534428103448276 0.581066635483871 0.5564495545977011
1 0.735865735483871 0.5515392068965517 0.7280811048387097 0.5930742413793103 0.7307634532258065 0.6246064396551725 0.7806007967741935 0.6212590632183908 0.7786795290322581 0.5606603333333333 0.7705734193548387 0.5413961896551724 0.75753125 0.5401332212643678 0.735865735483871 0.5515392068965517
1 0.803788470967742 0.5517200114942529 0.8000716596774193 0.5840540086206897 0.8050853467741935 0.6239854454022989 0.8533229 0.6208385201149426 0.8489336032258065 0.5692403793103449 0.8368963645161291 0.5417774425287356 0.8270537741935483 0.5401135775862069 0.803788470967742 0.5517200114942529
1 0.8701114161290322 0.5521012672413793 0.8812508838709677 0.626030566091954 0.9322003177419355 0.6167496149425287 0.9273233193548388 0.5594183477011494 0.9104867096774193 0.5325567614942529 0.8771349677419354 0.5396327672413793 0.8701114161290322 0.5521012672413793
1 0.52358135 0.5839321350574712 0.5675072322580645 0.5871196867816092 0.5758867241935485 0.5715841724137931 0.5702781758064517 0.5056532126436781 0.5457936258064516 0.5029268304597702 0.5143926822580646 0.5329353448275862 0.52358135 0.5839321350574712
1 0.4043877032258064 0.5322331034482758 0.38820501612903224 0.45603858908045974 0.35940879354838706 0.45964668390804597 0.3309635806451613 0.48638773275862074 0.3213057758064516 0.5629228764367816 0.32558791451612906 0.5942546235632185 0.3738254677419355 0.5911076982758621 0.39980265000000004 0.5733672385057471 0.40633850322580645 0.5551656091954023 0.4043877032258064 0.5322331034482758
0 0.3225422258064516 0.8977563649425288 0.42997193548387097 0.9035833218390805 0.46245808225806456 0.7942047212643678 0.3847062177419355 0.7923670603448276 0.3225422258064516 0.8977563649425288
0 0.8776892532258064 0.6601887385057471 0.8011876241935484 0.6654413591954023 0.8059723258064516 0.721687643678161 0.883203843548387 0.7035891005747127 0.8776892532258064 0.6601887385057471
0 0.6861534580645161 0.7367006436781609 0.6951056096774194 0.690967235632184 0.6402606403225806 0.674025422413793 0.6268485516129032 0.7167612241379311 0.6861534580645161 0.7367006436781609
0 0.4662803435483871 0.7779352327586206 0.48915487741935487 0.7062373649425288 0.4424514032258064 0.7051266005747127 0.4134892838709678 0.7792863218390805 0.4662803435483871 0.7779352327586206
0 0.1745789306451613 0.7418484712643678 0.21554136612903227 0.7036480459770115 0.1791891870967742 0.6854777068965517 0.14887073548387098 0.7229628850574713 0.1745789306451613 0.7418484712643678
0 0.050712203225806454 0.6321197212643679 0.03419321774193548 0.6470053793103449 0.03510088225806452 0.6576753850574713 0.06034062258064516 0.6635246436781609 0.0984362370967742 0.6345392385057471 0.050712203225806454 0.6321197212643679
0 0.23462593548387095 0.616977025862069 0.19321007096774193 0.6637196178160919 0.2494023435483871 0.6608896839080459 0.28298343387096775 0.6272064367816093 0.23462593548387095 0.616977025862069
0 0.3243345677419355 0.6641332298850575 0.3568891451612903 0.6200939568965518 0.29610686774193545 0.6087189252873563 0.27111188387096774 0.6465898534482759 0.3243345677419355 0.6641332298850575
0 0.3951679693548387 0.6468364339080459 0.41281966612903226 0.6209872327586207 0.3608466032258065 0.6027126494252874 0.3419338806451613 0.6429795344827586 0.3951679693548387 0.6468364339080459
0 0.5404108080645161 0.6588853850574713 0.5614372016129032 0.6136727729885058 0.5100336903225806 0.6058458448275862 0.4831052258064516 0.6555386321839081 0.5404108080645161 0.6588853850574713
0 0.7092605677419355 0.6559055977011494 0.7133034548387096 0.5938723477011494 0.6445778354838709 0.5934793362068965 0.6258309274193549 0.6495159396551724 0.7092605677419355 0.6559055977011494
0 1 0.5745122988505748 0.9334052758064516 0.5888709798850574 0.9480893612903225 0.6301917672413794 1 0.6181924971264368 1 0.5745122988505748
0 1 0.4900210402298851 0.9935503451612904 0.4756427471264368 0.942121629032258 0.48282975574712644 0.9558279580645161 0.507928485632184 1 0.4960363247126437 1 0.4900210402298851
0 0.9064808387096773 0.5159400373563219 0.9516198016129033 0.5129173017241379 0.9413455564516129 0.48170805172413794 0.8909368967741934 0.48924307183908045 0.9064808387096773 0.5159400373563219
0 0.8427563983870967 0.5269718390804597 0.8967617999999999 0.5182660747126436 0.8859660161290324 0.4868186206896552 0.8356086483870968 0.49495661781609196 0.8427563983870967 0.5269718390804597
0 0.7829233 0.5005089798850575 0.7887974741935484 0.5367800431034483 0.8448794306451612 0.5279246293103448 0.8355573596774194 0.49435368965517246 0.7829233 0.5005089798850575
0 0.7342159451612903 0.5081366867816092 0.7339151532258065 0.5357335948275862 0.7862127193548387 0.530399790229885 0.7838306870967742 0.49839697413793105 0.7342159451612903 0.5081366867816092
0 0.684995220967742 0.5097295229885057 0.6735424080645162 0.5341562844827586 0.7306793112903226 0.5337012442528736 0.7380850903225806 0.5047382298850575 0.684995220967742 0.5097295229885057
0 0.6290385370967742 0.512166356321839 0.6149782935483871 0.5378374827586206 0.6697580064516129 0.5376777471264368 0.6802457435483871 0.508938066091954 0.6290385370967742 0.512166356321839
0 0.5813734596774194 0.5120394770114942 0.5756953145161291 0.5281325459770114 0.6199557983870968 0.5323381810344828 0.6279258596774193 0.5100085316091953 0.5813734596774194 0.5120394770114942
0 0.47585677741935484 0.518701591954023 0.45897751774193546 0.5403191954022989 0.5071986161290323 0.547075816091954 0.5204490822580645 0.5202444655172414 0.47585677741935484 0.518701591954023
0 0.43034330645161295 0.5172399856321839 0.40867805 0.5411364626436782 0.4528424887096774 0.5362123103448276 0.46896805 0.5177363879310345 0.43034330645161295 0.5172399856321839
0 0.9838329096774193 0.46907102011494256 0.96740765 0.4484223879310345 0.9277128806451613 0.4614758189655172 0.9391488709677419 0.4758887155172414 0.9838329096774193 0.46907102011494256
0 0.880353556451613 0.4654292385057472 0.8881180064516129 0.4841111436781609 0.9309644677419355 0.47569530172413793 0.91873005 0.4558972270114942 0.880353556451613 0.4654292385057472
0 0.831004491935484 0.4655133591954023 0.8373949548387097 0.49595174137931036 0.8858634177419354 0.4856125316091954 0.8746458403225807 0.4577641293103448 0.831004491935484 0.4655133591954023
0 0.781070114516129 0.4687204109195402 0.7855946193548388 0.4951286724137931 0.8338512951612903 0.49030117528735634 0.8288712983870968 0.46776583908045977 0.781070114516129 0.4687204109195402
0 0.7323627564516129 0.476348117816092 0.7307859790322581 0.4989487672413793 0.7854631080645161 0.49758308333333334 0.7793702467741936 0.47396819540229884 0.7323627564516129 0.476348117816092
0 0.6908483274193549 0.4785001752873563 0.6833343580645161 0.5012376896551723 0.7311740403225806 0.499509591954023 0.7329578241935484 0.4724699885057471 0.6908483274193549 0.4785001752873563
0 0.6434936951612903 0.4769755431034483 0.6341411129032258 0.5110581206896552 0.6827345016129032 0.5061884396551725 0.6904481241935484 0.48084363505747124 0.6434936951612903 0.4769755431034483
0 0.5986294677419355 0.47480697701149427 0.5845730241935484 0.5044703706896552 0.6289137177419355 0.505618525862069 0.6395264870967742 0.4823483965517242 0.5986294677419355 0.47480697701149427
0 0.5523197548387097 0.4806094683908046 0.5399469080645162 0.50396733045977 0.5805321338709677 0.504976683908046 0.5915618693548387 0.4786068362068966 0.5523197548387097 0.4806094683908046
0 0.4987607129032258 0.4812210862068965 0.48609715 0.5070577413793104 0.5315796548387097 0.5056250833333333 0.5398285838709677 0.49057401436781606 0.4987607129032258 0.4812210862068965
0 0.45737462741935486 0.48488185919540233 0.4384916322580645 0.5075375545977011 0.47879143548387093 0.5091920229885057 0.4926400419354839 0.4879542040229885 0.45737462741935486 0.48488185919540233
0 0.9980025000000001 0.4356037816091954 0.9733326983870968 0.4080352356321839 0.9367642903225807 0.4158511781609195 0.9566345838709677 0.4413965718390805 0.9980025000000001 0.4356037816091954
0 0.9028618193548387 0.4199146522988506 0.9164307645161291 0.448871801724138 0.9446144887096773 0.4441216465517242 0.9322840677419355 0.41519364080459775 0.9028618193548387 0.4199146522988506
0 0.863288064516129 0.4248731436781609 0.8709482903225806 0.45030454885057475 0.9046737532258065 0.44668818678160915 0.8945913258064516 0.42418262931034484 0.863288064516129 0.4248731436781609
0 0.82151695 0.42400776436781606 0.8261103258064516 0.4553130890804598 0.8592938677419355 0.44932688505747126 0.8563632838709678 0.42287793103448273 0.82151695 0.42400776436781606
0 0.777476535483871 0.42647631896551724 0.7819235419354839 0.4559738994252874 0.8217840032258065 0.4564647068965517 0.8138088903225806 0.4227248074712644 0.777476535483871 0.42647631896551724
0 0.7412707596774194 0.4310128103448276 0.7361489709677419 0.4659755689655173 0.7824654516129033 0.458343933908046 0.7813501387096774 0.42922959770114943 0.7412707596774194 0.4310128103448276
0 0.7098602677419354 0.43189887068965516 0.6983668838709677 0.4579109224137931 0.7377813790322582 0.4651615373563218 0.7433272370967742 0.4303370373563218 0.7098602677419354 0.43189887068965516
0 0.5857020064516129 0.44288118678160926 0.5738527145161291 0.47046494252873566 0.6027322532258065 0.4698936982758621 0.6248297322580645 0.43360476724137936 0.5857020064516129 0.44288118678160926
0 0.5502098822580646 0.4458034655172413 0.5291173564516128 0.47667966379310345 0.5651776822580645 0.4685046120689655 0.5766177596774194 0.4469591264367816 0.5502098822580646 0.4458034655172413
0 0.5065544951612903 0.45279816954022994 0.4901644854838709 0.47485628448275863 0.5227482048387097 0.47382091666666665 0.5348105080645161 0.45158801724137926 0.5065544951612903 0.45279816954022994
0 0.4741736661290322 0.45228101149425287 0.44784425645161285 0.4734548793103448 0.48006223548387095 0.47612207183908045 0.49699279516129036 0.45510754022988503 0.4741736661290322 0.45228101149425287
0 0.312351235483871 0.5106769137931034 0.2577507225806452 0.5472486724137932 0.30206245645161295 0.5520573764367817 0.32980431451612907 0.5181085114942529 0.312351235483871 0.5106769137931034
0 0.6339887322580645 0.5812802816091954 0.6455187193548387 0.5558453879310344 0.6152155225806452 0.5446272155172414 0.6084964629032258 0.55765825 0.6339887322580645 0.5812802816091954
0 0.5074093935483871 0.5855606465517241 0.5190347580645162 0.559495117816092 0.4866960403225807 0.5461034339080459 0.473973464516129 0.5525731752873564 0.5074093935483871 0.5855606465517241
0 0.9705198532258065 0.5198199511494253 0.9172194967741937 0.531105683908046 0.9281135661290323 0.5679536235632184 0.9795482903225806 0.5568770862068966 0.9705198532258065 0.5198199511494253
0 0.8988762387096775 0.5124492155172413 0.8548532693548386 0.5201343477011494 0.8558932564516128 0.5440541494252874 0.9017065161290323 0.5329694022988506 0.8988762387096775 0.5124492155172413