1 0.20984794141689375 0.9838041043689321 0.20768463760217984 0.9042722281553398 0.11423556539509537 0.8832816432038835 0.10462890054495913 0.9512732597087378 0.20984794141689375 0.9838041043689321
1 0.09860191689373297 0.7982113058252428 0.10533990871934604 0.6965497402912622 0.07178703814713897 0.6642850873786408 0.045050544959128073 0.6536648422330097 0.0542503038147139 0.7871495655339805 0.09860191689373297 0.7982113058252428
1 0.19692198637602182 0.7077323155339805 0.1336483869209809 0.6805555388349516 0.12975647820163488 0.8118797645631067 0.1983757506811989 0.8290586432038834 0.19692198637602182 0.7077323155339805
1 0.2914173378746594 0.7255262208737865 0.23477699999999999 0.7203878203883495 0.24576719754768392 0.8310782378640776 0.3157522847411444 0.8491677864077669 0.2914173378746594 0.7255262208737865
1 0.34417370572207084 0.8519777694174757 0.41411382697547683 0.8691087839805824 0.382594742506812 0.7413426140776699 0.33694995776566755 0.722471567961165 0.3170342302452316 0.7648552111650485 0.34417370572207084 0.8519777694174757
1 0.435107863760218 0.7537710776699028 0.4202094673024523 0.8186451917475728 0.45643136920980926 0.8819222330097087 0.5197456607629428 0.8960565558252427 0.5072335858310627 0.8227078737864078 0.47951272343324247 0.7674998422330096 0.435107863760218 0.7537710776699028
1 0.6547120953678474 0.7959684441747573 0.6238662615803815 0.7997567645631068 0.603831446866485 0.8608188446601941 0.6519498160762942 0.9397858495145631 0.7231046553133516 0.9398938834951457 0.7022259822888283 0.8591995509708737 0.6547120953678474 0.7959684441747573
1 0.687223310626703 0.8478985922330098 0.7416575449591281 0.9427746165048543 0.7964522942779292 0.9406799441747573 0.7698304346049045 0.8677277572815534 0.7361366811989102 0.8125766844660194 0.7023774414168937 0.8097534927184467 0.687223310626703 0.8478985922330098
1 0.8099628446866486 0.8145345266990291 0.7811052970027248 0.8032312985436892 0.7690559155313351 0.8090310242718447 0.7620526716621254 0.8473473398058252 0.7915509305177112 0.9255241165048544 0.8010024904632153 0.9236837451456311 0.8111724305177113 0.9458781407766991 0.8657868378746594 0.9556196237864077 0.8671634155313351 0.9108011626213592 0.8323258405994551 0.8357361504854368 0.8099628446866486 0.8145345266990291
1 1 0.9162804417475728 0.9903928923705723 0.8988937524271845 0.9501383351498637 0.869779281553398 0.9150017493188011 0.8755848762135923 0.9131223079019073 0.9035789999999999 0.9220651757493188 0.9301565509708737 0.9511382356948228 0.9486702111650486 0.9681619155313351 0.9729835970873786 1 0.9828270606796117 1 0.9162804417475728
1 0.0571231553133515 0.6627401601941748 0.10091525476839237 0.6738982111650486 0.10992996049046322 0.7028792402912621 0.11650217847411444 0.6501420679611651 0.10236367029972752 0.6314832281553397 0.07220721389645776 0.6221596771844661 0.0617440940054496 0.6355936334951456 0.0571231553133515 0.6627401601941748
1 0.24066554768392373 0.6694798495145631 0.23626012397820162 0.7038368082524272 0.2459990354223433 0.7116103470873787 0.2462863869209809 0.7212242524271845 0.27370134741144414 0.7297002063106796 0.2814229713896458 0.7154186577669902 0.27608948365122615 0.6732881626213593 0.2539420013623978 0.659296968446602 0.24066554768392373 0.6694798495145631
1 0.3914478324250681 0.7160976043689321 0.39295642779291556 0.7665706116504855 0.4088967111716621 0.8000741067961166 0.42534568801089917 0.805159682038835 0.4270814536784741 0.7723586043689321 0.4495221158038147 0.7507214490291262 0.4306248242506812 0.7091599296116505 0.40595135967302454 0.701531567961165 0.3914478324250681 0.7160976043689321
1 0.6160291702997275 0.8236322645631068 0.6286590844686648 0.7918180946601943 0.6123596117166212 0.7462972184466019 0.5776598828337876 0.7212814150485436 0.5640242411444142 0.7194469126213592 0.5589722752043597 0.7321725825242719 0.5580267261580382 0.791411900485437 0.5596848256130791 0.801449604368932 0.5762774782016349 0.8113421310679612 0.5823351730245231 0.8322651359223301 0.5878181648501363 0.8339603252427185 0.5956116253405994 0.8220822524271844 0.6160291702997275 0.8236322645631068
1 0.6321306158038147 0.7262159417475728 0.6108451880108992 0.741066468446602 0.6200754059945505 0.7772579247572815 0.6329868405994551 0.8002999174757282 0.6631432970027248 0.8096234684466019 0.6855781321525886 0.8332285679611651 0.7024639645776567 0.8074927451456311 0.7018174237057221 0.7858614563106796 0.6860208160762943 0.7571649150485438 0.6321306158038147 0.7262159417475728
1 0.7675473215258856 0.7585580169902914 0.7646563201634877 0.7981457233009708 0.800223931880109 0.8067609878640777 0.8308832534059944 0.8329088762135922 0.8596689632152589 0.8418086286407767 0.8438723569482289 0.8131120873786408 0.837670985013624 0.7873821310679612 0.7932323446866485 0.7545927888349514 0.7675473215258856 0.7585580169902914
1 0.8979838991825613 0.8060292330097087 0.8441655367847413 0.7774837378640778 0.8433694904632152 0.7962877524271845 0.8731609291553134 0.838836177184466 0.8743103365122615 0.8772918009708739 0.8800806798365122 0.8886008980582524 0.8947997179836513 0.8812452912621359 0.9126912806539509 0.889158140776699 0.9242377970027248 0.866534077669903 0.9223641839237057 0.8492859441747572 0.8979838991825613 0.8060292330097087
1 0.7444717752043596 0.6680793689320388 0.7251376267029973 0.6573392475728156 0.7019067479564033 0.6525381601941748 0.6912999523160763 0.6611651601941747 0.6932395749318802 0.7260590291262137 0.7296692397820164 0.7635160145631068 0.7610527697547684 0.7684564077669903 0.7689238978201635 0.7137395558252427 0.7669066089918256 0.6916844708737864 0.7560842997275204 0.693101041262136 0.7444717752043596 0.6680793689320388
1 0.5025677493188011 0.6171019296116504 0.4918172779291553 0.6209219781553398 0.4779661226158038 0.6118770461165048 0.4659885790190736 0.62008025 0.4662701021798365 0.6749364126213592 0.49187745912806535 0.7138099684466018 0.5316291512261581 0.7261001019417476 0.527815916893733 0.6439581019417476 0.5190885626702998 0.6245909781553398 0.5025677493188011 0.6171019296116504
1 0.35141461716621253 0.6489513058252426 0.3628834659400545 0.6691660242718446 0.40263515940054495 0.6814561601941747 0.39672696866485013 0.6200978519417476 0.38677254359673024 0.6051138859223301 0.36621132152588554 0.5987569174757281 0.35019337329700273 0.6080922038834952 0.35141461716621253 0.6489513058252426
1 0.22025965940054495 0.577445322815534 0.2245097506811989 0.6287659247572815 0.2669311021798365 0.639500182038835 0.2661408869209809 0.6130619368932039 0.2555399196185286 0.576446682038835 0.23613393460490462 0.5633030849514563 0.22523978746594006 0.5623161796116505 0.22025965940054495 0.577445322815534
1 0.1617485204359673 0.5736428786407767 0.16304160354223435 0.6169054563106796 0.20409220708446868 0.6272159126213592 0.20445722343324252 0.5939910388349515 0.198184014986376 0.5658576067961165 0.17740728065395098 0.552290208737864 0.16925463079019074 0.5521509004854369 0.1617485204359673 0.5736428786407767
1 0.1399543991825613 0.616911322815534 0.14219885967302454 0.5556923252427184 0.13505776839237058 0.543959432038835 0.10620022070844687 0.5326562014563107 0.09458186648501363 0.5528767888349514 0.09601862397820164 0.6009463203883495 0.1399543991825613 0.616911322815534
1 0.40119840326975476 0.6333866286407767 0.4379930871934605 0.6376187378640776 0.4408122479564033 0.5956275533980583 0.41138 0.5650965121359223 0.3909624536784741 0.5635464975728156 0.39261472479564036 0.6188264587378641 0.40119840326975476 0.6333866286407767
1 0.5399487929155313 0.5500773373786408 0.5336639264305177 0.6124284199029126 0.5342386294277929 0.6316562305825243 0.5415233978201636 0.6481960800970874 0.565185302452316 0.6674180242718446 0.6062359059945504 0.6777284805825242 0.606816438692098 0.651714036407767 0.5912411730245232 0.5849856674757281 0.564622257493188 0.5577056966019417 0.5399487929155313 0.5500773373786408
0 0.5754996416893733 0.837151317961165 0.5100017779291552 0.8264190873786408 0.5480428801089918 0.9247377111650485 0.6382225994550409 0.9367654733009709 0.5754996416893733 0.837151317961165
0 0.8900440776566758 0.8990478349514563 0.8630438828337874 0.9042970485436893 0.8951677697547684 0.984433895631068 0.9721409073569482 0.9978533932038834 0.8900440776566758 0.8990478349514563
0 0.14582138692098093 0.6826750946601942 0.2128118501362398 0.7103088106796116 0.21140228337874659 0.6631489854368932 0.1462733188010899 0.6465742427184467 0.14582138692098093 0.6826750946601942
0 0.36363786376021795 0.7344433519417476 0.3481670871934605 0.6959150776699029 0.3034821989100817 0.7016732888349515 0.3154762411444142 0.7420498300970875 0.36363786376021795 0.7344433519417476
0 0.5499192438692098 0.8214552257281553 0.5182680980926431 0.7536971990291261 0.47892594822888285 0.7472565388349514 0.5051963978201636 0.8119544417475729 0.5499192438692098 0.8214552257281553
0 0.7679803801089918 0.8153267014563107 0.73873789373297 0.7785974490291262 0.7097926811989101 0.7883271893203884 0.7480953201634877 0.8273492888349515 0.7679803801089918 0.8153267014563107
0 0.9042075476839238 0.7706300655339806 0.9424480953678473 0.7780113495145632 0.9452570844686649 0.7750726796116505 0.9173872820163488 0.7512275242718447 0.8690175667574931 0.7439942936893204 0.9042075476839238 0.7706300655339806
0 0.8277015694822889 0.7396218276699029 0.868951121253406 0.7660821917475727 0.8957645926430517 0.7728207257281553 0.8650532670299729 0.7503047038834951 0.8277015694822889 0.7396218276699029
0 0.8020121021798364 0.747975026699029 0.8370000953678474 0.7786933495145631 0.8660907002724795 0.7773042815533981 0.8420894659400545 0.7534621699029127 0.8020121021798364 0.747975026699029
0 0.6454168855585831 0.7125389660194175 0.6770468160762942 0.7465453665048544 0.7247859427792915 0.7578439466019417 0.6852724305177111 0.7114729975728155 0.6454168855585831 0.7125389660194175
0 0.6573231798365122 0.7309295169902913 0.6325399686648502 0.69471363592233 0.5823004087193461 0.6947903810679612 0.6140669155313352 0.7374567936893204 0.6573231798365122 0.7309295169902913
0 0.5971508896457766 0.7166521893203883 0.5772730776566757 0.6793571844660193 0.5351432166212534 0.6867050315533981 0.5525585585831063 0.7115180558252427 0.5971508896457766 0.7166521893203883
0 0.47912251226158037 0.7050227839805825 0.4515603923705722 0.658429968446602 0.40889908310626705 0.6569674660194175 0.43104160217983656 0.6988100800970874 0.47912251226158037 0.7050227839805825
0 0.3579803242506812 0.6773175752427185 0.3367142411444142 0.6266144660194175 0.2787007179836512 0.6160791796116505 0.2881276784741144 0.6695651917475728 0.3579803242506812 0.6773175752427185
0 0.0922989386920981 0.5770057305825242 0.03829733923705722 0.5556786237864078 0.04081725340599455 0.592241536407767 0.0839001144414169 0.6098846674757281 0.0922989386920981 0.5770057305825242
0 0.07465930653950954 0.4852898300970874 0.03250777384196185 0.4716744101941748 0.03379758038147139 0.49038896844660196 0.06551421117166213 0.5045037305825243 0.07465930653950954 0.4852898300970874
0 0.11851591689373298 0.4988490922330097 0.07520613351498637 0.48445699029126216 0.06955227792915532 0.5094193300970874 0.10797350681198911 0.5191338932038835 0.11851591689373298 0.4988490922330097
0 0.1658046811989101 0.5124675825242718 0.12247978610354224 0.49756991262135924 0.11640848092643052 0.5226526893203883 0.1628698446866485 0.5386110388349514 0.1658046811989101 0.5124675825242718
0 0.16578957220708448 0.5119620558252428 0.16116888828337875 0.5390869344660194 0.20939879564032696 0.555501213592233 0.21084540054495912 0.5255307378640777 0.16578957220708448 0.5119620558252428
0 0.2098742561307902 0.5235879878640777 0.21096375749318802 0.5504746529126213 0.2556557411444142 0.5632902888349515 0.25272709673024524 0.5397327111650485 0.2098742561307902 0.5235879878640777
0 0.24912951771117164 0.536225572815534 0.25819205040871934 0.562070718446602 0.30649892779291554 0.5714955145631068 0.29445755722070843 0.5488747330097088 0.24912951771117164 0.536225572815534
0 0.29839267166212535 0.5489516941747572 0.31003684604904636 0.5750940388349515 0.3563240204359673 0.5838944393203883 0.3419595871934605 0.5598011650485437 0.29839267166212535 0.5489516941747572
0 0.3426903242506812 0.5581388883495146 0.35158661989100815 0.5784222694174758 0.38856526702997274 0.5818399878640776 0.3822093460490463 0.5672320970873787 0.3426903242506812 0.5581388883495146
0 0.43446654632152587 0.5838581868932039 0.44825941144414166 0.6088117815533981 0.48833630790190735 0.6106827330097087 0.4719835422343324 0.5895968131067961 0.43446654632152587 0.5838581868932039
0 0.4777088133514986 0.5898641140776699 0.4931204632152589 0.6081544077669903 0.5309028024523161 0.6193346626213593 0.5102865095367848 0.5955503665048544 0.4777088133514986 0.5898641140776699
0 0.07649766212534061 0.4798469004854369 0.08476065667574932 0.46937724514563106 0.04996593324250682 0.4519785485436893 0.03809290871934605 0.46697133737864077 0.07649766212534061 0.4798469004854369
0 0.09180767983651227 0.4660455849514563 0.08339217166212534 0.4809766286407767 0.12039963215258855 0.4949230218446602 0.12514759128065395 0.48023585194174756 0.09180767983651227 0.4660455849514563
0 0.12922595640326975 0.47460866019417475 0.12244956130790191 0.4965586650485437 0.16439225476839237 0.5130328009708738 0.16684023978201634 0.4881128859223301 0.12922595640326975 0.47460866019417475
0 0.16886042098092643 0.49036918932038837 0.16683791008174387 0.5087795315533981 0.2080675395095368 0.5205247038834951 0.20932995776566757 0.49874294660194174 0.16886042098092643 0.49036918932038837
0 0.21127440190735694 0.5034824320388349 0.20841649591280656 0.5226364344660194 0.2547338910081744 0.532447963592233 0.2512116539509537 0.5129449174757281 0.21127440190735694 0.5034824320388349
0 0.25033315803814715 0.5095469927184466 0.25446045504087195 0.5328643567961164 0.2950374741144414 0.5419031723300971 0.2864869046321526 0.5213444660194175 0.25033315803814715 0.5095469927184466
0 0.28705207084468665 0.5234041747572815 0.2960239713896458 0.5462156286407767 0.33754210490463216 0.5580499975728155 0.3263389713896458 0.5275355412621359 0.28705207084468665 0.5234041747572815
0 0.33021073297002723 0.5327401941747573 0.3414304332425068 0.5542427645631067 0.3787731525885559 0.560277859223301 0.3640250177111717 0.532784145631068 0.33021073297002723 0.5327401941747573
0 0.3703631880108992 0.5371391286407767 0.3822355081743869 0.5613483228155339 0.41641948228882836 0.5669076747572815 0.40370456675749317 0.5450519757281553 0.3703631880108992 0.5371391286407767
0 0.41522141008174385 0.5555165291262135 0.4236478514986376 0.5696433446601942 0.4622051662125341 0.5780576480582524 0.449004446866485 0.5540442669902912 0.41522141008174385 0.5555165291262135
0 0.4548270408719346 0.5607483446601942 0.46858304904632153 0.5810313786407767 0.5024634100817438 0.5859960048543689 0.48431750817438696 0.5637088009708738 0.4548270408719346 0.5607483446601942
0 0.0410469795640327 0.4166353058252428 0.031075452316076294 0.4273848810679612 0.03142203678474114 0.43898051941747573 0.05838488828337875 0.44769714563106794 0.07269331335149865 0.42907766019417476 0.0410469795640327 0.4166353058252428
0 0.07641397138964577 0.4292261213592233 0.0688022029972752 0.4519198325242718 0.09306898228882834 0.4604242475728156 0.10172409128065395 0.43790160194174754 0.07641397138964577 0.4292261213592233
0 0.10912370027247956 0.4428456359223301 0.10278834741144414 0.46042357524271843 0.1316262765667575 0.4688386213592233 0.13563206948228884 0.4483850194174757 0.10912370027247956 0.4428456359223301
0 0.14128797138964577 0.4477805533980583 0.14137586103542235 0.4698490825242718 0.16998571253405995 0.4801972985436893 0.1708317029972752 0.4542545898058253 0.14128797138964577 0.4477805533980583
0 0.17721826021798365 0.4543807912621359 0.1737517084468665 0.4818626480582524 0.20737374250681198 0.4877491213592233 0.20827129427792915 0.4633232912621359 0.17721826021798365 0.4543807912621359
0 0.2052661485013624 0.46505615291262137 0.20714569073569483 0.4896824563106796 0.24700822752043594 0.5035096189320388 0.23929348637602182 0.47291450242718447 0.2052661485013624 0.46505615291262137
0 0.2374909128065395 0.47201354126213596 0.24555046185286103 0.5025579466019418 0.2781406634877384 0.5026151529126214 0.26591138147138965 0.4786374344660194 0.2374909128065395 0.47201354126213596
0 0.33790086784741147 0.4935396868932039 0.36008327656675754 0.5279495655339805 0.3845327997275204 0.5330039902912621 0.3718505667574932 0.5076310315533981 0.33790086784741147 0.4935396868932039
0 0.37991912397820166 0.5125418810679612 0.39167049591280656 0.5327060703883495 0.4229224618528611 0.5453739927184466 0.4021135027247957 0.5157342087378641 0.37991912397820166 0.5125418810679612
0 0.41568176158038145 0.5230977791262136 0.4280253419618528 0.5439459927184466 0.45564871798365125 0.5499816844660195 0.4396665217983652 0.5285978689320389 0.41568176158038145 0.5230977791262136
0 0.4479669754768392 0.5320775800970874 0.46430462670299727 0.552657854368932 0.49126023297002724 0.555481463592233 0.4669680544959128 0.5332788640776699 0.4479669754768392 0.5320775800970874
0 0.5952946267029973 0.612192177184466 0.6220179768392371 0.6455012888349514 0.6589814700272479 0.648413354368932 0.6093167724795641 0.608621640776699 0.5952946267029973 0.612192177184466
0 0.3637200749318801 0.6018050970873786 0.3567816662125341 0.5896411383495146 0.33227217438692097 0.5944050242718446 0.3444764386920981 0.6178968470873786 0.3637200749318801 0.6018050970873786
0 0.4768570340599455 0.6187501286407767 0.46548342370572204 0.6112262257281553 0.439465204359673 0.6175197888349514 0.45181114850136245 0.6415639393203884 0.4768570340599455 0.6187501286407767
0 0.050221843324250684 0.5424516262135922 0.09474155722070844 0.5600230582524272 0.1003724931880109 0.5303551165048543 0.05425663079019074 0.512310390776699 0.050221843324250684 0.5424516262135922
0 0.11365672479564033 0.5343964660194175 0.1534288569482289 0.5510857669902912 0.15198911989100816 0.5308728106796117 0.11405869618528611 0.5173628300970874 0.11365672479564033 0.5343964660194175