1 0.5329508378378379 0.9939013021390375 0.5645430900900901 0.9516203315508022 0.5777481321321322 0.9292081951871658 0.4708911921921922 0.8564450909090909 0.3752223063063063 0.9813248449197861 0.41971351051051053 0.9950744518716578 0.5329508378378379 0.9939013021390375
1 0.42054348498498495 0.7371207459893048 0.3611859234234234 0.7154649759358289 0.23902512762762762 0.8598529572192514 0.21519677027027026 0.9318703983957218 0.35129364564564564 0.973929909090909 0.44000566066066066 0.8582844251336899 0.42054348498498495 0.7371207459893048
1 0.2154090750750751 0.7211926336898395 0.15166781681681682 0.7909084705882352 0.08534713063063062 0.8576193395721926 0.1345196036036036 0.9069378475935829 0.17622883183183183 0.9198277085561497 0.3073264429429429 0.7606376978609626 0.2154090750750751 0.7211926336898395
1 0 0.8453931443850267 0.022987683183183182 0.859321590909091 0.1556606141141141 0.7676483556149732 0.15409726876876878 0.7121796524064171 0.08149475375375376 0.6698726604278075 0.030218926426426426 0.6904544117647058 0 0.724398077540107 0 0.8453931443850267
1 0 0.7081393930481283 0.0661870045045045 0.6571434037433155 0 0.6094745454545455 0 0.7081393930481283
1 0.8117883213213214 0.8447847032085561 0.8854699864864866 0.8716702459893049 0.9120463783783783 0.7554453021390374 0.8537363648648649 0.7230746069518718 0.8117883213213214 0.8447847032085561
1 0.8078612477477477 0.6890274759358289 0.7588214369369369 0.6793915802139038 0.7089942792792793 0.8008743529411765 0.7824968558558559 0.8288001363636364 0.8222156201201201 0.7497615721925133 0.8078612477477477 0.6890274759358289
0 0.72267546996997 0.7448620106951872 0.6865839924924926 0.7236155962566845 0.6395204774774774 0.7090710454545455 0.6036509654654655 0.7520761711229946 0.5972952297297298 0.7739242540106952 0.6674150960960961 0.8097869705882352 0.72267546996997 0.7448620106951872
1 0.5053555225225225 0.5822941684491979 0.47451683333333333 0.5573093689839572 0.41740436636636635 0.595957371657754 0.38494632882882884 0.672029320855615 0.4573156021021021 0.7197837326203209 0.5172321591591591 0.6639685374331551 0.5053555225225225 0.5822941684491979
1 0.3656798963963964 0.6627636042780749 0.4342322867867868 0.5934306550802139 0.4241300450450451 0.5406339197860963 0.38940894594594594 0.5210726684491979 0.3474737852852853 0.5599954438502674 0.31025295795795793 0.6235567513368984 0.3656798963963964 0.6627636042780749
1 0.35821828528528527 0.5424676229946525 0.35642814264264266 0.4949638315508022 0.3449826006006006 0.4803795 0.3140659474474475 0.47358678342245986 0.28837610210210207 0.4822183556149732 0.24250710510510512 0.5426115 0.24706204204204205 0.5887640160427807 0.29456144294294295 0.6194579786096256 0.3079908333333333 0.6015138288770053 0.31734565165165163 0.6099284465240642 0.35821828528528527 0.5424676229946525
1 0.19677837687687685 0.503623270053476 0.19876222522522521 0.47109478342245986 0.16384113513513512 0.4409701497326203 0.11885718618618618 0.44640085026737963 0.0806063033033033 0.48705392513368984 0.07176581831831833 0.5147016310160428 0.0788529039039039 0.5279390213903743 0.1311543843843844 0.5441023208556149 0.15184786786786786 0.5284030721925134 0.18398689339339339 0.5272881550802139 0.19677837687687685 0.503623270053476
1 0.9010582207207207 0.6743240347593583 0.8765907462462462 0.6750479786096256 0.8653055180180179 0.7185109438502674 0.8711702312312313 0.7396559679144384 0.9002266096096097 0.7486355802139038 0.9018564384384384 0.7380920721925133 0.9128410855855856 0.735963179144385 0.9131416651651652 0.6946291016042782 0.9010582207207207 0.6743240347593583
1 0.7406102372372373 0.6192154385026738 0.7144594954954955 0.6111337887700535 0.689460993993994 0.6448351951871658 0.6636479264264263 0.6935035 0.7064706666666667 0.721898628342246 0.7239044939939939 0.7272863957219251 0.744774987987988 0.7005946577540106 0.7533315885885886 0.6452412406417112 0.7406102372372373 0.6192154385026738
1 0.5703832822822823 0.6273678903743316 0.5734659294294294 0.6172733609625669 0.5807467207207206 0.5504784759358289 0.5773801876876877 0.5328672887700534 0.5632594549549549 0.5257416069518717 0.5244942387387387 0.5303323556149733 0.5015864609609609 0.5702034786096257 0.5100027927927928 0.6142314385026738 0.5309801621621622 0.6262379010695187 0.5372523318318319 0.6447470481283422 0.543063608108108 0.6465429679144385 0.552134542042042 0.6272518743315507 0.5703832822822823 0.6273678903743316
1 0.5267619729729729 0.5255095828877006 0.507183984984985 0.49460299732620316 0.4480793063063063 0.4929080187165775 0.4280237267267267 0.5143280026737969 0.42435661261261265 0.5380508957219251 0.43794631381381377 0.5781540454545454 0.4640436171171171 0.5668865962566845 0.4960056321321321 0.5767641684491979 0.5123406591591592 0.5597179759358288 0.5267619729729729 0.5255095828877006
1 0.33941846996997 0.4179003983957219 0.28966860660660665 0.4246200374331551 0.27978275975975975 0.4491828823529411 0.2597271801801802 0.4706028689839572 0.29023637837837835 0.48003145989304813 0.3250505945945946 0.47145789304812835 0.36241642792792794 0.48576726470588233 0.3649847417417417 0.4396104117647059 0.33941846996997 0.4179003983957219
1 0.08354533333333333 0.3498723048128342 0.039960767267267265 0.3364028903743315 0.02984447297297297 0.3526091256684492 0.01554672972972973 0.35647593048128345 0.0006645225225225225 0.3739711042780749 0.002862123123123123 0.4188390187165775 0.09346792192192192 0.4136983475935829 0.10330033183183183 0.3697864010695187 0.08354533333333333 0.3498723048128342
1 0.24642136336336334 0.4582054304812834 0.28263496096096097 0.430731743315508 0.2844417972972973 0.4091957486631016 0.2257445750750751 0.40486489037433154 0.19493479879879877 0.4367703770053476 0.1906297792792793 0.45477253475935825 0.19922312012012014 0.48780800802139035 0.2185172222222222 0.49100887967914436 0.23246094594594596 0.5091270481283422 0.23990205105105106 0.500379462566845 0.24642136336336334 0.4582054304812834
1 0.45606813363363363 0.38214317647058826 0.4464828678678679 0.365371949197861 0.42219240540540537 0.3551034010695187 0.4010380255255255 0.35408942780748665 0.38574836036036037 0.3742204759358289 0.37494072222222224 0.3653568770053476 0.36982078978978977 0.38863078877005347 0.370211551051051 0.45503470053475936 0.4028114714714715 0.4706330106951872 0.4450667927927928 0.4533118556149733 0.45606813363363363 0.38214317647058826
1 0.6645125795795795 0.47141723262032087 0.6541123993993995 0.45991775935828877 0.6362711156156157 0.4571658663101604 0.6247020015015015 0.4729231256684492 0.6093956396396397 0.562093962566845 0.6515273888888888 0.5751143983957219 0.6829750705705706 0.5489296497326204 0.6908937657657658 0.4878554946524064 0.6798556831831832 0.47063528609625666 0.6645125795795795 0.47141723262032087
1 0.7735274339339339 0.5244398770053476 0.7613204159159159 0.5344763983957219 0.7467755315315315 0.5990263823529411 0.7889072792792793 0.6120468181818182 0.80338203003003 0.5971875240641711 0.8103088018018018 0.552377614973262 0.7953197177177178 0.5311745855614973 0.7735274339339339 0.5244398770053476
1 0.9109607627627628 0.580721395721925 0.8950866306306307 0.6144808128342246 0.890604602102102 0.6434754598930481 0.9352345300300301 0.6600297326203208 0.9466967687687687 0.6055742780748663 0.9437376921921923 0.58532721657754 0.9325225990990992 0.5790994919786097 0.9109607627627628 0.580721395721925
1 0.7169209339339339 0.5262787352941176 0.7549246741741742 0.5463088422459893 0.7656788738738739 0.5358233395721925 0.7750503873873873 0.4751981684491979 0.754073018018018 0.463191705882353 0.7198967057057057 0.4774860080213904 0.7169209339339339 0.5262787352941176
1 0.6231423078078079 0.4337759411764706 0.6254267357357357 0.3599133796791444 0.599275996996997 0.35183172994652406 0.5684127807807807 0.36438811497326207 0.5432907057057057 0.42843111229946523 0.540261496996997 0.4578747379679144 0.5834386066066066 0.47398003475935824 0.6101738138138139 0.4684333181818182 0.6198826501501501 0.4548629572192513 0.6231423078078079 0.4337759411764706
1 0.6177954084084084 0.9001097647058823 0.56883343993994 0.9935295534759359 0.7321855300300301 0.9918372112299465 0.7454523693693693 0.9632156310160427 0.6177954084084084 0.9001097647058823
0 0.47169444894894896 0.7256466390374331 0.5650677432432433 0.7728895508021391 0.6174296621621621 0.6886821122994653 0.549334521021021 0.6565990213903744 0.47169444894894896 0.7256466390374331
0 0.12364805405405405 0.5691998235294118 0.2037857927927928 0.6060026604278075 0.24760103003003003 0.5381194251336898 0.22087606456456454 0.5140905588235294 0.12364805405405405 0.5691998235294118
0 0.8269729039039039 0.7253406978609626 0.8447869204204205 0.6883179679144386 0.8001499834834835 0.6518218743315508 0.7790577867867868 0.6844412005347593 0.8269729039039039 0.7253406978609626
0 0.6243285840840841 0.6757611417112299 0.6600436156156156 0.6211818128342246 0.6191421816816817 0.6019042112299465 0.5775299864864865 0.6562808074866311 0.6243285840840841 0.6757611417112299
0 0.37519333933933935 0.5295246443850267 0.41957096546546546 0.511715756684492 0.3914915975975976 0.48137435561497327 0.3566458573573574 0.5027185187165776 0.37519333933933935 0.5295246443850267
0 0.18672562162162162 0.3443672620320855 0.15506833933933933 0.3522460026737968 0.1575158033033033 0.3574178903743316 0.19742793843843845 0.374903807486631 0.23691706456456457 0.3688337272727273 0.18672562162162162 0.3443672620320855
0 0.23721524174174174 0.3745123181818182 0.202853466966967 0.37899481550802133 0.23105648048048047 0.3895100855614973 0.2766829129129129 0.38771295721925136 0.23721524174174174 0.3745123181818182
0 0.2898951096096096 0.3837652112299465 0.262172027027027 0.3942434385026738 0.2915597222222222 0.4153677673796791 0.33141148198198195 0.4046023796791444 0.2898951096096096 0.3837652112299465
0 0.4551976636636637 0.4423826524064171 0.4085662687687688 0.4675840481283422 0.45868212912912915 0.48708603743315504 0.4955767087087087 0.47038910695187164 0.4551976636636637 0.4423826524064171
0 0.5239881711711711 0.5193106096256684 0.5622265450450451 0.4930340374331551 0.5111508123123123 0.45914567914438503 0.4809109444444445 0.4829168395721925 0.5239881711711711 0.5193106096256684
0 0.5901423213213213 0.531726756684492 0.6113035870870871 0.5157330320855615 0.5694859204204205 0.4791807245989305 0.544083993993994 0.5074575481283422 0.5901423213213213 0.531726756684492
0 0.7154757222222222 0.5992946149732621 0.7438132627627628 0.5674627647058824 0.7002293588588588 0.5403923128342246 0.6657199444444445 0.573882743315508 0.7154757222222222 0.5992946149732621
0 0.8648676291291292 0.6627904946524065 0.8818952822822823 0.6093998556149732 0.8214380405405405 0.5821325026737968 0.792758900900901 0.6244494812834225 0.8648676291291292 0.6627904946524065
0 0.9189292072072072 0.5416116470588236 0.912673506006006 0.56595035828877 0.9599019369369368 0.5817078877005347 0.9647506846846847 0.5524138101604278 0.9189292072072072 0.5416116470588236
0 0.8752233513513513 0.5237440133689839 0.8598316606606606 0.5409051978609626 0.9102641321321321 0.5628818342245989 0.9230753948948948 0.5401154197860962 0.8752233513513513 0.5237440133689839
0 0.8254003648648648 0.5039859331550802 0.807441578078078 0.5212285802139037 0.8557334249249249 0.5425436310160427 0.8712111966966968 0.5211823048128342 0.8254003648648648 0.5039859331550802
0 0.7834382432432432 0.48520360695187165 0.7749427102102102 0.4972413048128342 0.8130202057057057 0.5183047032085562 0.8248885915915917 0.5016378368983957 0.7834382432432432 0.48520360695187165
0 0.689039072072072 0.4497778930481284 0.6694768648648649 0.4623241069518716 0.7104896216216215 0.4871995320855615 0.72798690990991 0.4686115080213904 0.689039072072072 0.4497778930481284
0 0.6492621111111111 0.4306554839572192 0.6249890705705706 0.44334662834224603 0.6649638468468468 0.4562815427807486 0.6831801036036036 0.44622428609625664 0.6492621111111111 0.4306554839572192
0 0.9241973213213213 0.5127145748663101 0.9179021516516516 0.5321257834224599 0.9663654144144145 0.5523319331550802 0.9661243303303303 0.5290177860962567 0.9241973213213213 0.5127145748663101
0 0.8871587897897898 0.4983609946524064 0.8756036486486486 0.5155679652406417 0.9181222612612613 0.5327747860962566 0.9255633963963963 0.509510834224599 0.8871587897897898 0.4983609946524064
0 0.8457735705705707 0.47846157219251334 0.8301359579579579 0.5050024304812835 0.874000509009009 0.5197203877005347 0.8862975195195195 0.5002810267379679 0.8457735705705707 0.47846157219251334
0 0.8067220150150151 0.4589669572192513 0.7878999384384384 0.4797490588235294 0.8267118063063063 0.49813432085561493 0.8411123948948949 0.48166911229946524 0.8067220150150151 0.4589669572192513
0 0.7646667312312312 0.4459701497326203 0.7486965900900902 0.461823705882353 0.7842302807807808 0.47861498395721924 0.7996710735735735 0.45956610962566846 0.7646667312312312 0.4459701497326203
0 0.7173521186186186 0.4255336871657754 0.7005877807807808 0.4434700882352941 0.7409657492492492 0.46001545454545456 0.7514997687687688 0.4499081336898396 0.7173521186186186 0.4255336871657754
0 0.6800991366366367 0.41256740909090905 0.658546427927928 0.42524874866310164 0.6936886381381381 0.44249993582887703 0.7104986066066066 0.4291032112299465 0.6800991366366367 0.41256740909090905
0 0.9297843843843844 0.5050053823529412 0.9706725600600601 0.5159630588235293 0.972229078078078 0.4880291042780749 0.9418860270270271 0.47602734759358295 0.9297843843843844 0.5050053823529412
0 0.9140231921921923 0.464509435828877 0.8982516246246247 0.4830596256684492 0.9313991336336337 0.5049233796791444 0.9438443393393393 0.47623397593582883 0.9140231921921923 0.464509435828877
0 0.8022642417417418 0.4256106069518717 0.7858379624624624 0.4454142406417112 0.8114028603603604 0.45621979679144387 0.8387468063063063 0.432715692513369 0.8022642417417418 0.4256106069518717
0 0.7703637492492493 0.4142984705882353 0.7450800915915916 0.4333994171122995 0.7786214009009009 0.4402790721925134 0.7933764069069069 0.42566629946524065 0.7703637492492493 0.4142984705882353
0 0.7303879384384385 0.403397885026738 0.711161102102102 0.4165261203208556 0.7400898783783784 0.4283712513368984 0.7555422477477478 0.41339301069518714 0.7303879384384385 0.403397885026738
0 0.7019749144144144 0.3902563636363637 0.6741840975975977 0.3987078181818182 0.7019869354354354 0.4136909278074866 0.7214634204204204 0.40169924598930484 0.7019749144144144 0.3902563636363637
0 0.5467438963963964 0.378623064171123 0.4907056111111111 0.38964673529411764 0.5286973393393394 0.41126465240641713 0.5605056156156156 0.39204516577540105 0.5467438963963964 0.378623064171123
0 0.8147579294294295 0.567174 0.830436451951952 0.549149628342246 0.80617665015015 0.5273385962566846 0.7974288483483484 0.5362549866310161 0.8147579294294295 0.567174
0 0.7023210345345345 0.5213875534759358 0.7182204744744745 0.5028416711229946 0.6926393453453453 0.4783071737967915 0.6800271771771772 0.47905739839572187 0.7023210345345345 0.5213875534759358