1 1 0.444759889380531 0.9715219104477612 0.41082834513274336 0.9117540858208956 0.49660642699115043 0.9754950497512437 0.6174332477876107 1 0.5777915553097346 1 0.444759889380531
1 0.9406755945273632 0.6737607256637168 0.9032937773631841 0.5935268517699115 0.8490841405472637 0.6623748053097346 0.8805442723880597 0.7710352455752212 0.9406755945273632 0.6737607256637168
1 0.7390071728855722 1 0.7543398967661692 0.975196232300885 0.7462609092039801 0.8602483407079645 0.7426286218905472 0.8345880376106195 0.6648832462686568 0.9130519911504424 0.6703594402985075 1 0.7390071728855722 1
1 0.6553494092039801 1 0.6520541480099502 0.9473569778761062 0.5923991654228856 0.9067920331858407 0.557123157960199 0.9599157831858407 0.5585017549751244 1 0.6553494092039801 1
1 0.9481181194029851 0.3379151017699115 0.9744378582089552 0.29878771017699113 0.9236464502487562 0.201752953539823 0.9128850609452737 0.22146107743362833 0.9015528855721393 0.270015517699115 0.9481181194029851 0.3379151017699115
1 0.8897902798507463 0.43019733628318585 0.9329544502487562 0.3659430774336283 0.8763228606965174 0.2745909181415929 0.8411641094527362 0.34197946017699116 0.8897902798507463 0.43019733628318585
1 0.8101267052238805 0.5388055243362831 0.8539170957711443 0.47286395132743364 0.8166234825870647 0.38506765044247787 0.7772915223880597 0.4316127367256637 0.8101267052238805 0.5388055243362831
1 0.742730144278607 0.46387045132743365 0.7170664713930348 0.511956703539823 0.7463351965174129 0.6275468473451328 0.7904852661691543 0.5623275707964602 0.7746583059701493 0.47923514159292036 0.742730144278607 0.46387045132743365
0 0.728746906716418 0.584291674778761 0.7038917997512437 0.6124859048672567 0.6770291766169154 0.6559416061946903 0.6793600858208956 0.7165578141592921 0.6857715733830846 0.7345311194690265 0.7317777997512437 0.6770013340707964 0.728746906716418 0.584291674778761
1 0.5644830485074627 0.7364527367256638 0.5403656144278607 0.7570712632743363 0.5315024092039802 0.8384243008849558 0.5492768830845771 0.9121638871681416 0.601287434079602 0.8582488119469027 0.6041481604477612 0.7651393053097345 0.5644830485074627 0.7364527367256638
1 0.5368839477611941 0.9282699601769911 0.5378495708955224 0.8189583008849557 0.5111407674129353 0.8030343384955753 0.4875997462686567 0.8306045951327433 0.4855377325870647 0.895699139380531 0.4959398320895523 0.9682249446902655 0.5368839477611941 0.9282699601769911
1 0.4712725833333334 1 0.48729995522388064 0.9830951084070797 0.48565017786069653 0.9594636769911504 0.4933183930348259 0.9536338628318584 0.4828808320895523 0.8751802101769912 0.4620648569651741 0.8529661482300885 0.45087457960199 0.8579185331858408 0.4343925286069652 0.8878691061946903 0.42671562810945274 0.9200132477876106 0.43195482587064676 1 0.4712725833333334 1
1 0.9143079626865672 0.19968887831858406 0.8931400174129352 0.19506570575221238 0.8770819527363184 0.22104285619469027 0.8743804390547264 0.2451383075221239 0.9007872114427862 0.2780333407079646 0.8955128047263682 0.2504028716814159 0.9229799950248756 0.20925669469026548 0.9143079626865672 0.19968887831858406
1 0.7914660223880596 0.35296879203539827 0.7775829154228855 0.35570230309734513 0.767110618159204 0.3825059579646018 0.7804635136815921 0.4167930530973451 0.7919614950248756 0.4212054977876106 0.8085461156716417 0.3943765331858407 0.8218706206467662 0.38457896681415926 0.8158397375621891 0.3687463761061947 0.806863013681592 0.35837085398230084 0.7914660223880596 0.35296879203539827
1 0.6836746741293532 0.501042721238938 0.6687485161691542 0.5251887853982301 0.6719455037313433 0.5693300398230088 0.681093684079602 0.6219596924778762 0.7119276753731344 0.5901267300884956 0.721878447761194 0.5740293517699115 0.7198183967661691 0.5379114823008849 0.7002506106965174 0.5005280862831859 0.6836746741293532 0.501042721238938
1 0.6121296169154229 0.6891070199115045 0.6092316504975125 0.6806449269911504 0.5842782052238806 0.638823778761062 0.5753704850746268 0.6335085995575221 0.5661463756218905 0.645142918141593 0.5510063967661691 0.6893600929203539 0.5577254452736318 0.7343787721238938 0.5799947450248756 0.7476667168141593 0.5942968084577115 0.7311053185840708 0.6048629912935324 0.7337376017699115 0.6081799141791044 0.7283718075221239 0.6040424440298507 0.7087647212389381 0.6121296169154229 0.6891070199115045
1 0.5288501840796019 0.6909164845132743 0.5021009701492538 0.7539139314159292 0.5022974228855721 0.7864714778761063 0.5106836169154229 0.8024929336283186 0.5335770111940299 0.8081962123893806 0.5403221131840795 0.7742719092920355 0.5585738781094527 0.7184457234513274 0.5475611741293532 0.6971877522123894 0.5288501840796019 0.6909164845132743
1 0.422082684079602 0.8321694557522125 0.4030016865671642 0.8893370907079646 0.40900275621890547 0.9125045 0.4091992089552239 0.945062046460177 0.4266130597014925 0.9168916349557522 0.43833354726368157 0.8749186460176992 0.46082535199004976 0.841821157079646 0.4424970696517413 0.8155827499999999 0.422082684079602 0.8321694557522125
1 0.3996296268656716 1 0.3996500248756219 0.9999601924778762 0.4134305634328358 0.9941050707964602 0.41302028980099503 0.9816186305309734 0.39811149999999995 0.9531360442477876 0.4024801604477612 0.9000433694690265 0.39419653482587064 0.8871435221238938 0.3665155211442786 0.9483608075221239 0.3663955845771144 0.9978678517699116 0.3672750646766169 1 0.3996296268656716 1
1 0.45838976492537314 0.6879595376106195 0.4470969203980099 0.6897903141592919 0.43206819402985075 0.7108147699115044 0.4223225572139303 0.7331553672566372 0.42407490422885574 0.7599084070796459 0.4155774577114428 0.7670796681415929 0.4231344203980099 0.7844425730088496 0.45130222139303483 0.8177763207964602 0.4722381343283582 0.7904833362831859 0.48354834825870646 0.7360239048672566 0.45838976492537314 0.6879595376106195
1 0.5878436878109453 0.5081295685840708 0.5784144415422886 0.5135206681415929 0.5693954676616915 0.5313982079646018 0.5709426778606965 0.5519080265486725 0.5938730335820895 0.603424017699115 0.6224313781094527 0.5606830884955752 0.6286550907960199 0.5275848119469027 0.606394473880597 0.4879825398230088 0.5942723980099502 0.49115476327433627 0.5878436878109453 0.5081295685840708
1 0.6582170708955225 0.4172991969026549 0.6570714514925373 0.43559014159292037 0.6778787412935323 0.48411852876106193 0.7019264415422884 0.4452165353982301 0.7020376940298507 0.4220238163716814 0.6861971044776118 0.3917610685840708 0.6706555360696517 0.3971774734513274 0.6582170708955225 0.4172991969026549
1 0.7424822450248757 0.2974209845132743 0.7497228196517413 0.3317333871681416 0.7599726131840796 0.3513151681415929 0.7866105733830845 0.311510435840708 0.7687012487562189 0.27144414380530973 0.7588617288557213 0.26434880309734515 0.7512960820895522 0.2733002278761062 0.7424822450248757 0.2974209845132743
1 0.7801053470149254 0.24642065044247785 0.7870382151741294 0.27136822123893806 0.8009126380597015 0.29494903761061947 0.8267213669154229 0.25648575663716816 0.8099489776119403 0.224442842920354 0.7956555995024875 0.21468991592920353 0.7897484141791045 0.2209584424778761 0.7801053470149254 0.24642065044247785
1 0.8194934850746268 0.17898098008849558 0.8173181728855722 0.1829338738938053 0.8168992164179104 0.19676176106194693 0.8436136927860696 0.2390216238938053 0.8692172848258706 0.1943151216814159 0.8665730124378109 0.18926335619469029 0.8194934850746268 0.17898098008849558
1 0.634058118159204 0.4793939092920354 0.6592427549751243 0.44851529424778763 0.6595591442786071 0.43156579646017695 0.6381277599502487 0.39062207743362837 0.6238256952736319 0.4071834756637168 0.6147980373134329 0.45137534070796465 0.634058118159204 0.4793939092920354
1 0.5537513320895522 0.5336930044247787 0.5236173631840796 0.49367732522123897 0.5086912052238806 0.517823389380531 0.5003902114427861 0.5575521991150443 0.5163246828358209 0.6172508871681417 0.5274037077114427 0.6354912190265487 0.5532124365671642 0.597027935840708 0.5626503669154229 0.5653225088495576 0.5612057263681592 0.547934296460177 0.5537513320895522 0.5336930044247787
0 0.8599815174129354 0.8042996415929203 0.8394006069651742 0.7037568185840708 0.7574538345771145 0.8062875442477877 0.7775482549751244 0.9376520398230088 0.8599815174129354 0.8042996415929203
0 0.620981975124378 0.8430956216814159 0.6820287985074627 0.7662269358407079 0.6695917537313433 0.6668467743362831 0.6260708631840796 0.7241103075221239 0.620981975124378 0.8430956216814159
0 0.851139526119403 0.26510202212389383 0.8102813383084577 0.3262816349557522 0.8285646430348259 0.36121108849557526 0.8662554004975124 0.2906821615044248 0.851139526119403 0.26510202212389383
0 0.7664580460199004 0.4616810110619469 0.7586961542288557 0.4236137942477876 0.7236476990049752 0.4532888207964602 0.7281091455223881 0.49265947345132743 0.7664580460199004 0.4616810110619469
0 0.6682287288557214 0.6477833783185841 0.6609616666666667 0.5711416969026548 0.6009278271144279 0.6380770884955752 0.6163790771144279 0.7190790508849557 0.6682287288557214 0.6477833783185841
0 0.48490133706467664 0.8502602079646018 0.496940763681592 0.7932598163716813 0.47178043781094525 0.8081740707964602 0.4654301082089552 0.8566729601769911 0.48490133706467664 0.8502602079646018
0 0.323822723880597 0.9597649336283186 0.31319987562189056 0.9979738384955753 0.31645839303482587 0.9979585884955753 0.3414110223880597 0.9637247477876106 0.35624619029850746 0.9179734225663717 0.323822723880597 0.9597649336283186
0 0.35877160820895526 0.9205379292035398 0.34552563184079604 0.9599424203539824 0.3623817885572139 0.934816110619469 0.3817218009950249 0.8846059159292036 0.35877160820895526 0.9205379292035398
0 0.3858771927860697 0.8683241194690265 0.3780832300995025 0.9036037831858407 0.3999339626865671 0.8825905331858407 0.4129493383084577 0.8340605774336284 0.3858771927860697 0.8683241194690265
0 0.4834031082089552 0.7195223230088496 0.473487592039801 0.7827157057522125 0.5037847611940299 0.7384822013274336 0.5129968283582089 0.6901320508849558 0.4834031082089552 0.7195223230088496
0 0.546136748756219 0.684304046460177 0.5519019888059702 0.6296322654867257 0.5151167661691542 0.6675896460176991 0.5118184589552239 0.7123459137168141 0.546136748756219 0.684304046460177
0 0.580511145522388 0.6191400973451326 0.5830894228855722 0.5881463185840707 0.5492591082089553 0.61474671460177 0.5499914067164179 0.6565662942477877 0.580511145522388 0.6191400973451326
0 0.6642047898009951 0.5180724601769912 0.6632667922885571 0.471273953539823 0.6326560012437811 0.5046026946902655 0.6315746430348259 0.5589126703539823 0.6642047898009951 0.5180724601769912
0 0.7567790684079603 0.3889410862831858 0.7417701380597015 0.34340298451327433 0.7036439116915423 0.39486226548672565 0.7088519390547264 0.447359889380531 0.7567790684079603 0.3889410862831858
0 0.7947812151741294 0.20013678318584072 0.8086379912935323 0.176610092920354 0.7886081343283582 0.17223548230088495 0.7819270124378109 0.18358513938053098 0.7947812151741294 0.20013678318584072
0 0.7543266119402986 0.22704400884955753 0.7676594390547263 0.2474696592920354 0.7962204912935325 0.1991915132743363 0.7817310273631841 0.1832107168141593 0.7543266119402986 0.22704400884955753
0 0.7295036654228856 0.26893040265486723 0.7370092574626865 0.2880617190265487 0.7644559092039801 0.24504444469026548 0.7542414104477612 0.22491423230088495 0.7295036654228856 0.26893040265486723
0 0.7027190348258706 0.3070690907079646 0.703174355721393 0.332422657079646 0.7346542885572139 0.2891050420353982 0.7306991853233831 0.26369009955752215 0.7027190348258706 0.3070690907079646
0 0.6724429054726369 0.3508559800884956 0.6718018072139303 0.37902454867256635 0.7020599092039802 0.33768344026548675 0.6998717400497512 0.31010175663716816 0.6724429054726369 0.3508559800884956
0 0.6460407300995025 0.38664569026548673 0.6473736455223881 0.4019438805309734 0.6730264004975125 0.37151084292035397 0.671227527363184 0.35021528318584066 0.6460407300995025 0.38664569026548673
0 0.589524116915423 0.4706299557522124 0.5861967388059702 0.4981435309734513 0.614749565920398 0.4664769336283186 0.6146201753731344 0.43812307300884956 0.589524116915423 0.4706299557522124
0 0.56394109079602 0.5038858539823009 0.5585997699004975 0.5365628716814159 0.581661303482587 0.4999478849557522 0.5854451504975124 0.4751537743362832 0.56394109079602 0.5038858539823009
0 0.7444642126865672 0.20666250884955753 0.7543085708955225 0.22134764380530975 0.7796606778606965 0.18171871460176992 0.7706410348258705 0.17002951991150442 0.7444642126865672 0.20666250884955753
0 0.7196412661691542 0.248548907079646 0.7250520547263682 0.26521800663716816 0.7549181529850747 0.22312799336283187 0.7449827910447762 0.21153689380530974 0.7196412661691542 0.248548907079646
0 0.6972749950248757 0.2812702942477876 0.699439553482587 0.30250196902654863 0.7254226281094527 0.26531010840707964 0.7188923134328358 0.24544434513274335 0.6972749950248757 0.2812702942477876
0 0.6706559701492537 0.31586882522123894 0.674957407960199 0.3462561814159292 0.7004840460199004 0.3063449181415929 0.6977050982587064 0.2831768761061947 0.6706559701492537 0.31586882522123894
0 0.6452355497512438 0.3481517544247788 0.6457064104477612 0.379052314159292 0.670553553482587 0.34646442035398234 0.66995509079602 0.3225354756637168 0.6452355497512438 0.3481517544247788
0 0.6212314950248756 0.3869831482300885 0.6208807251243781 0.41229697123893805 0.6436118656716417 0.3824406637168142 0.6423823308457712 0.356074453539823 0.6212314950248756 0.3869831482300885
0 0.5917742574626865 0.4277150353982301 0.5919517786069652 0.4549457411504425 0.6167130671641792 0.4197304690265487 0.6170919104477611 0.403211110619469 0.5917742574626865 0.4277150353982301
0 0.5698984054726368 0.46137334734513274 0.5657512114427861 0.4911062278761062 0.5885038097014925 0.4619066814159292 0.5902602997512437 0.436934389380531 0.5698984054726368 0.46137334734513274
0 0.730732434079602 0.18042854646017698 0.7413927562189055 0.19728831415929204 0.7635788221393035 0.1676222986725664 0.7627440746268657 0.1665866592920354 0.7423815074626866 0.16213938495575222 0.730732434079602 0.18042854646017698
0 0.7119656256218905 0.21078763716814158 0.7188521032338309 0.23859350884955755 0.7423513980099502 0.19850398672566372 0.7336406106965173 0.17939905530973452 0.7119656256218905 0.21078763716814158
0 0.6948366019900498 0.23503671902654868 0.6957101927860697 0.2615068075221239 0.7195288009950249 0.23680718362831857 0.712915342039801 0.20877683185840706 0.6948366019900498 0.23503671902654868
0 0.6292090447761194 0.3360116592920354 0.6303226940298507 0.36382630530973453 0.6461391902985074 0.3416978849557522 0.6482744825870647 0.30020624336283186 0.6292090447761194 0.3360116592920354
0 0.6103882562189055 0.364727796460177 0.6073041281094527 0.4017551039823009 0.6249789514925372 0.3690129424778761 0.6253175833333333 0.3456427433628319 0.6103882562189055 0.364727796460177
0 0.5881839315920397 0.40237803982300885 0.5852496567164179 0.42982513053097343 0.6029861654228856 0.40459069911504425 0.603477894278607 0.3802812588495575 0.5881839315920397 0.40237803982300885
0 0.5701280509950248 0.42639622123893806 0.5614497699004976 0.4607187743362832 0.5800132823383084 0.4382960199115044 0.5835366940298508 0.41115696017699116 0.5701280509950248 0.42639622123893806
0 0.49684684203980095 0.5882003650442478 0.47681046517412934 0.6543501902654867 0.5026592263681592 0.6242917057522124 0.5085673619402985 0.5801546769911504 0.49684684203980095 0.5882003650442478
0 0.6943949788557213 0.3944756814159292 0.6937020870646766 0.3683734181415929 0.673820592039801 0.38349721238938056 0.6737264539800994 0.3974812699115044 0.6943949788557213 0.3944756814159292
0 0.6255650024875622 0.492681831858407 0.6247495522388059 0.46607577433628317 0.603137828358209 0.48124272566371684 0.5978986753731343 0.4952507920353982 0.6255650024875622 0.492681831858407
0 0.8067970410447761 0.20195093141592918 0.8190059116915424 0.1788744911504425 0.8055906467661692 0.17594453761061948 0.7995720111940299 0.1863477522123894 0.8067970410447761 0.20195093141592918