1 0.13496533842239186 0.9120613597285068 0.14014101399491094 0.7788917850678734 0.05294519211195929 0.771990314479638 0.029112286259541983 0.8888533642533936 0.029299921119592873 0.8945822149321268 0.13496533842239186 0.9120613597285068
1 0.2766249096692112 0.9354946493212669 0.26265294020356234 0.8435590384615385 0.18723604580152672 0.8440805226244344 0.18750835368956742 0.9207530113122172 0.2766249096692112 0.9354946493212669
1 0.5766965674300254 0.9718548823529413 0.525775237913486 0.8544632398190045 0.42592638676844785 0.8705676900452488 0.433282762086514 0.8935319864253394 0.46410374300254453 0.9665073484162896 0.5155555076335878 0.9750184864253394 0.5766965674300254 0.9718548823529413
1 0.7189312201017811 0.9644952805429864 0.7168432493638677 0.9476876221719457 0.6388013536895675 0.7852636742081448 0.5863136933842239 0.7792997850678733 0.5510064872773537 0.8679819886877828 0.5956999503816794 0.9708715972850679 0.7189312201017811 0.9644952805429864
1 0.7999721908396946 0.9270052398190045 0.7583591793893131 0.8467237194570136 0.6761423625954198 0.842184907239819 0.7329929681933842 0.9637676877828054 0.8181080496183206 0.9593636063348417 0.7999721908396946 0.9270052398190045
1 0.9456611361323156 0.9527636674208144 0.9162730012722646 0.894593257918552 0.8771654033078881 0.8582212760180995 0.8104558498727735 0.8634968076923077 0.800363141221374 0.9069634162895928 0.83949718956743 0.9582568755656108 0.9456611361323156 0.9527636674208144
1 1 0.8748705995475113 0.9720256526717557 0.8385734208144796 0.8918350241730281 0.85408214479638 0.9605947888040712 0.9519909615384615 1 0.9499520294117647 1 0.8748705995475113
1 0.04343199109414759 0.6940271719457014 0.05613830152671755 0.5973588574660634 0.026369150127226463 0.5715931085972851 0.018656433842239185 0.5696163235294118 0.022660229007633585 0.691859814479638 0.04343199109414759 0.6940271719457014
1 0.1382120458015267 0.5931940904977375 0.07997906361323155 0.5763120022624434 0.0681226513994911 0.7005235000000001 0.13204033842239185 0.7072539683257918 0.1382120458015267 0.5931940904977375
1 0.23056178498727736 0.5990275271493213 0.17723973664122136 0.6019869502262444 0.18076132315521626 0.7047173416289593 0.24591585750636133 0.7121173891402715 0.23056178498727736 0.5990275271493213
1 0.27265779262086515 0.7108504954751131 0.3378293804071247 0.7173540226244344 0.31592812213740457 0.6013689321266968 0.27387391094147584 0.5898815995475113 0.25237557633587787 0.6325388416289593 0.27265779262086515 0.7108504954751131
0 0.3686067760814249 0.6647107375565611 0.3354106132315522 0.6675042285067874 0.3707753511450381 0.7406680022624433 0.4344108384223918 0.7395440882352942 0.43262507506361325 0.719701850678733 0.40980664122137406 0.6715260067873303 0.3686067760814249 0.6647107375565611
1 0.5702406743002544 0.6153466312217194 0.5407921513994911 0.6231613393665159 0.518018927480916 0.6834255429864253 0.5586768040712468 0.7511681470588235 0.6260579109414759 0.7414729004524887 0.6113051017811705 0.668353056561086 0.5702406743002544 0.6153466312217194
1 0.5977997951653944 0.6597759411764706 0.6434493625954198 0.7416313891402716 0.6954735458015266 0.7321142737556562 0.6747999109414758 0.6670764095022624 0.6463212506361323 0.619776592760181 0.6145249071246819 0.6217659841628959 0.5977997951653944 0.6597759411764706
1 0.7161171704834606 0.6114556131221719 0.6894906208651399 0.6047839728506788 0.6777183066157761 0.6119049343891402 0.6687019096692112 0.6489538755656108 0.6917746094147582 0.7185159977375566 0.700840296437659 0.7154814728506788 0.7090909681933842 0.7349829705882354 0.7532133422391857 0.7291356515837104 0.7643001043256997 0.6942397986425339 0.7359771539440203 0.628343350678733 0.7161171704834606 0.6114556131221719
1 0.8817465254452926 0.6660589864253394 0.8454344872773537 0.644182669683258 0.8117968664122137 0.6544879321266968 0.808275223918575 0.6811103936651584 0.8150910826972011 0.7049087126696834 0.8414731297709923 0.7183411583710407 0.8560828625954199 0.7388945723981901 0.9018680928753181 0.7464683529411764 0.9098249720101781 0.738716242081448 0.9069060508905853 0.7132954683257918 0.8817465254452926 0.6660589864253394
1 1 0.6606825180995476 0.9882034376590331 0.6587311357466062 0.9818936679389313 0.6916936357466064 0.9896875419847329 0.6884487285067873 0.9919051615776082 0.6978839049773755 1 0.70288907239819 1 0.6606825180995476
1 0.01864297582697201 0.5459554660633484 0.017975867684478373 0.5488373438914027 0.018761898218829516 0.5728363461538462 0.05335719465648855 0.5766358099547512 0.06009155216284987 0.6026877307692308 0.06959695674300254 0.5521171764705882 0.05736784478371502 0.5364917352941176 0.029387982188295164 0.5318633122171946 0.01864297582697201 0.5459554660633484
1 0.19919098854961834 0.5418154095022625 0.18598386005089057 0.5532331945701358 0.17479366921119593 0.5722837488687783 0.1712316679389313 0.5888636221719457 0.17247126463104323 0.606714685520362 0.1880877659033079 0.6011899886877828 0.21352400636132315 0.60539764479638 0.22172538931297708 0.5908847262443438 0.21929547709923664 0.5519423416289593 0.19919098854961834 0.5418154095022625
1 0.3258831806615776 0.5763753031674208 0.32417165012722643 0.6237009502262443 0.33718356488549617 0.6530583891402715 0.35244530916030536 0.6555829819004525 0.39233826335877864 0.6497366923076924 0.3787287748091603 0.6009865950226244 0.3634177404580153 0.5644475859728507 0.3405251234096692 0.5606606945701358 0.3258831806615776 0.5763753031674208
1 0.531884513994911 0.646725334841629 0.5458251539440203 0.6150251289592761 0.5332207468193384 0.5743996809954751 0.501914455470738 0.5556185 0.48911483333333333 0.5557682714932126 0.4835385763358779 0.5684483552036199 0.47895741857506363 0.6243676447963802 0.4799032239185751 0.6335924366515837 0.49500196437659033 0.6406242330316743 0.4994372022900763 0.6594945837104073 0.5045244503816794 0.6603361131221719 0.5126443307888041 0.6480767963800905 0.531884513994911 0.646725334841629
1 0.5394288575063614 0.5769812036199095 0.5385552531806617 0.6037816018099548 0.5773294134860051 0.6283322828054299 0.5971078956743002 0.647473624434389 0.6147009707379135 0.6209117714932126 0.6154344834605597 0.6006293529411765 0.6022595661577608 0.5757791199095023 0.5531479058524172 0.5540525746606334 0.5394288575063614 0.5769812036199095
1 0.6794298358778625 0.5645792873303168 0.6742288765903308 0.6022593755656108 0.7073774898218829 0.6054757285067873 0.7347868435114504 0.6258793665158372 0.7614948956743003 0.6302974049773755 0.7483199783715012 0.6054471719457013 0.7440477442748091 0.5820696176470588 0.704001772264631 0.5573085497737557 0.6794298358778625 0.5645792873303168
1 0.906758179389313 0.6112522194570136 0.9079162786259543 0.649984221719457 0.981975169211196 0.6894400339366515 0.9909100648854963 0.6546446968325792 0.9813875801526717 0.634932814479638 0.9701857760814249 0.6262785633484164 0.9643972251908397 0.6094514343891403 0.9262428664122138 0.6031399479638009 0.906758179389313 0.6112522194570136
1 0.8000074720101782 0.5913264615384615 0.75081431043257 0.5718535203619909 0.7488904872773537 0.5896719570135747 0.774457520356234 0.6256404253393666 0.7731534974554708 0.6616980610859728 0.7779147391857506 0.671554 0.792312179389313 0.6626001990950225 0.8087642340966921 0.6675887805429863 0.8211070572519084 0.6446925995475113 0.8204057544529262 0.6287070022624434 0.8000074720101782 0.5913264615384615
1 0.6632052061068703 0.4825474660633484 0.6455628396946566 0.47509490271493215 0.6238605343511451 0.473772 0.6132785330788804 0.48335694796380085 0.6110779936386769 0.5442042081447964 0.6432485903307888 0.5744637850678733 0.6726632697201018 0.5747953846153846 0.6835219872773537 0.5221816108597285 0.6829836882951654 0.5016888076923077 0.6726461895674299 0.5045129502262443 0.6632052061068703 0.4825474660633484
1 0.4372794681933842 0.4678457330316742 0.4268604669211196 0.4729234773755656 0.4143053498727735 0.46631244570135744 0.40245153435114506 0.4756870113122172 0.39930518956743005 0.527309479638009 0.4182911488549618 0.5463317352941176 0.46067430788804076 0.550958149321267 0.45952007251908394 0.48966144343891405 0.45245970992366413 0.47262392760180993 0.4372794681933842 0.4678457330316742
1 0.292146975826972 0.5186517330316742 0.3017509631043257 0.5361100113122171 0.33863351017811705 0.5422111108597285 0.3368556106870229 0.4852399095022625 0.32836043256997455 0.4724992149321267 0.3092832531806616 0.4693434751131222 0.2935325 0.4803404954751131 0.292146975826972 0.5186517330316742
1 0.17238435496183205 0.469368536199095 0.17321644910941478 0.5171149502262443 0.21272412213740458 0.5213832126696832 0.21362063740458015 0.4965935904977376 0.20585897455470736 0.4635704773755656 0.1882981106870229 0.45386431221719453 0.17804211195928754 0.45443485067873307 0.17238435496183205 0.469368536199095
1 0.11720743129770991 0.47384369004524884 0.1157404058524173 0.5144085294117647 0.1539762659033079 0.5184664117647059 0.15638909796437658 0.4871263619909502 0.15219836641221374 0.4614952081447964 0.13336568956743003 0.4515786606334842 0.12565331679389313 0.452569963800905 0.11720743129770991 0.47384369004524884
1 0.09387509669211196 0.5175928303167421 0.09980956870229007 0.4596303212669683 0.09377651526717558 0.44956399547511317 0.06714996437659032 0.4428923552036199 0.05488864249363868 0.46353493212669683 0.05325861323155216 0.5086069751131221 0.09387509669211196 0.5175928303167421
1 0.3402635381679389 0.49713906561085974 0.3748469669211196 0.49605859502262445 0.3801294287531806 0.4561249049773756 0.3541548893129771 0.43142444570135746 0.3349147061068702 0.43277590723981896 0.3330401743002545 0.48460876018099547 0.3402635381679389 0.49713906561085974
1 0.4768515623409669 0.39957796153846153 0.46702015139949105 0.459162923076923 0.4663681399491094 0.47719174208144793 0.4722381921119593 0.49176526923076924 0.4934514898218829 0.5066097895927602 0.5316873511450382 0.5106676719457014 0.5338556781170484 0.48608842760181 0.5232565941475826 0.42539094343891404 0.49974417811704835 0.403364850678733 0.4768515623409669 0.39957796153846153
0 0.43120925954198475 0.9610659502262444 0.40141867430025446 0.8635361244343892 0.28804667048346055 0.8654940723981901 0.30619305597964375 0.9403858031674208 0.43120925954198475 0.9610659502262444
0 0.48211450127226463 0.6736488868778281 0.42075188295165394 0.6725598303167422 0.4506620038167939 0.7599144705882354 0.5353191882951653 0.7588252737556561 0.48211450127226463 0.6736488868778281
0 0.786700693384224 0.6800206696832579 0.7608033269720101 0.6886816968325792 0.7862407022900764 0.7597282194570135 0.8583038880407124 0.7617680520361991 0.786700693384224 0.6800206696832579
0 0.09533988295165394 0.5787185837104072 0.15706452798982187 0.5955192466063349 0.1586637086513995 0.5513001787330317 0.09801396183206107 0.5446580950226244 0.09533988295165394 0.5787185837104072
0 0.29840408905852417 0.5974815859728507 0.28614944910941476 0.5633273778280543 0.2434719681933842 0.5749026787330317 0.2523189427480916 0.6112762058823529 0.29840408905852417 0.5974815859728507
0 0.48848974809160306 0.6604220882352941 0.468737358778626 0.5840587918552036 0.38903391857506364 0.5916873846153846 0.41412408778625953 0.6567967941176471 0.48848974809160306 0.6604220882352941
0 0.6763080152671755 0.6179820271493213 0.6508988244274809 0.5874182262443438 0.6228806501272265 0.6005666221719457 0.6567276857506361 0.6320422760180996 0.6763080152671755 0.6179820271493213
0 0.8281613791348601 0.5785728981900452 0.8639181933842239 0.5802591108597286 0.8667613040712469 0.5771048393665159 0.8418505229007635 0.5584857398190045 0.7964915776081425 0.5583335950226244 0.8281613791348601 0.5785728981900452
0 0.7606345839694657 0.5578116515837104 0.79805406870229 0.5770514479638009 0.8230287582697201 0.5797056923076923 0.7953441921119593 0.5627295520361991 0.7606345839694657 0.5578116515837104
0 0.7127284541984733 0.5498673733031675 0.7439529592875318 0.5739792601809955 0.7715898982188295 0.5686657398190045 0.7503426908396946 0.5495168619909502 0.7127284541984733 0.5498673733031675
0 0.5666282595419848 0.5380560701357466 0.5944679058524173 0.5657268868778281 0.6389767150127227 0.56979442760181 0.604440131043257 0.5315646561085973 0.5666282595419848 0.5380560701357466
0 0.576760024173028 0.5537361945701358 0.5555420903307888 0.5230418891402715 0.5079574885496183 0.5300314230769231 0.5353876857506361 0.5658390678733032 0.576760024173028 0.5537361945701358
0 0.5206616017811705 0.548575257918552 0.504156510178117 0.5161892782805431 0.4637998893129771 0.5289098393665159 0.47874946437659033 0.5498798642533936 0.5206616017811705 0.548575257918552
0 0.40960530916030535 0.5538739705882353 0.386401203562341 0.5137897171945701 0.3460894185750636 0.5182862352941177 0.3644563854961832 0.554643149321267 0.40960530916030535 0.5538739705882353
0 0.29660023664122137 0.544461891402715 0.2796145763358779 0.4996398642533937 0.22532781679389313 0.4977057941176471 0.2309279872773537 0.5467787171945702 0.29660023664122137 0.544461891402715
0 0.05122535496183206 0.48657288235294116 0.01564058778625954 0.4775368371040724 0.016773067430025445 0.5121135814479638 0.0412255572519084 0.5186932805429865 0.05122535496183206 0.48657288235294116
0 0.015613320610687022 0.41746451131221723 0.0303694631043257 0.42198141628959274 0.0402258320610687 0.40262742307692306 0.01630530152671756 0.3983305113122172 0.015613320610687022 0.41746451131221723
0 0.08091701908396946 0.4093585475113122 0.04079552671755725 0.4017678009049774 0.03388792111959287 0.4260547375565611 0.06967068320610686 0.4299134592760181 0.08091701908396946 0.4093585475113122
0 0.12485497201017812 0.4156728914027149 0.08475062213740459 0.40760810407239817 0.07744017302798982 0.4320659389140271 0.12044895165394402 0.44069778280542987 0.12485497201017812 0.4156728914027149
0 0.1248721145038168 0.4151988891402715 0.11880843638676845 0.4413801606334842 0.163463762086514 0.45019788235294117 0.16669844402035625 0.4217737692307692 0.1248721145038168 0.4151988891402715
0 0.1658995852417303 0.42007788235294113 0.16525860941475828 0.4452486063348416 0.20678720992366414 0.4511643914027149 0.20547928371501273 0.4293820882352941 0.1658995852417303 0.42007788235294113
0 0.2022903651399491 0.42657454751131224 0.20926512086513993 0.44966663800904977 0.2544282048346056 0.4518913597285068 0.24443170356234098 0.43224597963800904 0.2022903651399491 0.42657454751131224
0 0.2481537010178117 0.4317766515837104 0.25755493384223915 0.4547931809954751 0.30084408778625954 0.4567079524886878 0.28873912340966923 0.43599569683257916 0.2481537010178117 0.4317766515837104
0 0.28953459541984733 0.43432961990950225 0.29669794910941477 0.4522067647058824 0.3315062709923664 0.4503340067873303 0.32639569083969466 0.43745202714932124 0.28953459541984733 0.43432961990950225
0 0.3748519223918575 0.44591471945701355 0.3863620547073791 0.4675158891402715 0.42420083460559793 0.4637598665158371 0.4100256933842239 0.44615357013574664 0.3748519223918575 0.44591471945701355
0 0.4154312328244275 0.44561701809954757 0.42888901526717554 0.46072008823529415 0.4639755216284987 0.46604710180995473 0.44593045292620864 0.44648661538461537 0.4154312328244275 0.44561701809954757
0 0.018912265903307888 0.37465617873303164 0.017075545801526718 0.37703243438914025 0.016523676844783716 0.39229221719457014 0.042305505089058525 0.39724838461538464 0.05078243384223919 0.3862508076923077 0.018912265903307888 0.37465617873303164
0 0.0576636641221374 0.3821429185520362 0.04876472519083969 0.39736304072398193 0.08294527480916031 0.405401778280543 0.08835565903307888 0.3909162918552036 0.0576636641221374 0.3821429185520362
0 0.09256821501272265 0.38505530769230767 0.08478491475826971 0.40665991402714935 0.12348215394402036 0.4163996628959276 0.12735097328244274 0.3925940814479638 0.09256821501272265 0.38505530769230767
0 0.1291238244274809 0.3944408235294118 0.12606295801526718 0.4120573823529412 0.16437910432569974 0.4174417669683258 0.16692987531806616 0.3967548076923077 0.1291238244274809 0.3944408235294118
0 0.16847650381679388 0.4009505339366516 0.1645782010178117 0.41938246153846154 0.2078330661577608 0.4222453122171946 0.20571071501272264 0.40436312443438915 0.16847650381679388 0.4009505339366516
0 0.20509013358778624 0.40128405656108596 0.20754819974554706 0.42267510180995477 0.24541466666666667 0.42560061312217196 0.23859586641221373 0.40741657466063347 0.20509013358778624 0.40128405656108596
0 0.23900296310432567 0.40927850678733035 0.246080631043257 0.4295260769230769 0.2846644580152672 0.43495474208144796 0.2759529351145038 0.40776001809954754 0.23900296310432567 0.40927850678733035
0 0.2792959058524173 0.41212845701357465 0.2885838078880407 0.4308338823529412 0.3235740814249364 0.43137593212669684 0.3113172938931298 0.40751411312217195 0.2792959058524173 0.41212845701357465
0 0.3170489631043257 0.41074277828054295 0.3267865356234097 0.43190733484162896 0.3588148944020356 0.43243625791855206 0.348132903307888 0.4136041402714932 0.3170489631043257 0.41074277828054295
0 0.3583889669211196 0.42187351357466063 0.3654903816793893 0.43401735746606335 0.4014829223918575 0.4366328099547511 0.39047509414758275 0.4158355656108597 0.3583889669211196 0.42187351357466063
0 0.3955723295165394 0.42134749547511313 0.40733813867684476 0.43855520361990946 0.4391159580152672 0.4385658484162896 0.42331735114503816 0.42007511990950225 0.3955723295165394 0.42134749547511313
0 0.017412591603053435 0.36771274886877825 0.027151886768447837 0.36946496153846153 0.041861250636132316 0.3499598529411765 0.018269711195928753 0.3440124841628959 0.017412591603053435 0.36771274886877825
0 0.045375695928753186 0.3495873868778281 0.036754978371501275 0.37200740045248865 0.059207933842239185 0.376675314479638 0.06880611323155217 0.35427275113122175 0.045375695928753186 0.3495873868778281
0 0.07550637786259543 0.3579100180995475 0.06841278625954199 0.37533646832579187 0.0952004503816794 0.3792908393665158 0.10026672646310432 0.3594769592760181 0.07550637786259543 0.3579100180995475
0 0.10566080788804072 0.3581289592760181 0.1043710165394402 0.37890007239819 0.1308224020356234 0.38470642533936655 0.1332376717557252 0.36015819457013576 0.10566080788804072 0.3581289592760181
0 0.13927826590330789 0.359397705882353 0.13428541094147584 0.3857562624434389 0.16576122264631044 0.38667062669683255 0.16813094783715013 0.36354382579185524 0.13927826590330789 0.359397705882353
0 0.16517708651399493 0.3655895294117647 0.16542495928753181 0.388522757918552 0.20231685368956745 0.3960561085972851 0.19691406234096692 0.3683051221719457 0.16517708651399493 0.3655895294117647
0 0.19526297328244274 0.3677048190045249 0.20099547455470737 0.3953605769230769 0.23185675699745545 0.39092725113122173 0.2217667175572519 0.3700298371040724 0.19526297328244274 0.3677048190045249
0 0.2890178396946565 0.3741522443438914 0.307885024173028 0.40350382805429863 0.33072569465648854 0.40489752714932126 0.32029348982188294 0.38274850226244345 0.2890178396946565 0.3741522443438914
0 0.3276293549618321 0.3862624095022624 0.33750405089058527 0.4036342013574661 0.3663133498727736 0.4112613755656108 0.34845012468193387 0.38621296606334843 0.3276293549618321 0.3862624095022624
0 0.3608419312977099 0.3912795113122172 0.3712349249363868 0.4092139547511312 0.39702036895674303 0.4110947760180995 0.38321471628498727 0.3931569140271493 0.3608419312977099 0.3912795113122172
0 0.39085923918575066 0.39529110859728506 0.4050515254452926 0.41242328959276014 0.43040439821882953 0.4113710475113122 0.408779641221374 0.39380625113122175 0.39085923918575066 0.39529110859728506
0 0.52540275826972 0.45045479185520365 0.5486389681933842 0.47814449321266966 0.5834643956743003 0.47579761764705886 0.538904703562341 0.4451615610859729 0.52540275826972 0.45045479185520365
0 0.3067342468193384 0.4725571334841629 0.3009199643765903 0.46205694343891407 0.27741163867684476 0.4699179728506787 0.28750821501272267 0.4903612352941176 0.3067342468193384 0.4725571334841629
0 0.41282735750636135 0.4729379298642534 0.4025239898218829 0.4674182149321267 0.37749163740458014 0.4769275610859729 0.3876880318066158 0.4978714751131222 0.41282735750636135 0.4729379298642534
0 0.054595262086513996 0.4702430022624434 0.06177392875318066 0.4415276832579186 0.01922216921119593 0.43088340271493214 0.014841515267175573 0.4531396085972851 0.015073326972010179 0.460217278280543 0.054595262086513996 0.4702430022624434
0 0.07410344020356234 0.44350461085972853 0.11073164503816793 0.4537458484162896 0.11062570992366412 0.4349083642533937 0.0755439058524173 0.42740770361990954 0.07410344020356234 0.44350461085972853