1 0.5972442225433526 1 0.5682208164739884 0.9243687886597938 0.5084496170520231 0.9063572371134021 0.4563257760115607 1 0.5972442225433526 1
1 0.4432150751445087 1 0.4684942485549133 0.9528910824742268 0.37463439595375725 0.9192666108247424 0.3309290404624277 0.9901054329896908 0.324130862716763 1 0.4432150751445087 1
1 0.29441291907514455 1 0.3295049176300578 0.9673420180412372 0.31583740751445083 0.9136169768041237 0.2392442716763006 0.8762421443298969 0.19626590028901733 0.8987927448453608 0.1359703641618497 1 0.29441291907514455 1
1 0.0760534725433526 0.9651412680412371 0.09900726734104047 0.9945805902061855 0.22225603757225432 0.8646671237113401 0.12973772976878611 0.8094116804123712 0.07003191040462428 0.8641221726804124 0.06860348554913295 0.8705987087628866 0.0760534725433526 0.9651412680412371
1 1 0.904468456185567 0.9665235144508671 0.8888920798969072 0.9553749306358382 1 1 1 1 0.904468456185567
1 0.9165155303468208 0.8581809561855671 0.8689525621387283 0.8513080463917526 0.8495434942196531 0.9716582216494846 0.9238026632947977 0.9950380721649484 0.9431951040462427 0.9163681262886598 0.9165155303468208 0.8581809561855671
1 0.8369877138728324 0.9129720386597938 0.8131457514450867 0.833280556701031 0.7663327182080925 0.8215466211340205 0.7425693771676302 0.8650704381443299 0.7375143395953757 0.9375187345360825 0.8048993670520231 0.9601815025773196 0.8369877138728324 0.9129720386597938
1 0.6127017658959537 0.7699107783505156 0.5786228395953757 0.7472314948453608 0.5342159537572254 0.7876005463917526 0.5208978106936416 0.8630266520618556 0.5984748063583815 0.9056971701030928 0.6416982919075145 0.8485347216494845 0.6127017658959537 0.7699107783505156
1 0.5010044219653179 0.855010912371134 0.5492521213872833 0.7843007912371135 0.5282610549132948 0.7335982628865979 0.49177941040462425 0.7163755902061856 0.46149635693641616 0.7562455592783505 0.4410091040462427 0.8197767654639174 0.5010044219653179 0.855010912371134
1 0.46759110549132943 0.738701806701031 0.45546799277456645 0.6927140618556701 0.441649838150289 0.6791448170103093 0.4115061112716763 0.674115543814433 0.38960328612716766 0.6837839639175257 0.3604047341040463 0.7446783453608248 0.36715368786127167 0.7943718530927835 0.4255664378612717 0.8165925592783505 0.43405729479768784 0.7985095335051547 0.44457908959537573 0.8061997036082473 0.46759110549132943 0.738701806701031
1 0.3094439436416185 0.7091670335051546 0.30411664595375726 0.6775147628865978 0.26512273554913296 0.6500558402061856 0.22463687716763006 0.657592737113402 0.19814883670520234 0.6989552164948453 0.19604760693641618 0.7262190773195877 0.2055305014450867 0.7387016675257732 0.25755362283236993 0.7517415386597939 0.27326991329479766 0.7354696056701031 0.3028043598265896 0.7327669175257732 0.3094439436416185 0.7091670335051546
1 0.08222943497109826 0.594107012886598 0.06387292630057803 0.5768737912371135 0.045282371387283235 0.5746468118556701 0.052195079479768786 0.6623711340206185 0.06109212427745665 0.6494427474226805 0.10013289595375721 0.641543631443299 0.1022106936416185 0.6319587912371134 0.11128740173410404 0.6392867422680413 0.10246064884393065 0.599178074742268 0.08222943497109826 0.594107012886598
1 1 0.8396646134020619 0.9996329682080924 0.8392175515463917 0.977120862716763 0.8411540128865979 0.9762381950867052 0.8838817886597937 0.9863303713872832 0.904096337628866 1 0.9075227036082474 1 0.8396646134020619
1 0.8388221575144509 0.7938566417525773 0.8128105968208093 0.7873367061855671 0.7970708742774566 0.8212876597938144 0.8240744725433526 0.8583732113402062 0.8298079580924856 0.8951801211340206 0.8471489985549133 0.8995267448453608 0.860607828034682 0.8725833170103092 0.8563428598265895 0.818459605670103 0.8388221575144509 0.7938566417525773
1 0.6828855939306359 0.8103514046391752 0.6835183063583815 0.8004043453608248 0.6755507904624278 0.7352469175257732 0.6685518815028901 0.7183341262886598 0.6538979205202312 0.712134618556701 0.6189893150289018 0.7185430695876289 0.6065459537572254 0.7583730979381443 0.6240432268786127 0.8006550798969073 0.6461257153179191 0.8112429974226805 0.6560147976878613 0.8288802268041237 0.6617951445086705 0.8303291005154639 0.6659507413294798 0.8111594201030927 0.6828855939306359 0.8103514046391752
1 0.6200282138728324 0.713750649484536 0.5950789841040462 0.6847592757731958 0.5399391647398843 0.6860966649484537 0.526074147398844 0.707885456185567 0.5279019913294798 0.7310813324742268 0.5493283367052023 0.7692953298969072 0.5710280679190751 0.7570495902061855 0.6028199754335261 0.7650184020618557 0.6142010057803468 0.7476598118556702 0.6200282138728324 0.713750649484536
1 0.4227309089595376 0.6188215979381443 0.37811288439306356 0.6278491597938144 0.37436347398843933 0.6521734793814433 0.36049845809248554 0.6739622706185567 0.39084527890173404 0.6815688634020618 0.42121553034682085 0.6714964355670103 0.45899087861271676 0.6834914407216495 0.45120302601156065 0.6385903505154639 0.4227309089595376 0.6188215979381443
1 0.17065311127167632 0.5657426134020619 0.12730051011560695 0.5548760541237113 0.12149673265895954 0.5711061984536082 0.10910023265895953 0.5755781907216495 0.09916428901734105 0.5932989974226803 0.1110843078034682 0.6367094226804124 0.193907299132948 0.627152487113402 0.19334488005780348 0.5840624922680412 0.17065311127167632 0.5657426134020619
1 0.3454383092485549 0.6626081262886597 0.3729418193641619 0.6341322422680412 0.36987198265895954 0.6131514664948454 0.3145290693641618 0.6119115386597938 0.2930090014450867 0.6444136159793815 0.29298556936416187 0.6620926340206185 0.3082253815028902 0.6937031159793815 0.32680841473988437 0.6958346391752577 0.34371983670520234 0.7127056417525773 0.3486878092485549 0.7038452396907217 0.3454383092485549 0.6626081262886597
1 0.5229418034682081 0.5782532499999999 0.5103656416184971 0.5624689046391752 0.485596073699422 0.5537338659793815 0.46577104624277454 0.5538174458762887 0.45603819653179195 0.5741155721649485 0.44407131502890174 0.5660631829896907 0.4444540722543352 0.5888968427835052 0.4594439277456648 0.6532880412371134 0.4930871083815029 0.6667737113402061 0.5284253323699422 0.6478408788659794 0.5229418034682081 0.5782532499999999
1 0.7357523049132948 0.6543330489690722 0.7235823309248555 0.6437033402061856 0.7064443843930636 0.6419340360824742 0.6991955187861272 0.6578019613402062 0.7046556184971098 0.7450686108247422 0.7465631329479768 0.7555729510309278 0.769934475433526 0.7285877319587629 0.7638182341040463 0.6689471623711339 0.749796985549133 0.6528005979381444 0.7357523049132948 0.6543330489690722
1 0.848445637283237 0.7002651211340207 0.8393454985549134 0.7106161907216495 0.8400875809248555 0.7739625231958763 0.8819950953757225 0.784466863402062 0.8921341329479768 0.7693233762886599 0.8886815404624278 0.7255089432989691 0.8701219378612717 0.7056984020618556 0.848445637283237 0.7002651211340207
1 1 0.7463230979381442 0.9881894291907515 0.7479247113402062 0.9809171343930636 0.7814716546391752 0.9831511647398844 0.8098221701030928 1 0.8149913402061856 1 0.7463230979381442
1 0.7963990852601156 0.7049042706185568 0.836025706647399 0.722416131443299 0.8436807586705203 0.7117028453608248 0.8390096040462428 0.6524244948453608 0.8169271156069364 0.6418365773195877 0.7884081387283237 0.6574258608247423 0.7963990852601156 0.7049042706185568
1 0.689126774566474 0.619908394329897 0.6749727239884393 0.5481474536082473 0.6489611632947977 0.5416275180412371 0.6231292658959537 0.5553639201030928 0.6139588352601156 0.618752043814433 0.6176379523121387 0.6474647783505154 0.6611936473988439 0.6609086572164949 0.684744651734104 0.6541797757731959 0.6907515231213872 0.6405269510309278 0.689126774566474 0.619908394329897
0 0.6130897658959538 0.910658780927835 0.7100164291907515 0.9517736185567011 0.739985401734104 0.867452162371134 0.6698209710982659 0.8397670077319587 0.6130897658959538 0.910658780927835
0 0.25612685115606937 0.7764644329896907 0.3384896488439306 0.8081201984536083 0.36413523121387287 0.7400641288659794 0.3340786632947977 0.7181045747422681 0.25612685115606937 0.7764644329896907
0 0.9422236560693642 0.892440224226804 0.9505745924855492 0.8556300515463918 0.901174436416185 0.8224810103092783 0.8888159335260115 0.8551853041237113 0.9422236560693642 0.892440224226804
0 0.7435316531791908 0.8545709793814432 0.7646022283236994 0.7998281340206186 0.7224563656069364 0.7831923634020619 0.6958768150289018 0.8380360412371134 0.7435316531791908 0.8545709793814432
0 0.48046906069364165 0.7252909896907217 0.5176663742774567 0.7057780051546392 0.4849642601156069 0.6777636984536082 0.4573779682080925 0.7002250257731959 0.48046906069364165 0.7252909896907217
0 0.2597308092485549 0.553849 0.2202340260115607 0.5599996649484535 0.266442612716763 0.5908600824742268 0.3175979523121387 0.5733884072164949 0.2597308092485549 0.553849
0 0.3154137413294798 0.5783489819587629 0.2752267789017341 0.5912259072164949 0.3113228670520231 0.6048635876288659 0.3548924176300578 0.5891625051546392 0.3154137413294798 0.5783489819587629
0 0.36932306358381506 0.5882090979381444 0.3459430289017341 0.5997713118556701 0.3778270578034682 0.6187791829896907 0.4123822774566474 0.6063266030927835 0.36932306358381506 0.5882090979381444
0 0.5354050679190752 0.6367286494845361 0.49774786849710984 0.6635259613402062 0.5484812543352602 0.6799145695876289 0.5789897196531792 0.6618576443298969 0.5354050679190752 0.6367286494845361
0 0.6160924682080925 0.7078776520618556 0.6457358439306358 0.6804608170103092 0.5909439393063584 0.650166043814433 0.5681600809248555 0.6747491829896908 0.6160924682080925 0.7078776520618556
0 0.6801260419075145 0.7165840489690721 0.696210911849711 0.7000028788659793 0.6494107109826589 0.6666570927835052 0.6321022210982659 0.6953666211340207 0.6801260419075145 0.7165840489690721
0 0.8111442413294798 0.7758016056701031 0.8303897543352602 0.743495662371134 0.7840416661849711 0.7194362474226803 0.7594426502890174 0.753662324742268 0.8111442413294798 0.7758016056701031
0 0.9635580765895954 0.8298557835051545 0.9675747630057804 0.7772086237113401 0.9055484523121388 0.753809381443299 0.8882961300578035 0.7963029896907216 0.9635580765895954 0.8298557835051545
0 1 0.7119622628865979 0.9869577109826589 0.7095868092783505 0.9865226242774567 0.7335106005154639 1 0.7371920824742269 1 0.7119622628865979
0 0.9425238627167629 0.6944601546391752 0.932042260115607 0.7118827010309279 0.9836141459537572 0.7306557113402062 0.9904699739884393 0.7079263350515463 0.9425238627167629 0.6944601546391752
0 0.8920054407514452 0.6778083711340206 0.8791631083815028 0.6954394278350515 0.9286057528901734 0.713678693298969 0.9382418930635837 0.6921777216494845 0.8920054407514452 0.6778083711340206
0 0.8489858439306358 0.661706518041237 0.8437655997109827 0.6738114768041237 0.8836881820809248 0.6923218969072166 0.8910139797687862 0.6755565644329897 0.8489858439306358 0.661706518041237
0 0.7537117528901734 0.6321059536082475 0.738349137283237 0.6452624175257732 0.7818312687861272 0.6673223840206186 0.793949608381503 0.6484096108247422 0.7537117528901734 0.6321059536082475
0 0.7126420158959538 0.6155639948453608 0.692946264450867 0.6290986726804123 0.7328362861271676 0.6396288659793814 0.7475000216763005 0.6289545515463918 0.7126420158959538 0.6155639948453608
0 1 0.6859800721649484 0.9854735621387284 0.6812912860824742 0.9839164479768786 0.700437456185567 1 0.7060275902061857 1 0.6859800721649484
0 0.9479917543352602 0.6692368917525773 0.9410751864161849 0.6865103144329896 0.9842633684971097 0.7010558788659794 0.986033632947977 0.6781147912371134 0.9479917543352602 0.6692368917525773
0 0.9052606387283237 0.652022368556701 0.8966173641618497 0.6785554768041236 0.9405044320809248 0.6906189768041238 0.9476166546242775 0.6711427422680413 0.9052606387283237 0.652022368556701
0 0.8647810693641619 0.635082780927835 0.8519185 0.6561906108247423 0.8919316026011561 0.6720662293814433 0.9016481632947977 0.6553687680412371 0.8647810693641619 0.635082780927835
0 0.822949612716763 0.6245975051546392 0.8116439653179192 0.6407808453608247 0.8482683728323699 0.6552756881443299 0.8583796459537572 0.636019631443299 0.822949612716763 0.6245975051546392
0 0.7746060130057804 0.6071611597938145 0.7630232817919075 0.6254048994845361 0.8040822326589595 0.6394168427835052 0.8116165708092486 0.6290814922680412 0.7746060130057804 0.6071611597938145
0 0.7372310968208092 0.5964632474226804 0.7200538468208093 0.6098511907216495 0.7564168208092485 0.6248118865979381 0.7690418554913295 0.6109692731958764 0.7372310968208092 0.5964632474226804
0 1 0.6468566726804124 0.9937822904624278 0.6448128711340206 0.9889523208092486 0.6735316391752578 1 0.6758798994845361 1 0.6468566726804124
0 0.9654273453757226 0.6350461726804124 0.9548997239884394 0.653835193298969 0.9904304841040462 0.6733706417525773 0.9956423800578034 0.6449145077319588 0.9654273453757226 0.6350461726804124
0 0.8533025953757226 0.6029524355670103 0.8424444306358382 0.6229903092783505 0.8685131849710983 0.6321819510309279 0.8886725086705202 0.6080039329896908 0.8533025953757226 0.6029524355670103
0 0.8212516820809248 0.5935890128865979 0.8020314725433525 0.6133920927835051 0.8346263612716763 0.6183732989690722 0.845079387283237 0.6034547963917526 0.8212516820809248 0.5935890128865979
0 0.7818088323699421 0.5850321443298969 0.7668851806358381 0.5987362422680412 0.7962999118497109 0.6087665695876289 0.8073186083815029 0.5934583891752577 0.7818088323699421 0.5850321443298969
0 0.7525864234104046 0.5737183195876289 0.7286971589595376 0.5833180103092784 0.7577598410404625 0.5964489278350515 0.7731651820809249 0.5838346804123712 0.7525864234104046 0.5737183195876289
0 0.6061866069364162 0.570264706185567 0.5566898352601156 0.583784337628866 0.596655098265896 0.6028369587628867 0.6218949104046243 0.5825897654639175 0.6061866069364162 0.570264706185567
0 0.8960635260115607 0.7396368067010309 0.9066207615606937 0.721362512886598 0.8793369696531792 0.7014298737113401 0.8731953959537573 0.7105199329896907 0.8960635260115607 0.7396368067010309
0 0.7817933540462427 0.7008963711340206 0.7924404104046243 0.6821050721649484 0.7633323352601156 0.6595973608247423 0.7518111560693642 0.660961280927835 0.7817933540462427 0.7008963711340206