1 0.11769936102236422 0.7302571051136364 0.12419389297124601 0.5814357443181818 0.03412000638977636 0.5365816136363637 0.010929538338658147 0.656052534090909 0.11769936102236422 0.7302571051136364
1 0.47431056709265174 0.9564029034090908 0.43542935782747605 0.7531996875 0.31251223162939296 0.7123161789772727 0.3158289169329073 0.7443165539772728 0.34173283865814696 0.8859594090909091 0.4467826453674122 0.9589685738636363 0.47431056709265174 0.9564029034090908
1 0.5866806900958467 0.7382994914772727 0.5254957699680511 0.6994883920454545 0.4623101198083067 0.7846419659090909 0.4948844952076677 0.9544853607954544 0.6324603817891374 0.9416629488636363 0.5866806900958467 0.7382994914772727
1 0.617690533546326 0.8291406903409091 0.641798177316294 0.9407926448863637 0.7269205319488818 0.93285903125 0.7146721693290734 0.8841693977272727 0.617690533546326 0.8291406903409091
1 0.1440296948881789 0.26857122727272725 0.07972904313099041 0.2399676335227273 0.059516166134185304 0.3653989545454545 0.13546761501597446 0.41357261931818184 0.1440296948881789 0.26857122727272725
1 0.16766386900958466 0.42817865625 0.24384870607028755 0.47528651420454543 0.2452899696485623 0.3228616960227273 0.19786165814696485 0.28371267045454546 0.16208336741214058 0.3219497528409091 0.16766386900958466 0.42817865625
0 0.29306726996805116 0.430658875 0.2528102555910543 0.41399300852272725 0.2776030782747604 0.5231383892045455 0.3537684089456869 0.56016465625 0.3563538769968051 0.5352710539772727 0.34058687859424924 0.46368479829545456 0.29306726996805116 0.430658875
1 0.5452876293929713 0.4930020653409091 0.5083071821086261 0.4846231846590909 0.4668241677316294 0.5432251448863636 0.4992184345047923 0.6490555028409091 0.5818880862619807 0.6780523664772727 0.5816687316293929 0.5813897102272727 0.5452876293929713 0.4930020653409091
1 0.5675991948881789 0.5629502102272728 0.6025932603833866 0.6887304943181818 0.6669043290734824 0.708680190340909 0.6577025670926517 0.6181478181818182 0.6349764185303514 0.5441996647727273 0.5965800607028754 0.5274127926136364 0.5675991948881789 0.5629502102272728
1 0.7201996405750798 0.5763023153409091 0.6900275367412141 0.5522372130681817 0.6742944201277956 0.55368525 0.654736143769968 0.5927178863636363 0.6657241230031948 0.6901274971590909 0.6772579249201278 0.6919521960227273 0.6824641469648562 0.7203354659090909 0.7364786086261981 0.7399248607954546 0.7579945511182109 0.7047251079545455 0.739873463258786 0.6085492642045455 0.7201996405750798 0.5763023153409091
1 0.9047702060702876 0.7417255170454545 0.86665946485623 0.6935693693181818 0.8240908067092652 0.6856536818181819 0.813563912140575 0.7154849886363637 0.8160377188498402 0.7481604829545454 0.8443115495207668 0.7801931590909091 0.8568522635782747 0.8136738693181819 0.9096605974440894 0.8503754346590909 0.9209930191693292 0.8458689346590909 0.923552662939297 0.8135960454545454 0.9047702060702876 0.7417255170454545
1 0.12020966773162939 0.18098121306818182 0.10174413897763579 0.1867214715909091 0.08387034664536741 0.2028396846590909 0.07568185782747604 0.2205925028409091 0.07291816293929712 0.2427667272727273 0.09285691214057508 0.2455529289772727 0.12219487539936102 0.2659426875 0.13542557188498403 0.2534686193181818 0.14178176517571886 0.20526058806818182 0.12020966773162939 0.18098121306818182
1 0.2631029392971246 0.29886514772727274 0.24981501916932905 0.35463813920454546 0.2583578019169329 0.3977227897727273 0.2759605798722045 0.40995664772727275 0.3249303530351437 0.4269967272727273 0.32028335623003196 0.36027463920454544 0.31070505271565496 0.30718344318181817 0.2843008833865815 0.2888326590909091 0.2631029392971246 0.29886514772727274
1 0.49208321405750793 0.5075353892045454 0.5162435686900958 0.47789241477272726 0.5108645766773163 0.4215284829545455 0.4779886693290735 0.3801061420454545 0.46268692971246006 0.37256711931818187 0.4530227875399361 0.38442430965909086 0.4342700383386582 0.4487817556818182 0.43320590415335464 0.4604246732954545 0.44954316613418527 0.4779702386363636 0.45034869488817886 0.5032950454545454 0.45621628753993604 0.5073729971590909 0.46881422364217257 0.4975547840909091 0.49208321405750793 0.5075353892045454
1 0.5176555287539937 0.4283708835227273 0.5102446725239617 0.46001266477272723 0.5506564520766773 0.5128636448863637 0.569697515974441 0.5477664517045455 0.5969930479233226 0.5264936534090908 0.6026878706070288 0.5025909403409091 0.592879571884984 0.46481800852272726 0.539467091054313 0.4091228352272727 0.5176555287539937 0.4283708835227273
1 0.6875823418530351 0.4979122528409091 0.6724247587859425 0.5400033579545455 0.7111968706070287 0.5638541875 0.7390393226837061 0.6048739176136363 0.7698441853035144 0.6262831647727273 0.7600358849840255 0.5885102301136363 0.760495873801917 0.5578737102272727 0.7186171964856229 0.5040032414772727 0.6875823418530351 0.4979122528409091
1 0.9398029936102237 0.7382125653409091 0.9638906214057508 0.7662864857954546 0.9801278386581469 0.6981344943181819 0.9727933482428114 0.6930370568181817 0.9476260846645368 0.6910240227272727 0.9398029936102237 0.7382125653409091
1 0.82503939456869 0.6027311761363636 0.7709941549520767 0.5496918636363636 0.7644651932907348 0.5699192301136363 0.7864114408945687 0.6285104744318182 0.7762873115015975 0.671004184659091 0.7796238706070288 0.6857055653409091 0.7989235431309905 0.6836406448863636 0.8173604600638977 0.6995498465909091 0.8375228833865814 0.6795108125 0.8404852923322683 0.6599003267045455 0.82503939456869 0.6027311761363636
1 0.6877254025559105 0.38966494318181816 0.6684543434504793 0.37008039772727275 0.6428843162939297 0.35540496022727275 0.627985340255591 0.3605283409090909 0.6109008706070288 0.4322364772727273 0.6420798849840256 0.4879575880681818 0.6770840591054313 0.5060940994318183 0.7025385415335463 0.44948994886363636 0.7067664664536741 0.42456774999999997 0.6937657651757189 0.4217235596590909 0.6877254025559105 0.38966494318181816
1 0.4217568418530352 0.23577414772727276 0.4081233817891374 0.2355858125 0.39471991533546325 0.22007922159090906 0.3783540415335463 0.22418311363636365 0.36233370607028753 0.2842483352272727 0.38045782428115016 0.31853027272727275 0.42990891693290734 0.34964248579545454 0.4430989440894568 0.2753717840909091 0.4387268626198083 0.25066385795454543 0.4217568418530352 0.23577414772727276
1 0.2365832252396166 0.2092347755681818 0.2438891038338658 0.23598167613636364 0.2864291533546326 0.26554682670454544 0.297847410543131 0.1960919431818182 0.2907429137380192 0.17567624147727273 0.2687394424920128 0.16038392045454544 0.24734011341853035 0.16408520738636365 0.2365832252396166 0.2092347755681818
1 0.10545375399361022 0.07785728125000001 0.09509963099041534 0.1356692528409091 0.14120623162939297 0.16461751988636364 0.14816657028753993 0.13540309375 0.1467568961661342 0.0910846846590909 0.12811859744408946 0.06884428125 0.1157506517571885 0.06334423295454546 0.10545375399361022 0.07785728125000001
1 0.08324889936102237 0.056233761363636364 0.06716474121405751 0.03762584943181818 0.04951078913738019 0.11172425568181818 0.07183064057507987 0.12568864488636364 0.08215615335463258 0.08952613636363636 0.08324889936102237 0.056233761363636364
1 0.2990843162939297 0.21242969034090908 0.34058884025559105 0.23198829261363638 0.3563791805111821 0.18724133522727274 0.33126914217252396 0.141929375 0.3080001533546326 0.13194876988636364 0.29344671565495206 0.19303347727272727 0.2990843162939297 0.21242969034090908
1 0.48517790575079867 0.17769602272727272 0.4592920479233227 0.24328722727272725 0.4542299840255591 0.26453408522727273 0.4577679249201278 0.28556666477272724 0.47954140415335467 0.31617724431818184 0.524181107028754 0.3441060255681818 0.5326083466453674 0.31591108522727274 0.5343910750798723 0.2366639289772727 0.5115820734824281 0.19604680397727273 0.48517790575079867 0.17769602272727272
1 0.30154641373801916 0.8580300170454546 0.28775735303514377 0.6486238522727272 0.14992006230031948 0.5793413380681819 0.15475988817891373 0.7560140113636364 0.30154641373801916 0.8580300170454546
0 0.44094777635782745 0.5058607784090909 0.36801919968051117 0.46754892329545455 0.3829339361022364 0.5904382499999999 0.4841636581469649 0.6401833011363637 0.44094777635782745 0.5058607784090909
0 0.7880908658146965 0.7011664943181818 0.7551447747603833 0.6959449744318182 0.7686003530351437 0.7965623323863636 0.8540655830670926 0.8424683721590909 0.7880908658146965 0.7011664943181818
0 0.029203479233226838 0.1969595284090909 0.05720300958466453 0.22003778977272725 0.06961867571884985 0.16792588352272728 0.040489894568690094 0.14958738920454545 0.029203479233226838 0.1969595284090909
0 0.22531279872204474 0.30762785227272726 0.21881313418530352 0.25924230113636365 0.16516079392971247 0.24739956250000003 0.16706872204472845 0.2963939857954545 0.22531279872204474 0.30762785227272726
0 0.41589374281150165 0.4783248806818182 0.39929864057507986 0.3914279034090909 0.3347842188498402 0.35532726704545453 0.3492365910543131 0.4486089090909091 0.41589374281150165 0.4783248806818182
0 0.6711681884984027 0.5601291278409092 0.6481258178913738 0.5081203125 0.6115838434504792 0.5070060482954545 0.6444733610223642 0.5651977982954546 0.6711681884984027 0.5601291278409092
0 0.8616494297124602 0.6044012130681818 0.9038959760383387 0.6279882897727272 0.9080365511182109 0.6259167414772727 0.882750071884984 0.5885457556818182 0.8286864760383387 0.5610094772727273 0.8616494297124602 0.6044012130681818
0 0.7860437651757188 0.53875946875 0.8261019105431311 0.5844188352272727 0.8552585383386582 0.6026656903409091 0.8262733210862621 0.5655940255681818 0.7860437651757188 0.53875946875
0 0.7307938769968051 0.5003341875 0.7623054345047923 0.5481056647727273 0.7965308130990415 0.5583942556818182 0.775739785942492 0.522596690340909 0.7307938769968051 0.5003341875
0 0.5593465958466454 0.3980514857954546 0.585975269968051 0.4480535227272728 0.6380944440894568 0.47977679545454543 0.6059875638977635 0.4130622272727273 0.5593465958466454 0.3980514857954546
0 0.5677045223642173 0.42298234090909087 0.5496920926517572 0.3733444147727273 0.4912767843450479 0.35303813636363635 0.5154834536741214 0.4125599204545454 0.5677045223642173 0.42298234090909087
0 0.5020222204472844 0.3829575625 0.490032822683706 0.3341311875 0.4388764169329073 0.3250627073863636 0.4517234568690096 0.35924842329545453 0.5020222204472844 0.3829575625
0 0.36830584345047923 0.3223452556818182 0.35015594888178914 0.26023878409090906 0.30100739776357827 0.24132599715909092 0.31427379712460063 0.29604149715909095 0.36830584345047923 0.3223452556818182
0 0.23576105750798723 0.24290032954545457 0.22615381789137382 0.17885711647727273 0.1618654520766773 0.14379807954545454 0.15688299201277955 0.20607764488636365 0.23576105750798723 0.24290032954545457
0 0.07612910223642173 0 0.06955213738019168 0.02760530397727273 0.0993698945686901 0.04946712784090909 0.10998267891373803 0.01730024431818182 0.08473698083067092 0 0.07612910223642173 0
0 0.10943289297124602 0.014782911931818183 0.10268677156549522 0.044608875 0.15081221725239619 0.07675338920454546 0.15442864536741213 0.04981927272727273 0.10943289297124602 0.014782911931818183
0 0.15129240415335463 0.04452629829545454 0.1541235591054313 0.07644993181818181 0.20746101916932908 0.10635581534090909 0.20020673482428114 0.07674702556818182 0.15129240415335463 0.04452629829545454
0 0.2047575047923323 0.07842823579545455 0.21050068210862619 0.11172445454545454 0.2616767571884984 0.14012823579545455 0.2521612364217252 0.10796736079545455 0.2047575047923323 0.07842823579545455
0 0.25350592971246005 0.10644727272727272 0.2578013178913738 0.1322251221590909 0.29976235623003195 0.15096836079545456 0.29672825399361025 0.13242414772727273 0.25350592971246005 0.10644727272727272
0 0.35251105431309904 0.17180342045454544 0.36110587380191694 0.20467254829545453 0.4071288897763578 0.2229828153409091 0.39440615654952077 0.19330161647727273 0.35251105431309904 0.17180342045454544
0 0.40098086741214056 0.19591739488636364 0.4134428785942492 0.22216135795454547 0.45402473642172525 0.24971426988636364 0.43715072683706074 0.21535369602272728 0.40098086741214056 0.19591739488636364
0 0.09216915335463259 0 0.10824586102236422 0.010701852272727273 0.1119024073482428 0 0.09216915335463259 0
0 0.11402793610223642 0 0.1080221341853035 0.013151338068181818 0.15893200958466455 0.042672426136363635 0.16065023801916933 0.01992849431818182 0.12792542651757188 0 0.11402793610223642 0
0 0.160641785942492 0.0158584375 0.15849011341853034 0.043016514204545456 0.20295833706070288 0.06936334375 0.1991468290734824 0.04342491193181818 0.160641785942492 0.0158584375
0 0.19918989936102235 0.04590529545454546 0.20281977795527156 0.07447669886363636 0.24754874760383389 0.10426067613636364 0.24362110223642172 0.06636528693181819 0.19918989936102235 0.04590529545454546
0 0.24657014856230033 0.07362471022727272 0.2532026565495208 0.10167795454545456 0.2948068482428115 0.12342942045454545 0.28585871725239614 0.0873965596590909 0.24657014856230033 0.07362471022727272
0 0.29192762939297123 0.09472841477272728 0.29851207028753995 0.1260045340909091 0.3365866932907348 0.1459540681818182 0.3283215591054313 0.11690805113636364 0.29192762939297123 0.09472841477272728
0 0.33858884345047924 0.13301871590909092 0.3441728306709265 0.15187750852272727 0.3864797012779553 0.17672210795454546 0.3782929376996805 0.1451208465909091 0.33858884345047924 0.13301871590909092
0 0.3830625559105431 0.15481071875 0.39300639456869013 0.18256054545454548 0.43090536581469646 0.2017368977272727 0.41645649840255594 0.17001508806818183 0.3830625559105431 0.15481071875
0 0.15712034345047923 0 0.15716574121405752 0.006279184659090909 0.19502763258785943 0.019568710227272728 0.19058982268370608 0 0.15712034345047923 0
0 0.26719028115015975 0.03390454261363637 0.28271805111821086 0.08051317613636363 0.3096289856230032 0.09596007670454544 0.30245000958466456 0.06308340056818182 0.26719028115015975 0.03390454261363637
0 0.3103644632587859 0.07172503977272728 0.3180137715654952 0.09853138352272728 0.3505621709265176 0.12505972159090908 0.33520921086261984 0.08422163352272727 0.3103644632587859 0.07172503977272728
0 0.34878492971246006 0.09777589204545455 0.35691870287539934 0.12557014488636364 0.3872261182108626 0.14337758522727273 0.3750228674121406 0.11352122443181818 0.34878492971246006 0.09777589204545455
0 0.38363333865814697 0.12069292613636363 0.3964891916932907 0.14981538068181818 0.4269776980830671 0.16384139204545456 0.4053599233226837 0.12971752556818184 0.38363333865814697 0.12069292613636363
0 0.5309945798722044 0.26804238920454543 0.5521282348242811 0.315291 0.5942223450479233 0.33347547159090907 0.548356287539936 0.2698312414772727 0.5309945798722044 0.26804238920454543
0 0.26493553514377 0.16270411079545455 0.26049610862619804 0.1465944034090909 0.2305895447284345 0.14185335227272727 0.23777357987220446 0.17248019886363639 0.26493553514377 0.16270411079545455
0 0.39138261501597443 0.2271405113636364 0.38040547444089456 0.2143017443181818 0.34828949041533547 0.21062011363636363 0.35547360063897765 0.24190808806818181 0.39138261501597443 0.2271405113636364