1 0.5442131661341852 1 0.5050692444089456 0.9606037585227273 0.46527767412140575 1 0.5442131661341852 1
1 0.42508945047923324 1 0.47255672364217255 0.9530815170454545 0.4563425862619808 0.8178611022727273 0.39473820607028753 0.7765337670454545 0.2613522699680511 0.8930381136363637 0.2587234392971246 0.8996701505681819 0.4225659600638978 1 0.42508945047923324 1
1 0.1719834249201278 0.792670315340909 0.13109283226837062 0.8215148664772727 0.2448062428115016 0.8911478806818182 0.3365754888178914 0.8081800142045453 0.2413853146964856 0.737878653409091 0.1719834249201278 0.792670315340909
1 0 0.74123946875 0.09744395686900958 0.8009097954545455 0.17699082587859424 0.7690850937500001 0.17728614217252398 0.7094371448863637 0.10248808626198085 0.6420141420454546 0.04789881629392971 0.64822284375 0 0.6873866420454545 0 0.74123946875
1 0 0.6652287130681818 0.08685048881789137 0.6237353181818182 0 0.5326597357954546 0 0.6652287130681818
1 0.9301807667731629 1 0.9381642428115016 0.9587663409090909 0.9119446613418529 0.9359018920454545 0.885459071884984 1 0.9301807667731629 1
1 0.8499425894568691 1 0.877896752396166 0.9546892982954546 0.8649377923322683 0.8854969744318182 0.8137533083067093 0.8601594545454546 0.7571610942492013 0.9744430681818183 0.7943774520766773 1 0.8499425894568691 1
0 0.7734912747603834 0.9188964772727272 0.7363158881789137 0.8851502812500001 0.6873791773162939 0.855183625 0.6481923977635783 0.8900420340909091 0.6407518290734824 0.9113954517045454 0.713166750798722 0.9711820454545456 0.7734912747603834 0.9188964772727272
1 0.5508546741214058 0.6787530653409091 0.5193284488817891 0.6426321875 0.45797608785942495 0.6663196647727273 0.4212182284345048 0.7374976931818182 0.49558093929712466 0.8106597727272727 0.5604789968051118 0.7695213011363635 0.5508546741214058 0.6787530653409091
1 0.4013006533546326 0.7216977642045455 0.47574372843450485 0.6687919176136364 0.46697475878594247 0.6093720255681818 0.43118021565495207 0.5778441846590909 0.38576349520766773 0.6064853693181819 0.3444389121405751 0.6628558806818181 0.4013006533546326 0.7216977642045455
1 0.39766396485623007 0.5910880198863636 0.39744276198083067 0.5398665113636364 0.38592759744408944 0.5207948920454546 0.3536839345047923 0.5040553721590909 0.3263927076677316 0.5053738181818181 0.2760930575079872 0.5557092272727272 0.2792661533546326 0.606338346590909 0.32809663418530355 0.6536652585227273 0.3428323849840256 0.6386482784090909 0.35236657507987224 0.6504967159090909 0.39766396485623007 0.5910880198863636
1 0.2294125958466454 0.5000786392045454 0.2326331821086262 0.46599003977272724 0.19699755431309904 0.42313294034090904 0.14954781150159743 0.41511226704545456 0.10794133706070287 0.4467304971590909 0.09768769009584664 0.4735073011363636 0.1046709249201278 0.4898037698863636 0.15905407827476037 0.5231055852272727 0.18134304472843452 0.5127138607954546 0.21514717571884984 0.52139375 0.2294125958466454 0.5000786392045454
1 0.9296813785942493 0.9589426022727273 0.9372345958466454 0.9635678522727272 0.9504985766773163 0.8950610454545455 0.9376331980830671 0.8916904517045455 0.9242586134185302 0.9345865056818181 0.9296813785942493 0.9589426022727273
1 0.7967228817891373 0.7903779545454545 0.7695313035143769 0.7737270482954546 0.7420906006389777 0.8019995142045455 0.7132712587859426 0.8459868806818182 0.7572687619808307 0.8894255539772726 0.7753964792332269 0.90052615625 0.7982554265175719 0.8784632130681818 0.8091787044728435 0.8220458409090909 0.7967228817891373 0.7903779545454545
1 0.6175980559105431 0.7468012698863636 0.6211893242811501 0.73698015625 0.6311719424920128 0.6679665170454545 0.6282503067092652 0.6481470681818182 0.6136640303514377 0.6362100227272728 0.5727770159744409 0.6292030113636363 0.5473172859424921 0.6646986619318181 0.554621375399361 0.7142472897727272 0.5762407108626197 0.733496127840909 0.5821836325878594 0.7551656789772726 0.5882262044728435 0.7588658806818182 0.5984300271565495 0.74107375 0.6175980559105431 0.7468012698863636
1 0.5555420830670926 0.5873092784090909 0.4935060638977636 0.5673515625 0.4716874281150159 0.5840414204545454 0.4670060223642173 0.6082202954545455 0.4798823530351438 0.6551709886363637 0.5076937364217252 0.6511660028409091 0.5586849233226837 0.6583502357954546 0.5649800335463259 0.6264891079545455 0.5555420830670926 0.5873092784090909
1 0.3822646022364217 0.45244047443181823 0.3297627715654952 0.4443311931818182 0.31851863738019165 0.46749640625000005 0.2967000015974441 0.4841862670454546 0.3284235079872205 0.5036123267045455 0.365298749201278 0.5051576448863636 0.4040553146964856 0.5318954971590909 0.40836603993610227 0.4834491420454545 0.3822646022364217 0.45244047443181823
1 0.11582142651757188 0.30130281534090914 0.07050213258785942 0.2735513068181818 0.059307824281150154 0.28773184375 0.044151568690095844 0.28746601420454543 0.02790517412140575 0.3015579431818182 0.02864653354632588 0.35009290909090907 0.12401635303514377 0.3724323863636364 0.13588029392971246 0.32861128125 0.11582142651757188 0.30130281534090914
1 0.2831540399361022 0.4668761392045455 0.32215973003194887 0.44869061647727276 0.32481033706070284 0.4262732329545455 0.26329447444089454 0.4036289744318182 0.22981119808306708 0.4282012414772727 0.22465946166134185 0.44608198011363637 0.2325335319488818 0.48395938920454545 0.2526920495207668 0.4932985056818182 0.2667083434504792 0.5169067670454545 0.27483154153354633 0.5098608011363637 0.2831540399361022 0.4668761392045455
1 0.5060656102236422 0.45011907670454543 0.4965812460063898 0.42928596590909085 0.4714204680511182 0.4108735681818182 0.44923115175718853 0.4032959460227273 0.43246460223642175 0.4200744119318182 0.4214197683706071 0.4073009261363636 0.4152277220447284 0.43055475 0.4133184744408946 0.5015070994318181 0.4470229552715655 0.5281563409090909 0.49202139456869015 0.5226556988636364 0.5060656102236422 0.45011907670454543
1 0.7219381038338658 0.6093553096590909 0.7114134265175719 0.5938952840909091 0.6927655511182109 0.5854812215909091 0.6800606006389777 0.5987367073863636 0.6620603338658148 0.6687109801136364 0.7117536038338658 0.7023017500000001 0.7386269057507987 0.6977064005681819 0.7490798546325879 0.6349908948863636 0.7380848466453674 0.6132327329545455 0.7219381038338658 0.6093553096590909
1 0.8346165319488819 0.6993899857954545 0.8214412492012779 0.7063473380681818 0.8039054169329074 0.7707357244318181 0.8477140670926517 0.7975621875000001 0.8634403051118211 0.7861567982954546 0.8722829600638977 0.7404855965909092 0.8572761789137381 0.7132657414772727 0.8346165319488819 0.6993899857954545
1 0.775081643769968 0.6839689090909091 0.8143085383386581 0.7170048948863637 0.825973178913738 0.7091224886363636 0.8379367683706069 0.6473320340909091 0.8163174361022365 0.6280831960227272 0.7799125239616613 0.6328360113636363 0.775081643769968 0.6839689090909091
1 0.679789571884984 0.556499875 0.684769928115016 0.4784129517045455 0.6575783514376997 0.46176204545454547 0.6247148817891374 0.4656784176136364 0.5960843913738019 0.5262779943181818 0.5918733178913738 0.556755 0.6366724536741214 0.5871930539772727 0.6649541693290735 0.5894862045454545 0.6756283226837061 0.5779922073863637 0.679789571884984 0.556499875
0 0.5104825031948882 0.8213290909090909 0.6069298594249201 0.9003954147727273 0.6648828961661342 0.8266513835227273 0.5944631086261981 0.7715182215909091 0.5104825031948882 0.8213290909090909
0 0.1502911821086262 0.5475718039772727 0.23319801118210862 0.6114374772727272 0.28160164856230036 0.5524818039772726 0.25436389776357826 0.5186438380681818 0.1502911821086262 0.5475718039772727
0 0.8837478674121406 0.9301006647727273 0.9037565974440894 0.8960791818181818 0.8581361086261982 0.8434421988636364 0.834837161341853 0.8717599573863637 0.8837478674121406 0.9301006647727273
0 0.6864537220447284 0.8341464034090909 0.7328448626198083 0.7817519829545454 0.6697135958466454 0.7346121846590908 0.6240963130990416 0.77983696875 0.6864537220447284 0.8341464034090909
0 0.41595007028753994 0.5824945284090909 0.46319523801916934 0.5771253352272727 0.43475507987220446 0.5361379488636364 0.3974005862619808 0.5482052130681818 0.41595007028753994 0.5824945284090909
0 0.22441470127795526 0.3271149602272727 0.19088039776357826 0.3257978977272727 0.19327102236421725 0.33206625852272725 0.2345917539936102 0.36297440625 0.2762909888178914 0.3686257272727273 0.22441470127795526 0.3271149602272727
0 0.27640587380191695 0.37477458522727275 0.24014888498402556 0.3690042982954545 0.26941155750798723 0.38888132670454545 0.31740935782747604 0.4009751903409091 0.27640587380191695 0.37477458522727275
0 0.33142797124600637 0.40082133522727276 0.3019361198083067 0.4034852244318182 0.3320727923322684 0.4350426136363636 0.374317036741214 0.4357968551136364 0.33142797124600637 0.40082133522727276
0 0.5030466677316294 0.5141085909090909 0.4531754440894569 0.5266712159090909 0.5051457555910543 0.56286321875 0.5444904057507988 0.5563822642045454 0.5030466677316294 0.5141085909090909
0 0.5726303801916932 0.6172908295454546 0.6137214760383386 0.6010040198863636 0.5612453051118211 0.5491714715909091 0.5286449424920128 0.5652419431818182 0.5726303801916932 0.6172908295454546
0 0.641698015974441 0.6508494346590908 0.6644887204472844 0.6402872386363637 0.6218321134185304 0.5884560227272727 0.5941570798722045 0.6108182642045454 0.641698015974441 0.6508494346590908
0 0.7710125415335463 0.7614103892045455 0.8018959185303515 0.7361574999999999 0.75705246485623 0.6938981136363637 0.7196269904153354 0.7190249460227273 0.7710125415335463 0.7614103892045455
0 0.9257451277955271 0.875015627840909 0.9454995047923324 0.8232931960227272 0.8829358418530352 0.7756423551136364 0.8513272923322683 0.8119747215909091 0.9257451277955271 0.875015627840909
0 0.977916714057508 0.7534497926136364 0.9414823258785943 0.7298762102272728 0.9247123354632587 0.7434554318181817 0.9728965766773163 0.7793781789772727 0.977916714057508 0.7534497926136364
0 0.8898286517571885 0.6935009715909092 0.8703588338658148 0.7063787897727273 0.920349501597444 0.7439446534090909 0.9373566581469648 0.7259116221590909 0.8898286517571885 0.6935009715909092
0 0.8463994968051118 0.6605804545454546 0.8370535830670927 0.670812153409091 0.8763218690095846 0.7049729857954545 0.8893730127795528 0.6908391278409091 0.8463994968051118 0.6605804545454546
0 0.7484615335463259 0.5938043806818182 0.727471231629393 0.6011801875 0.7696901277955273 0.6403086221590909 0.7887220958466453 0.6258539943181818 0.7484615335463259 0.5938043806818182
0 0.7073399856230032 0.5611921107954546 0.6813954313099041 0.5672759232954546 0.7229409584664537 0.5933488039772727 0.7424302587859425 0.5882146306818181 0.7073399856230032 0.5611921107954546
0 0.9837081900958466 0.7235375454545454 0.9549084041533545 0.7064655142045454 0.9421674888178913 0.7212716874999999 0.9790561533546326 0.7475647244318182 0.9837081900958466 0.7235375454545454
0 0.9121243706070288 0.6725305539772727 0.8947683434504793 0.6960394517045455 0.9403381709265176 0.7252087443181818 0.9539364824281149 0.7082491136363637 0.9121243706070288 0.6725305539772727
0 0.8717779313099041 0.6397440085227273 0.8512774952076678 0.6561322272727272 0.8914108722044728 0.6876618323863636 0.9071152971246007 0.6745206619318181 0.8717779313099041 0.6397440085227273
0 0.8280487891373803 0.6129662329545454 0.8107167635782747 0.6249729886363636 0.8474617795527156 0.6537956534090908 0.8643492987220448 0.6382179346590909 0.8280487891373803 0.6129662329545454
0 0.779054107028754 0.5766376335227273 0.7608149376996806 0.5906222585227273 0.8026579313099041 0.6206701818181819 0.814078036741214 0.6131235625 0.779054107028754 0.5766376335227273
0 0.7403691853035144 0.5513670994318182 0.7172829440894568 0.5582758039772727 0.753600607028754 0.5874688352272727 0.771729124600639 0.5783406477272727 0.7403691853035144 0.5513670994318182
0 0.9914409584664536 0.6835987670454545 0.9843146645367412 0.6786058607954545 0.967097054313099 0.6935500596590909 0.9859281980830671 0.7120714801136363 0.9914409584664536 0.6835987670454545
0 0.8682598897763579 0.6027942613636363 0.8503106517571886 0.6188744517045455 0.8767915862619808 0.6382510227272727 0.9063401709265176 0.6215761448863636 0.8682598897763579 0.6027942613636363
0 0.8351404920127796 0.5809318125 0.8079102619808307 0.5935425511363636 0.8429083450479233 0.61118078125 0.8589204057507986 0.6001244147727273 0.8351404920127796 0.5809318125
0 0.7935228083067093 0.5570286107954545 0.7728645127795527 0.5651282357954546 0.802843214057508 0.5866466818181818 0.8196006900958466 0.5754146193181818 0.7935228083067093 0.5570286107954545
0 0.7641312444089456 0.5342856931818182 0.7346390335463259 0.53476684375 0.7633252012779552 0.5592867869318181 0.784206071884984 0.5524761761363636 0.7641312444089456 0.5342856931818182
0 0.6014523178913738 0.4742086704545454 0.5421935255591054 0.46875942329545456 0.5813523354632588 0.5034854204545455 0.6154414536741214 0.49275179545454545 0.6014523178913738 0.4742086704545454
0 0.8764403003194887 0.7576349659090909 0.8935417875399362 0.7432230795454546 0.8688164536741214 0.7125078494318182 0.8593145463258787 0.7193326193181818 0.8764403003194887 0.7576349659090909
0 0.759913892971246 0.6742682414772727 0.777265694888179 0.6593678977272727 0.7512473178913738 0.6253418238636363 0.7379707987220447 0.6222691732954545 0.759913892971246 0.6742682414772727