1 1 0.8957343065326633 0.9177353813559322 0.8909014472361809 0.9092037514124295 0.9974123291457286 1 0.9869210527638191 1 0.8957343065326633
1 0.7101548559322034 1 0.7327505437853107 0.9366486633165828 0.73906122740113 0.9115467914572863 0.6271847740112995 0.8879144497487437 0.5858774420903955 1 0.7101548559322034 1
1 0.5639550240112994 1 0.6003211045197739 0.9014915829145729 0.5541226610169492 0.8008964849246231 0.4964666596045198 0.8045117035175879 0.42302317937853107 0.9805611030150755 0.4220093149717514 1 0.5639550240112994 1
1 0.4054160070621469 1 0.45966252542372876 0.8656343216080402 0.3689658064971752 0.8659587487437186 0.3292987838983051 0.9528004547738693 0.30565034463276836 1 0.4054160070621469 1
1 0.2774655649717514 1 0.3272626327683616 0.9305020351758794 0.31260748163841806 0.8816105628140704 0.2383008827683616 0.8719169246231157 0.19789640960451976 0.9100981507537689 0.15806804802259886 1 0.2774655649717514 1
1 0.13473376553672317 1 0.22172235734463278 0.8664741532663317 0.1316661511299435 0.8446325904522612 0.07622953813559322 0.9211098894472363 0.0707712697740113 0.9537237437185929 0.07576002683615819 1 0.13473376553672317 1
1 0.925758593220339 0.7457683643216081 0.9973289957627118 0.7412841432160804 0.9930119209039548 0.6273041356783919 0.9337180084745763 0.6209534170854272 0.925758593220339 0.7457683643216081
1 0.8850157923728814 0.6083012587939699 0.8393572485875707 0.6186546582914573 0.8243780451977402 0.7463116859296482 0.8960390480225989 0.7428248994974875 0.9122385790960452 0.6569479798994975 0.8850157923728814 0.6083012587939699
1 0.8106382005649717 0.692044891959799 0.785489436440678 0.6208167939698492 0.7404034081920904 0.6260263693467336 0.7189842994350283 0.6782624999999999 0.7163021186440678 0.7527063919597989 0.781372413841808 0.7509928190954774 0.8106382005649717 0.692044891959799
1 0.5920507881355932 0.6299661608040201 0.5588097838983052 0.6195895753768844 0.5175686016949153 0.6761472110552763 0.5070779081920904 0.756571027638191 0.5824818248587571 0.7712156206030152 0.6220939731638419 0.6982557638190955 0.5920507881355932 0.6299661608040201
1 0.48782856920903955 0.7557486809045226 0.5318404081920903 0.6673893492462312 0.5102759731638419 0.6241820150753769 0.4749005918079096 0.6201453216080401 0.4471423898305085 0.6710827989949749 0.4294475649717514 0.7421837713567839 0.48782856920903955 0.7557486809045226
1 0.4524466440677966 0.6512901733668341 0.439496918079096 0.6095935653266331 0.4258888079096045 0.6010029095477387 0.39693206214689264 0.6068895477386934 0.3762868615819209 0.6245196055276382 0.35018866666666665 0.6961356984924623 0.3652592104519774 0.7355580728643216 0.4145949661016949 0.7445904296482412 0.42217312288135594 0.7233887135678392 0.432456615819209 0.7272820025125628 0.4524466440677966 0.6512901733668341
1 0.3004335056497175 0.6790179447236181 0.294403552259887 0.6492255728643216 0.25632366101694914 0.6358402889447237 0.21785591666666665 0.6580704597989949 0.1937687782485876 0.7091281005025125 0.1925693220338983 0.737215052763819 0.20200210734463278 0.7462881557788945 0.2521060141242938 0.7404987763819095 0.26664304661016947 0.7184929824120604 0.2947881920903955 0.7050778442211056 0.3004335056497175 0.6790179447236181
1 0.06182387994350282 0.6354474070351759 0.037132638418079095 0.6416880954773869 0.04604736723163842 0.7243821030150754 0.05319948163841808 0.7253705251256282 0.06131870621468926 0.709187811557789 0.09839467514124295 0.6871184572864322 0.10009609039548023 0.6767588266331658 0.10898781073446327 0.6808129296482412 0.09936270338983051 0.643813688442211 0.07987785169491525 0.6460651155778895 0.06182387994350282 0.6354474070351759
1 0.9638865282485876 0.5591647185929648 0.9424297259887005 0.5692662763819095 0.9428534731638418 0.612410228643216 0.9530978615819209 0.6290118366834171 0.9809333644067796 0.6257955125628141 0.9798512302259887 0.6157575125628141 0.9890525889830508 0.6096128015075377 0.9794274830508475 0.5726135603015076 0.9638865282485876 0.5591647185929648
1 0.8088584152542372 0.5719963040201005 0.7838064618644068 0.5748909924623116 0.7697713884180791 0.614624108040201 0.7966779717514124 0.6420042361809045 0.8032489929378531 0.676815608040201 0.8199502966101695 0.6748858165829146 0.8320134180790961 0.6430028341708542 0.8263322104519774 0.5903033291457286 0.8088584152542372 0.5719963040201005
1 0.6603231073446327 0.6450558944723618 0.66063275 0.6348570778894472 0.6510858559322035 0.572441203517588 0.6438955536723164 0.5580274673366834 0.6297072669491526 0.5571261281407035 0.5965360903954803 0.5762035301507538 0.5858256355932203 0.620634012562814 0.6038013926553673 0.6566683542713567 0.6252190875706215 0.6592751155778895 0.6351929406779662 0.6733672185929649 0.6407600423728814 0.6727239547738693 0.6441628742937853 0.652004688442211 0.6603231073446327 0.6450558944723618
1 0.5973867980225989 0.571023716080402 0.5726835903954802 0.5510112688442211 0.5200275607344632 0.5723400979899498 0.5074233700564972 0.5992040753768845 0.5098581737288135 0.6217895778894472 0.5314681892655367 0.6523224748743719 0.5518428573446328 0.6321829145728644 0.5824619110169492 0.6286449597989949 0.5928236186440679 0.6071216155778895 0.5973867980225989 0.571023716080402
1 0.4060193135593221 0.5474020628140703 0.3636467768361582 0.5726241809045226 0.36078501412429376 0.5983624472361809 0.34818082344632767 0.6252264271356783 0.3774081031073446 0.6218492914572864 0.40613342231638416 0.6007448341708542 0.4425901101694915 0.5990731155778894 0.43381571186440676 0.5568940603015076 0.4060193135593221 0.5474020628140703
1 0.16354079096045196 0.585582879396985 0.12178753389830507 0.5904073618090453 0.11672239265536723 0.6087779447236181 0.10500801836158191 0.6177537889447235 0.09603808615819208 0.6391163216080402 0.1087172768361582 0.6783034296482412 0.18758560875706215 0.6387012763819095 0.18577008615819207 0.5957181407035176 0.16354079096045196 0.585582879396985
1 0.33345147033898304 0.6193060879396985 0.3588912782485876 0.5807959472361809 0.35533523446327686 0.5608807587939699 0.3024086694915254 0.5797000904522613 0.2828064971751412 0.6200764648241206 0.2833084562146893 0.637803783919598 0.29881030367231637 0.6639609422110553 0.3166328474576271 0.6593608341708542 0.3332950437853107 0.6701393567839196 0.33778000988700563 0.659458092964824 0.33345147033898304 0.6193060879396985
1 0.5005850282485875 0.47041548241206027 0.48809815819209035 0.45915451256281403 0.46416744632768364 0.45937888442211056 0.4452236610169491 0.46664930904522617 0.4365242627118644 0.4905213417085427 0.4248489929378531 0.4867888693467337 0.42589202118644065 0.509535188442211 0.4421272570621469 0.5686374798994974 0.47467915254237286 0.5699577110552764 0.5078894378531074 0.5381719924623115 0.5005850282485875 0.47041548241206027
1 0.706219011299435 0.46952183919597984 0.6942732076271186 0.4632798668341709 0.6778424392655367 0.46771915829145727 0.6713855240112995 0.48625055527638195 0.6791918940677966 0.5717343819095477 0.7195533742937853 0.5670707160804019 0.7410883912429378 0.5315525226130653 0.7334743403954803 0.4739948341708543 0.7195956949152542 0.462894675879397 0.706219011299435 0.46952183919597984
1 0.815279436440678 0.47470550000000006 0.8068896779661017 0.4883787135678392 0.8094776949152541 0.5515986708542714 0.8498391765536724 0.5469350025125628 0.8590796412429379 0.5280819723618091 0.8544805692090396 0.4854204673366834 0.8361560635593221 0.47229325879396983 0.815279436440678 0.47470550000000006
1 0.9502425240112994 0.47181465829145725 0.9442875677966102 0.5080733743718593 0.9472634392655367 0.5356778768844221 0.9906790056497176 0.53320208040201 0.9877813474576271 0.4801809422110553 0.980320511299435 0.46325770351758794 0.9689157754237289 0.4620347311557789 0.9502425240112994 0.47181465829145725
1 0.7656774901129944 0.49822219849246235 0.8040670211864407 0.5014086658291458 0.8110650042372881 0.4878962663316583 0.8048427288135593 0.4301777613065326 0.7834250338983051 0.42757100000000003 0.7566325579096045 0.4535336407035176 0.7656774901129944 0.49822219849246235
1 0.6606391765536723 0.4519216331658292 0.644984115819209 0.3851300251256281 0.6199321624293785 0.38802471356783924 0.5956527019774011 0.41115622110552763 0.5887688262711864 0.4780113894472362 0.5931364717514125 0.5054550753768844 0.635160261299435 0.5031400929648241 0.6574677725988701 0.4878587185929648 0.6628034449152542 0.471997635678392 0.6606391765536723 0.4519216331658292
0 0.8761282754237287 1 0.8923602485875707 0.9006519522613066 0.7648245056497176 0.9124867889447236 0.7436618079096046 1 0.8761282754237287 1
0 0.5965961214689266 0.7708904170854272 0.690445872881356 0.776961487437186 0.7165855014124294 0.6815862864321608 0.6487100423728814 0.6792737135678392 0.5965961214689266 0.7708904170854272
0 0.25147575847457626 0.7657945477386935 0.33112664971751415 0.7676647135678392 0.3536169491525424 0.6901587713567839 0.32424135451977404 0.6790454120603014 0.25147575847457626 0.7657945477386935
0 0.9106005 0.6333183542713569 0.9174894957627119 0.5933980502512562 0.8692958587570621 0.5780821432160804 0.858455156779661 0.6153400879396984 0.9106005 0.6333183542713569
0 0.719592511299435 0.6673905703517587 0.7381054618644067 0.6048862889447236 0.6973343432203389 0.6034911256281407 0.6735595974576272 0.6680934949748744 0.719592511299435 0.6673905703517587
0 0.464356011299435 0.6331808467336684 0.49932577401129946 0.6001397386934674 0.46724231497175145 0.5839170150753769 0.4415450056497175 0.6164290653266331 0.464356011299435 0.6331808467336684
0 0.2534381836158192 0.5407961206030151 0.22733742937853108 0.5600605603015075 0.23073864689265539 0.5637296859296482 0.2702064632768362 0.56390841959799 0.3036636129943503 0.5432312261306532 0.2534381836158192 0.5407961206030151
0 0.305286040960452 0.5481830929648241 0.2759817429378531 0.5654621733668341 0.30343031214689264 0.563945932160804 0.3433355127118644 0.5447097713567839 0.305286040960452 0.5481830929648241
0 0.35407086440677965 0.5360812160804019 0.3320701016949153 0.5561448291457286 0.36310460875706213 0.5636373994974875 0.3957587966101695 0.5386303618090452 0.35407086440677965 0.5360812160804019
0 0.5142302048022599 0.5245045577889448 0.47903699435028246 0.5650131055276382 0.5280076553672317 0.5630475351758794 0.5566282443502825 0.5338905025125628 0.5142302048022599 0.5245045577889448
0 0.5934513163841808 0.566564216080402 0.6209675494350282 0.5283397989949749 0.567705813559322 0.5178391180904522 0.5466609985875706 0.5507368592964824 0.5934513163841808 0.566564216080402
0 0.6549047711864406 0.5520777638190955 0.6697848742937853 0.5296284271356784 0.6240701101694915 0.5131728391959799 0.6083803502824859 0.5482214095477387 0.6549047711864406 0.5520777638190955
0 0.7818718418079096 0.5639339824120603 0.7993060974576272 0.5245787160804021 0.7542988361581922 0.5172665150753769 0.7318053262711864 0.5604869070351759 0.7818718418079096 0.5639339824120603
0 0.9291330225988701 0.5628591809045226 0.9314101709039548 0.5086374120603016 0.871439220338983 0.507670296482412 0.8562119661016949 0.5565136256281407 0.9291330225988701 0.5628591809045226
0 1 0.4265648442211055 0.9902716963276835 0.4276070301507538 0.9961279420903956 0.4593854095477387 1 0.45881064321608045 1 0.4265648442211055
0 0.9479283149717513 0.43383693969849246 0.9482220833333334 0.4579723190954774 0.9937441539548023 0.45378136683417086 0.9910208234463277 0.4257679572864322 0.9479283149717513 0.43383693969849246
0 0.9050153855932204 0.4347836934673367 0.8955151355932204 0.4560450954773869 0.9453578516949153 0.4561653391959799 0.951235645480226 0.4308995175879397 0.9050153855932204 0.4347836934673367
0 0.8562423516949154 0.436407567839196 0.8444921991525424 0.45873372361809045 0.8922842231638417 0.45909087688442207 0.90085552259887 0.4340483542713568 0.8562423516949154 0.436407567839196
0 0.8146520649717514 0.43586425376884425 0.8100222401129944 0.4498888266331659 0.8487242302259886 0.4539688140703517 0.855228052259887 0.4345100979899498 0.8146520649717514 0.43586425376884425
0 0.7227231426553673 0.4407343165829146 0.7084317033898305 0.45948941959798995 0.7506407401129944 0.4658365929648241 0.7616609788135594 0.44248828391959794 0.7227231426553673 0.4407343165829146
0 0.6829832302259887 0.43904307286432165 0.6645619435028248 0.45974802261306535 0.7029961257062146 0.4558416180904522 0.7166932810734463 0.4398275979899498 0.6829832302259887 0.43904307286432165
0 1 0.3996704045226131 0.9880141002824859 0.39978580402010044 0.9924939788135594 0.4229252788944724 1 0.4222489949748744 1 0.3996704045226131
0 0.9456707175141242 0.4060157185929648 0.9447504915254237 0.4257694572864322 0.99242870480226 0.42507087688442213 0.986636738700565 0.40436044974874374 0.9456707175141242 0.4060157185929648
0 0.9094927966101695 0.4075215025125628 0.9033951355932203 0.4273411030150754 0.9451003771186441 0.4262635150753769 0.94611175 0.40262904271356786 0.9094927966101695 0.4075215025125628
0 0.8681451991525424 0.40575843467336686 0.8606720084745763 0.43548451256281406 0.9029715395480226 0.43166591959798994 0.9091908502824859 0.4095676180904523 0.8681451991525424 0.40575843467336686
0 0.8289575014124294 0.4034547311557789 0.8172911285310734 0.429272824120603 0.8560014788135593 0.4306792638190955 0.8647921031073447 0.41042190954773866 0.8289575014124294 0.4034547311557789
0 0.78866927259887 0.408109932160804 0.77834475 0.42842806030150754 0.8137756596045198 0.42967902763819094 0.8228676144067797 0.4067142361809045 0.78866927259887 0.408109932160804
0 0.7419513926553672 0.4081590979899497 0.7314231779661018 0.4306427060301507 0.7710777429378531 0.429802148241206 0.7779715734463276 0.41671229396984927 0.7419513926553672 0.4081590979899497
0 0.7059158573446328 0.41098567085427135 0.6898970847457627 0.43063058542713567 0.7250919661016948 0.4324432261306533 0.7367468163841808 0.41399281909547736 0.7059158573446328 0.41098567085427135
0 1 0.3613128216080402 0.9840272881355933 0.3628036959798995 0.9885018121468927 0.38864459547738694 1 0.38890598492462314 1 0.3613128216080402
0 0.9525292175141242 0.36644321859296486 0.9487651299435029 0.3969775351758794 0.9890223968926554 0.3907225 0.9874624943502824 0.3652470326633166 0.9525292175141242 0.36644321859296486
0 0.9251414548022598 0.36693332160804015 0.9156377556497175 0.38958095728643216 0.9501729957627119 0.39628033165829146 0.9543098728813559 0.36587079145728646 0.9251414548022598 0.36693332160804015
0 0.8170348474576272 0.3754130376884422 0.8072522980225989 0.39943216080402005 0.8324381511299436 0.3991944597989949 0.8509867824858758 0.36765416080402014 0.8170348474576272 0.3754130376884422
0 0.7861269053672316 0.37764713316582915 0.7683460014124294 0.40446221105527635 0.7996438305084745 0.39763883919597987 0.8091910409604519 0.3788974773869347 0.7861269053672316 0.37764713316582915
0 0.7481786016949153 0.3833692035175879 0.7343229124293785 0.40251404522613066 0.7627313050847458 0.40190398994974874 0.772807552259887 0.3825670125628141 0.7481786016949153 0.3833692035175879
0 0.7199159392655368 0.3826231557788945 0.6973703107344633 0.40090442462311554 0.7255342203389831 0.40352955778894467 0.7398825720338983 0.38530240452261305 0.7199159392655368 0.3826231557788945
0 0.5799029929378531 0.43223234673366834 0.533001197740113 0.4637252135678392 0.5717600593220339 0.4683331507537688 0.5952805692090395 0.43889082412060304 0.5799029929378531 0.43223234673366834
0 0.8619543686440678 0.49690413819095475 0.8715016355932202 0.47476165577889445 0.8448360282485876 0.46467463065326636 0.8392362923728814 0.4760115025125628 0.8619543686440678 0.49690413819095475
0 0.7516002980225989 0.4994999170854272 0.7612180720338984 0.47680670351758797 0.732732668079096 0.46480011809045224 0.7217626285310734 0.47034358793969855 0.7516002980225989 0.4994999170854272