1 0.9816819987437185 0.6395037466367712 0.8963857148241205 0.6632083520179373 0.9147856859296483 0.8433610224215248 0.9918248354271357 0.8151304058295964 0.993139277638191 0.680730697309417 0.9816819987437185 0.6395037466367712
1 0.8615256281407035 0.8628779103139014 0.8540819510050252 0.73633266367713 0.779910351758794 0.7504648273542601 0.7670929711055277 0.8974822914798206 0.8615256281407035 0.8628779103139014
1 0.4609307650753769 0.9902245179372197 0.4781103957286432 0.9898677421524664 0.553323256281407 0.9758171502242152 0.569562256281407 0.9698664506726457 0.6152317851758794 0.8326427600896862 0.6210567072864321 0.8086759641255605 0.5219122638190955 0.8122582197309417 0.4609307650753769 0.9902245179372197
1 0.4429683894472362 0.9905975515695068 0.49793652638190955 0.8304254865470853 0.45779431281407035 0.7502437847533632 0.40656093969849244 0.7662887892376681 0.33979136934673365 0.9408539753363229 0.3366471130653266 0.9928055784753363 0.4429683894472362 0.9905975515695068
1 0.37333951130653265 0.8294049573991031 0.2927931620603015 0.8498239304932735 0.25680321105527637 0.9366966390134529 0.23061208165829145 0.9950076591928251 0.3124393479899497 0.9933083116591929 0.37333951130653265 0.8294049573991031
1 0.20739516834170854 0.9954898161434977 0.2551910527638191 0.917102437219731 0.24260636557788945 0.876401735426009 0.1767033944723618 0.8841772914798206 0.1404863793969849 0.9274683565022421 0.1122561444723618 0.9974656143497758 0.20739516834170854 0.9954898161434977
1 0.09741136557788944 0.9977739035874439 0.16202863819095478 0.8829633811659193 0.08224598492462312 0.8833132062780269 0.0323429283919598 0.9643679820627802 0.0320457324120603 0.9661353430493274 0.03531734296482412 0.9990634394618834 0.09741136557788944 0.9977739035874439
1 0.9862578090452261 0.5611393587443947 0.9943328756281407 0.5586872511210762 0.995516345477387 0.43767930493273544 0.9678444711055276 0.4687311636771301 0.9862578090452261 0.5611393587443947
1 0.8961912512562814 0.5941438049327354 0.9586141118090452 0.5751270313901345 0.9393488907035176 0.455521466367713 0.8831363831658291 0.4833977600896861 0.8961912512562814 0.5941438049327354
1 0.7883114309045226 0.6182111031390134 0.8519091721105527 0.5982970044843049 0.8490775138190954 0.49678813677130046 0.7964772135678392 0.504237340807175 0.7883114309045226 0.6182111031390134
1 0.7533383027638191 0.5036711165919282 0.7127000640703518 0.5231112197309417 0.6982753479899497 0.6411978049327354 0.7619447763819096 0.6221602869955157 0.7770858693467336 0.5413627937219732 0.7533383027638191 0.5036711165919282
1 0.6865507638190955 0.5954616165919282 0.6648435791457287 0.5370092443946188 0.6247589924623116 0.5516980426008968 0.6052784145728644 0.6034111188340807 0.6022419698492463 0.6709306748878924 0.6600429095477386 0.6549498587443946 0.6865507638190955 0.5954616165919282
1 0.4929793567839196 0.5881621255605382 0.46355081407035176 0.5862104843049327 0.4264291909547739 0.6462074461883408 0.4164057952261307 0.7208357556053812 0.48323971356783924 0.7172675448430493 0.5190588819095477 0.6428866636771301 0.4929793567839196 0.5881621255605382
1 0.3993185904522613 0.7243682668161434 0.4391803140703518 0.6351670291479821 0.4204098391959799 0.6011096143497758 0.38903011557788947 0.6053311322869955 0.363931506281407 0.6572834977578476 0.3475924283919598 0.7251293901345292 0.3993185904522613 0.7243682668161434
1 0.3688159861809045 0.6383130067264573 0.3576825502512563 0.6037019529147982 0.34567335552763817 0.5989989349775785 0.3199064723618091 0.6107170134529148 0.301417432160804 0.6311478251121077 0.27761118718592964 0.7013216748878924 0.28423145477386935 0.7421384192825112 0.3343813718592965 0.7305890269058296 0.3412975879396985 0.7098471569506727 0.35039564572864323 0.7110650829596412 0.3688159861809045 0.6383130067264573
1 0.23357646733668344 0.6969745896860986 0.22848348869346735 0.671529701793722 0.1947842123115578 0.6679471098654708 0.16042736180904524 0.6964685358744396 0.13858779522613066 0.7477142466367712 0.13727566834170854 0.7732303228699552 0.1455727110552764 0.7792936434977578 0.19011853894472364 0.762970042600897 0.20322167462311558 0.7399610044843049 0.22833400502512563 0.7216549865470852 0.23357646733668344 0.6969745896860986
1 0.007406876884422111 0.7181502757847534 0.014662366834170854 0.7911753116591929 0.020964582914572864 0.777161100896861 0.05408404773869347 0.7490931098654708 0.055686079145728644 0.7394023251121076 0.06354675376884422 0.7410736860986548 0.05532445351758794 0.7099477242152467 0.03800107537688442 0.7162957892376681 0.022061545226130654 0.7107570919282511 0.007406876884422111 0.7181502757847534
1 0.9954960615577889 0.43975324215246636 0.9958347738693467 0.4051204394618834 0.9901292814070353 0.3992561457399103 0.9629068304020101 0.4092316793721973 0.9518420942211054 0.4269418901345291 0.964284635678392 0.47472882286995516 0.9693089145728643 0.4478524461883408 0.9954960615577889 0.43975324215246636
1 0.8238117185929649 0.44199494170403586 0.8046681256281408 0.45583781390134526 0.8046651042713567 0.494529769058296 0.8136166984924624 0.5071810246636772 0.8383643819095477 0.4981123587443946 0.8374916444723617 0.4893284394618834 0.8457169648241206 0.48176244843049326 0.8374946645728644 0.45063648654708516 0.8238117185929649 0.44199494170403586
1 0.6860257110552763 0.4879340807174888 0.6637527977386934 0.49609588116591924 0.6509395665829145 0.5349302085201794 0.6745933077889447 0.5535735986547085 0.680122654522613 0.5834104484304933 0.6949712638190955 0.5779692466367714 0.7059642788944724 0.546629726457399 0.7013824108040201 0.5005141524663677 0.6860257110552763 0.4879340807174888
1 0.5534761268844222 0.5865767331838565 0.5538407738693467 0.5773393811659192 0.5459114007537689 0.5233467556053811 0.5396527587939699 0.5119846098654709 0.5270607324120603 0.5143229641255606 0.4974352349246231 0.5388346748878924 0.48753314070351755 0.5811540964125561 0.5031797449748744 0.6095594573991031 0.5221768756281406 0.6071499170403587 0.5309102851758793 0.6176051950672645 0.5358598228643217 0.615791461883408 0.5390638856783919 0.5964098923766816 0.5534761268844222 0.5865767331838565
1 0.4982362512562814 0.5339892847533633 0.47647444723618093 0.521480399103139 0.4295255716080402 0.5523401771300448 0.4180961884422111 0.5792877399103139 0.42005984547738695 0.5990515560538117 0.4389822336683417 0.6217046591928251 0.4572530904522613 0.599077869955157 0.48447554145728644 0.58910233632287 0.4938665251256281 0.5674535986547086 0.4982362512562814 0.5339892847533633
1 0.3284994610552764 0.5552217152466368 0.290648641959799 0.5872994192825112 0.2878809484924623 0.6110729484304933 0.27645156407035176 0.6380205112107623 0.3024366319095478 0.6284984125560539 0.32813179271356785 0.6031510224215246 0.3605219648241206 0.5935577331838565 0.3531006809045226 0.5575863811659193 0.3284994610552764 0.5552217152466368
1 0.11282997487437185 0.643356466367713 0.07570845226130653 0.656959466367713 0.0710488203517588 0.6745984887892377 0.06056691582914572 0.6852673273542601 0.052413316582914565 0.7064626322869956 0.06332856909547738 0.738877706278027 0.1337160213567839 0.6857733834080718 0.13248165829145728 0.6475348632286996 0.11282997487437185 0.643356466367713
1 0.2634231721105528 0.6359669058295964 0.28635365954773867 0.595701091928251 0.28337080025125627 0.5785866860986547 0.23620374120603016 0.6072504843049327 0.21844097361809048 0.6478985470852019 0.21873087939698493 0.6637238363228699 0.23226736180904523 0.6837987130044842 0.24813517211055278 0.675708100896861 0.26283731909547736 0.6817002331838564 0.26691411934673365 0.6711025807174889 0.2634231721105528 0.6359669058295964
1 0.41315571356783914 0.46502561210762333 0.40216571859296485 0.4576731793721973 0.3809120050251256 0.463185567264574 0.36402499623115575 0.4739255919282511 0.3560895804020101 0.49731687668161434 0.3457541394472362 0.4965523834080718 0.3464804120603015 0.5167696322869955 0.36037852261306536 0.5662991121076233 0.3892747261306533 0.5602621031390135 0.4190466871859297 0.5243170605381166 0.41315571356783914 0.46502561210762333
1 0.5957774535175879 0.4185881636771301 0.5852238278894473 0.4156276905829596 0.5705934032663317 0.42326486995515694 0.5646963881909548 0.4413573273542601 0.5708772663316583 0.5164740695067265 0.6067614070351759 0.5033245022421525 0.626197925879397 0.466614966367713 0.6199423052763819 0.4165608677130045 0.6077149271356784 0.40966186995515697 0.5957774535175879 0.4185881636771301
1 0.6925833216080403 0.3990456547085202 0.6850125527638191 0.41319958520179373 0.6867550075376884 0.4694593789237668 0.7226391457286433 0.4563098116591928 0.7310109296482411 0.4373104887892377 0.7273017977386935 0.3999788340807175 0.7111440829145729 0.39224415470852014 0.6925833216080403 0.3990456547085202
1 0.8124631193467337 0.3664959551569507 0.8068560087939699 0.40041370179372193 0.8092560351758794 0.42456947757847535 0.8478331268844221 0.4127090269058296 0.8457260276381909 0.36568658744394616 0.8392492010050252 0.3521284618834081 0.8291319447236181 0.35355994843049326 0.8124631193467337 0.3664959551569507
1 0.865087805276382 0.3540396928251121 0.8625382952261306 0.380009201793722 0.8668302575376885 0.41029948430493274 0.904169966080402 0.3988924641255605 0.9002426507537689 0.359364831838565 0.8906365037688442 0.34012563452914796 0.8829940150753769 0.34065025560538115 0.865087805276382 0.3540396928251121
1 0.9164751067839196 0.342036865470852 0.9258600489949749 0.39777203811659195 0.9652381570351759 0.38106619058295965 0.9608744723618091 0.3371465986547085 0.9475561733668342 0.319267701793722 0.9217892902010051 0.3309857802690583 0.9164751067839196 0.342036865470852
1 0.6483273982412061 0.43119454484304937 0.6823913228643216 0.4255397847533632 0.6887247060301508 0.4118392869955157 0.6837064698492463 0.36133175560538117 0.66470933919598 0.3637412959641256 0.6406879296482412 0.3930272107623318 0.6483273982412061 0.43119454484304937
1 0.5554548881909548 0.4128807802690583 0.5421396105527638 0.35630993049327353 0.5198666959798995 0.3644717286995516 0.49810187060301503 0.3906547982062781 0.4914008190954774 0.4522846031390134 0.49503822864321606 0.4759869461883408 0.5323779371859296 0.46457992600896864 0.5523225464824121 0.4458916614349776 0.5572003618090453 0.4304486165919283 0.5554548881909548 0.4128807802690583
0 0.6439276005025125 0.8038036524663676 0.6082905577889447 0.9556746547085201 0.6760677650753769 0.930838029147982 0.7336672060301508 0.9084304708520179 0.7572901595477387 0.7648616591928251 0.6439276005025125 0.8038036524663676
0 0.49577681783919597 0.7138429596412557 0.5790669974874372 0.6984737556053812 0.603118932160804 0.6069315089686099 0.542862256281407 0.6199153744394619 0.49577681783919597 0.7138429596412557
0 0.18933643216080404 0.7858505582959642 0.26005420477386937 0.7698557802690583 0.2807082349246231 0.6951876748878923 0.254718858040201 0.6917158721973093 0.18933643216080404 0.7858505582959642
0 0.9234493869346733 0.42513898878923767 0.8642337060301507 0.44343446860986546 0.8685148077889447 0.48652289237668167 0.9281648341708543 0.4580485246636771 0.9234493869346733 0.42513898878923767
0 0.7758389246231155 0.5204835134529148 0.7823077072864322 0.48306674887892376 0.7396438618090453 0.4799929798206278 0.7296891608040201 0.515893264573991 0.7758389246231155 0.5204835134529148
0 0.6059141281407034 0.5935023856502243 0.6229041620603015 0.5332032757847533 0.5867095125628141 0.5409969192825113 0.565028277638191 0.6043498789237669 0.6059141281407034 0.5935023856502243
0 0.379551358040201 0.6193899843049328 0.41089686557788946 0.581925899103139 0.3825476871859297 0.5744617556053812 0.3594412587939699 0.6093924932735426 0.379551358040201 0.6193899843049328
0 0.18850471231155777 0.5847972959641256 0.15496613316582916 0.6115467376681614 0.1948710427135678 0.6142904573991032 0.2381428429648241 0.5711431838565022 0.18850471231155777 0.5847972959641256
0 0.23636911055276383 0.5767551210762332 0.20236047989949751 0.6098920448430493 0.23334892211055278 0.6026714103139014 0.27018959924623115 0.5651887421524663 0.23636911055276383 0.5767551210762332
0 0.2824660163316583 0.5565727264573991 0.2627517713567839 0.5794921031390134 0.2902461809045226 0.5793407062780269 0.3194647010050251 0.5496130426008968 0.2824660163316583 0.5565727264573991
0 0.42479779145728647 0.5106230381165919 0.3931881934673367 0.5548498632286996 0.43669402010050246 0.5422153206278028 0.46236697487437184 0.5096519843049327 0.42479779145728647 0.5106230381165919
0 0.4947805439698492 0.5308535986547085 0.5195524937185929 0.4903838452914798 0.472345574120603 0.49276362556053815 0.45336741457286434 0.5270086143497758 0.4947805439698492 0.5308535986547085
0 0.5494818391959799 0.5041927331838565 0.5628935389447236 0.4807088206278027 0.5224410854271357 0.4760603789237668 0.5081995917085428 0.5110505582959641 0.5494818391959799 0.5041927331838565
0 0.6621310904522613 0.48667496188340803 0.6779596532663317 0.4474259753363229 0.6380551092964823 0.4508403385650224 0.617699675879397 0.4946867847533632 0.6621310904522613 0.48667496188340803
0 0.7929162801507537 0.4530286860986547 0.7954152374371859 0.40377850672645743 0.7421663542713568 0.41621776681614353 0.7282143040201006 0.46350665695067267 0.7929162801507537 0.4530286860986547
0 0.9913853065326633 0.3473605067264574 0.9658871005025126 0.3590459551569507 0.977685345477387 0.3886289237668161 0.9946848065326632 0.38056932286995515 0.9913853065326633 0.3473605067264574
0 0.9836889296482412 0.2698980448430493 0.9715575615577889 0.27452159865470854 0.9824326947236182 0.29160278699551573 0.9856799497487436 0.28993725560538114 0.9836889296482412 0.2698980448430493
0 0.9442830138190954 0.3070189798206278 0.9792233706030151 0.29628375336322865 0.9709448530150754 0.27378853587443946 0.9319678831658292 0.2890290403587444 0.9442830138190954 0.3070189798206278
0 0.8950254007537688 0.32746309641255605 0.936776974874372 0.31064016816143497 0.9280919673366834 0.2880554461883408 0.889160891959799 0.30375786547085204 0.8950254007537688 0.32746309641255605
0 0.8483998304020101 0.31787049775784754 0.8533210854271357 0.34513934080717484 0.8966799359296483 0.32781427130044843 0.8891150012562814 0.3032959843049327 0.8483998304020101 0.31787049775784754
0 0.8107418869346734 0.3328679260089686 0.8107905653266331 0.354500201793722 0.8512534258793969 0.34063036995515694 0.849081265075377 0.31605094170403586 0.8107418869346734 0.3328679260089686
0 0.7726246067839196 0.34324223542600896 0.7640009447236181 0.36446431165919285 0.8082628630653267 0.3535113699551569 0.8137047977386935 0.32949325112107625 0.7726246067839196 0.34324223542600896
0 0.7292972876884422 0.35552574215246635 0.7186662311557789 0.3782043183856502 0.761104944723618 0.3679194417040359 0.7689368907035176 0.34350432511210766 0.7292972876884422 0.35552574215246635
0 0.6923676834170854 0.36426697757847537 0.6881328467336684 0.3779023789237668 0.7224663944723618 0.3729815426008969 0.7284132185929648 0.3540450291479821 0.6923676834170854 0.36426697757847537
0 0.6106871042713569 0.3890458834080718 0.5978306520100503 0.4090780807174888 0.6352587085427136 0.4054171412556054 0.6452505477386934 0.3819816390134529 0.6106871042713569 0.3890458834080718
0 0.5754108241206031 0.3963445134529148 0.5588697035175879 0.4190460919282511 0.5930356407035176 0.4070049977578475 0.6053402412060301 0.3895688946188341 0.5754108241206031 0.3963445134529148
0 0.9815373618090452 0.24824295515695066 0.960176459798995 0.2604985313901345 0.9691835741206031 0.2696461412556054 0.9831181896984925 0.26415366367713006 0.9815373618090452 0.24824295515695066
0 0.9235253907035176 0.2723732197309417 0.9297315728643216 0.2855394887892377 0.9628407701005025 0.2710128834080717 0.9531601055276383 0.25780298430493276 0.9235253907035176 0.2723732197309417
0 0.885293277638191 0.2815917533632287 0.8905549836683416 0.30420459417040363 0.9280001670854271 0.28713150000000004 0.9190251130653266 0.26743890582959645 0.885293277638191 0.2815917533632287
0 0.8466395753768845 0.29336049327354263 0.8504144987437185 0.31316848430493277 0.8877518655778894 0.3004439708520179 0.8836635891959799 0.2837484843049327 0.8466395753768845 0.29336049327354263
0 0.8089816306532663 0.3083579215246637 0.8079907424623115 0.32632055605381166 0.8503376658291457 0.3151118430493274 0.8453761834170854 0.2977787174887892 0.8089816306532663 0.3083579215246637
0 0.776840478643216 0.3177401704035875 0.7712511733668341 0.33691098430493277 0.8082971155778894 0.32668706278026904 0.8094030665829146 0.30521545964125557 0.776840478643216 0.3177401704035875
0 0.7401371218592965 0.32533100672645743 0.7332391721105527 0.353712899103139 0.7708369761306533 0.3408929551569507 0.7765543454773869 0.3196466165919282 0.7401371218592965 0.32533100672645743
0 0.7053566206030152 0.3319564865470852 0.6947692650753768 0.3577556905829596 0.729133743718593 0.3504295067264574 0.7371183907035175 0.33026754035874434 0.7053566206030152 0.3319564865470852
0 0.669537608040201 0.34508219058295964 0.6601902424623116 0.36563919282511215 0.6916437701005026 0.35890101121076234 0.6999198203517588 0.3362382130044843 0.669537608040201 0.34508219058295964
0 0.6280492185929648 0.3554939686098655 0.6185019246231156 0.3780429215246637 0.6537246733668342 0.36848717040358747 0.6599618479899497 0.3551896502242152 0.6280492185929648 0.3554939686098655
0 0.5960229007537688 0.36603199551569504 0.5816246582914573 0.38724745291479823 0.6128636432160803 0.3810665874439462 0.6233759886934673 0.3618934192825112 0.5960229007537688 0.36603199551569504
0 0.9404989434673366 0.23261328923766816 0.9513070263819096 0.2527366434977579 0.9730937512562814 0.24379552914798205 0.9632455075376885 0.2234652533632287 0.9404989434673366 0.23261328923766816
0 0.9098899685929649 0.24382979820627804 0.916084305276382 0.2622924573991032 0.9421760427135678 0.2532099686098655 0.9341349836683418 0.2374841121076233 0.9098899685929649 0.24382979820627804
0 0.8775191469849246 0.2509004932735426 0.8813974170854272 0.27452445067264575 0.9070451130653266 0.26368962107623317 0.9045046582914573 0.2435541928251121 0.8775191469849246 0.2509004932735426
0 0.8434242298994975 0.2609986860986547 0.8471706457286433 0.28323642152466366 0.8780573743718593 0.2762272399103139 0.8715342650753769 0.251327033632287 0.8434242298994975 0.2609986860986547
0 0.8154202726130653 0.27126059865470853 0.8118090979899498 0.29954597309417036 0.8476146834170853 0.28498891031390133 0.846453391959799 0.2624328878923767 0.8154202726130653 0.27126059865470853
0 0.7910941783919598 0.2777790605381166 0.7824552663316583 0.30024811434977583 0.8130654886934673 0.29860676457399105 0.8170066218592965 0.2703508340807175 0.7910941783919598 0.2777790605381166
0 0.6950152198492463 0.3093931434977578 0.6861166168341708 0.33315703139013453 0.7084850791457287 0.3273541255605381 0.725234559045226 0.2948834125560538 0.6950152198492463 0.3093931434977578
0 0.6675476859296483 0.3182606278026906 0.6515215351758794 0.3463130403587444 0.6793756620603014 0.33323331838565023 0.6880188680904522 0.31426630941704037 0.6675476859296483 0.3182606278026906
0 0.6337972688442212 0.3318261614349776 0.6213243567839196 0.3521120269058296 0.646557879396985 0.345259230941704 0.6556761381909548 0.32563937219730943 0.6337972688442212 0.3318261614349776
0 0.6087050841708542 0.33742749103139014 0.5885226381909547 0.3588654730941704 0.6135106042713568 0.3549753385650224 0.6264129585427135 0.335405134529148 0.6087050841708542 0.33742749103139014
0 0.48392998743718596 0.41309718834080716 0.4420018140703517 0.4518173632286996 0.47638122487437184 0.4473585291479821 0.49752754773869345 0.41567052017937217 0.48392998743718596 0.41309718834080716
0 0.7338379623115577 0.4086439641255606 0.7425111218592965 0.386619369955157 0.718919336683417 0.38346883408071747 0.7138467989949748 0.3949032600896861 0.7338379623115577 0.4086439641255606
0 0.6358148706030151 0.435467197309417 0.6445554874371858 0.4129318542600897 0.6193645037688442 0.40845950224215244 0.6095737876884422 0.4158774865470852 0.6358148706030151 0.435467197309417
0 0.9868197022613064 0.30140863901345294 0.9527575577889448 0.3168844551569507 0.9615738429648241 0.34367328923766816 0.9897373216080402 0.3307738856502242 0.9868197022613064 0.30140863901345294
0 0.9383557487437186 0.30570012331838564 0.9043275979899498 0.319873634529148 0.9053775037688442 0.33838231390134527 0.9407579685929648 0.32121878475336324 0.9383557487437186 0.30570012331838564