1 0.13464888416422288 0.96027346875 0.13365885777126102 0.9715456901041667 0.23590977272727273 0.9460232109375001 0.23358575659824046 0.9113390390624999 0.13464888416422288 0.96027346875
1 0.5771750146627566 0.8486460416666667 0.5799898885630499 0.8526149817708334 0.7150519912023461 0.7977485703124999 0.676553526392962 0.7450834296875 0.5661415293255132 0.8278515364583333 0.5771750146627566 0.8486460416666667
1 0.7065651788856305 0.7437533072916667 0.7389817859237536 0.7880275442708333 0.9006780249266862 0.7223415208333334 0.7954188255131965 0.5946362421875 0.735646417888563 0.6220774375 0.7065651788856305 0.7437533072916667
1 1 0.6540320338541666 0.9937738958944281 0.6478146744791666 0.9373166187683285 0.5854402083333333 0.8442654721407624 0.6337724661458334 0.9114384633431085 0.717970296875 1 0.6819938567708334 1 0.6540320338541666
1 0.04300941935483871 0.9131804505208333 0.1145870219941349 0.8796370104166668 0.11728025219941347 0.7637439973958333 0.08069274340175954 0.7543834322916667 0.04611695601173021 0.7652695572916667 0.04300941935483871 0.9131804505208333
1 0.2138364208211144 0.70556234375 0.14628912316715542 0.7245765182291667 0.14785822140762464 0.8705876171875001 0.2205831495601173 0.8365780989583333 0.2138364208211144 0.70556234375
1 0.3137333225806452 0.6523426796874999 0.25409318621700877 0.6902619817708334 0.27038643695014664 0.8023678984374999 0.34458337683284457 0.7683008437500001 0.3137333225806452 0.6523426796874999
1 0.37452002785923755 0.7495256328125 0.4486285425219942 0.7144492109375 0.4100643944281525 0.5995184635416667 0.36136820527859237 0.6140343671875 0.34229956451612903 0.6754938072916666 0.37452002785923755 0.7495256328125
0 0.47693888416422286 0.6358448541666667 0.4399234941348974 0.6605109296875 0.4884961612903226 0.7190168515625 0.5599607961876832 0.6764445416666667 0.5555698387096775 0.6555093229166666 0.5241130102639295 0.6166812604166666 0.47693888416422286 0.6358448541666667
1 0.6978822170087976 0.4499486875 0.6656861950146628 0.47777252343750004 0.6472965102639295 0.559665546875 0.7011740454545454 0.6086978489583333 0.7758242331378299 0.5541490026041667 0.7504483724340176 0.48230793749999995 0.6978822170087976 0.4499486875
1 0.7342233313782991 0.48152660416666665 0.7954112683284458 0.5430325911458334 0.8528039765395894 0.4986539010416667 0.8217363885630499 0.43965690625 0.7840160997067449 0.405479703125 0.7484792008797654 0.42834144270833335 0.7342233313782991 0.48152660416666665
1 0.8615482741935484 0.35089311197916667 0.8307885703812317 0.3607536640625 0.8183976818181817 0.376327203125 0.8126999325513197 0.423436703125 0.8470098856304986 0.4859137630208333 0.8568459134897362 0.476648078125 0.8684699721407625 0.49300597656249995 0.9174124428152494 0.45784461718749997 0.9256981070381232 0.4117882630208333 0.8859208255131964 0.3568021901041667 0.8615482741935484 0.35089311197916667
1 1 0.31335564583333336 0.9743676451612903 0.3366823151041667 0.9736008152492669 0.36861375520833334 0.9841262434017595 0.3906879375 1 0.3895855260416667 1 0.31335564583333336
1 0.06524299413489736 0.763966796875 0.1116636568914956 0.7424742916666666 0.12236789149560118 0.7671108333333333 0.12699282258064515 0.7046271796875 0.11135767008797655 0.6951687005208332 0.0793205366568915 0.7081831744791667 0.06892229178885631 0.7308522239583333 0.06524299413489736 0.763966796875
1 0.25807963343108503 0.6302957005208333 0.25493674633431085 0.6710973515625 0.2654879853372434 0.6720810989583333 0.26620319648093843 0.6823305338541666 0.29532786363636365 0.6704991901041667 0.3028136436950146 0.6490132760416667 0.29540529178885633 0.6072278802083334 0.27156915102639295 0.6090058776041667 0.25807963343108503 0.6302957005208333
1 0.41826530351906155 0.5652233151041667 0.4220201671554252 0.6190328489583333 0.4401843680351906 0.6432739166666667 0.4576591700879766 0.636175109375 0.5018430293255133 0.6037612109375 0.4806787272727273 0.5583140078125001 0.4590656480938416 0.5275690000000001 0.43285344721407626 0.5382172083333333 0.41826530351906155 0.5652233151041667
1 0.6584921906158357 0.5097956171875 0.6703724794721407 0.46544456250000005 0.6513142609970675 0.42839170312499997 0.6138356099706745 0.4278067265625 0.59945207771261 0.4362847578125 0.5946999633431085 0.45402517968749995 0.5962575703812317 0.5192672838541667 0.5984290161290322 0.5289251510416667 0.6162614222873901 0.5269510598958334 0.6235167785923754 0.5450836640625 0.6293417126099706 0.5427173958333333 0.6370062947214076 0.5237938385416666 0.6584921906158357 0.5097956171875
1 0.6711909296187683 0.39133224739583333 0.6495004208211144 0.42385855208333334 0.660741064516129 0.45618217187500004 0.6752775879765396 0.4713569375 0.7073147214076246 0.4583424609375 0.7318660762463343 0.4668138958333334 0.7484726715542522 0.42581285937499996 0.7468634457478005 0.4027516328125 0.7290568475073314 0.3836352838541666 0.6711909296187683 0.39133224739583333
1 0.8146428196480938 0.3225176692708333 0.8133137697947214 0.36785246875 0.8509970351906159 0.3499093645833333 0.8842857888563049 0.3548313984375 0.9148666906158357 0.3424084895833333 0.8970600938416422 0.323292140625 0.8894471304985337 0.3000348203125 0.8414172375366569 0.29846609895833337 0.8146428196480938 0.3225176692708333
1 0.9535213973607038 0.27400586718750003 0.8958342815249267 0.28426519270833334 0.8958084736070381 0.3053556276041667 0.9288926143695015 0.3288057395833333 0.9317534633431085 0.36980348177083333 0.9382936070381231 0.37768664843750005 0.9534181598240469 0.35836761718750004 0.972527995601173 0.35323960156249995 0.9836672639296188 0.31972955208333337 0.9809594090909091 0.30238460677083334 0.9535213973607038 0.27400586718750003
1 0.7865412140762463 0.24170861979166666 0.7657963416422288 0.24486584375 0.7412191774193548 0.2574848411458333 0.7304633255131965 0.27502917187500003 0.7352910058651027 0.344212859375 0.7751199076246336 0.3570180598958333 0.8082556671554252 0.338287296875 0.8141580293255132 0.27264971875 0.8110925703812316 0.25018005729166665 0.7998003093841641 0.2600373125 0.7865412140762463 0.24170861979166666
1 0.530575939882698 0.3720395885416667 0.5194624824046921 0.3844592005208333 0.5045425425219942 0.38525015625 0.49233045747800586 0.4033860520833333 0.49498669208211143 0.46291187239583337 0.5235233313782991 0.485574328125 0.5657540997067448 0.46841888020833333 0.5582185645161291 0.38189025000000004 0.5482295425219941 0.36750314322916666 0.530575939882698 0.3720395885416667
1 0.37337830205278594 0.5228529453125 0.386279788856305 0.5360569192708333 0.4285105571847507 0.5189014739583333 0.4196717829912024 0.45661720572916664 0.4085841334310851 0.44794638281250004 0.38674063343108506 0.45681988802083334 0.37033865102639296 0.47929284635416664 0.37337830205278594 0.5228529453125
1 0.23271169501466274 0.5457411588541666 0.23937902346041057 0.5983675572916667 0.28434345454545457 0.5774666171875 0.28237662023460414 0.549280671875 0.26967974633431085 0.5175486197916667 0.24875607038123165 0.5181434817708334 0.23728500586510262 0.5254383802083333 0.23271169501466274 0.5457411588541666
1 0.17116647653958944 0.5865526979166666 0.17438492961876834 0.6326751536458334 0.21789312903225808 0.61236578125 0.2168461202346041 0.5759011927083334 0.20905435337243403 0.550081515625 0.18667444428152494 0.5512679453125 0.1781158475073314 0.5573797057291666 0.17116647653958944 0.5865526979166666
1 0.1501653724340176 0.6504188723958334 0.14988519648093843 0.58202284375 0.14188881671554252 0.5747312447916667 0.1111291129032258 0.584591796875 0.09981104252199413 0.6155394869791667 0.10338710263929618 0.6667866614583334 0.1501653724340176 0.6504188723958334
1 0.4249344985337243 0.46765429947916665 0.4637163885630498 0.4439949114583333 0.46486663636363634 0.3960977526041667 0.43267650879765396 0.3854594322916667 0.4111906143695015 0.39945765625 0.4153030821114369 0.45839190885416664 0.4249344985337243 0.46765429947916665
1 0.5669062096774193 0.27032630208333336 0.5629964897360704 0.3430593932291666 0.5644269134897361 0.36355826041666667 0.5727808988269795 0.37597457812499996 0.5984308797653959 0.37872973177083336 0.6419390791788857 0.358420359375 0.6414284780058651 0.32964284375 0.6222172683284457 0.26893719010416667 0.5931184105571847 0.25967809375 0.5669062096774193 0.27032630208333336
1 0.5565035615835777 0.8621558541666667 0.5294482741935485 0.8031870468750001 0.39952467888563054 0.8785346015625 0.4090599134897361 0.9028038307291667 0.5319537712609971 0.8721287395833334 0.5565035615835777 0.8621558541666667
0 0.6165562052785923 0.5556566171875 0.5473832639296188 0.5942888776041667 0.5915220190615836 0.6721385286458333 0.686643409090909 0.615954734375 0.6165562052785923 0.5556566171875
0 1 0.4064433541666667 0.9491954046920821 0.3814094427083334 0.9210965557184752 0.4078697760416667 0.9582453020527859 0.47046428125 1 0.4476059609375 1 0.4064433541666667
0 0.15915052639296187 0.7175326432291667 0.2306166964809384 0.6961605338541667 0.22710831231671552 0.6458832005208334 0.15807091935483872 0.6778691458333334 0.15915052639296187 0.7175326432291667
0 0.38988060410557185 0.6065687994791666 0.37199268475073316 0.5764946953125 0.32536347507331376 0.6170960703125 0.3396836451612903 0.65185415625 0.38988060410557185 0.6065687994791666
0 0.5890453592375366 0.5582152890625 0.5529253049853372 0.50873896875 0.51137592228739 0.5319502526041667 0.5417196143695016 0.5822277447916667 0.5890453592375366 0.5582152890625
0 0.8175403372434017 0.38400993229166663 0.7852825234604106 0.36647554947916666 0.7553360718475073 0.39930979166666664 0.7971971876832845 0.41238054947916664 0.8175403372434017 0.38400993229166663
0 1 0.210769875 0.996659215542522 0.2102667890625 0.9456052859237536 0.23955056249999998 0.9836679604105572 0.24152314583333334 1 0.23290335416666666 1 0.210769875
0 0.9051980997067448 0.2622526015625 0.9496100659824046 0.259378734375 0.9780289589442815 0.24611733333333333 0.9448419589442815 0.24519059635416665 0.9051980997067448 0.2622526015625
0 0.8503428973607038 0.2845136354166667 0.8883693812316716 0.2910875729166667 0.9188273225806451 0.26722519270833334 0.8926225249266861 0.25969905989583336 0.8503428973607038 0.2845136354166667
0 0.6845403636363637 0.36622957552083335 0.7191855571847507 0.37896437239583336 0.7697529296187683 0.3545925078125 0.7263052565982405 0.3344486354166667 0.6845403636363637 0.36622957552083335
0 0.6978222492668622 0.3771108307291667 0.6702645674486803 0.35670959375 0.6175636671554252 0.39539098177083337 0.6527248475073314 0.41745219531250005 0.6978222492668622 0.3771108307291667
0 0.634083568914956 0.4077907265625 0.611625491202346 0.3824455546875 0.5677450703812317 0.4228151901041666 0.5870826730205279 0.4364584895833334 0.634083568914956 0.4077907265625
0 0.5097644706744868 0.4858037942708333 0.4788449516129032 0.4562363333333333 0.43402782991202343 0.4874191953125 0.459057435483871 0.515977109375 0.5097644706744868 0.4858037942708333
0 0.38148693695014657 0.5487014791666667 0.35699542375366566 0.5098205390625 0.29568246774193546 0.5429172447916667 0.3078738255131965 0.5939246614583333 0.38148693695014657 0.5487014791666667
0 0.029240359237536657 0.6655269869791667 0.021413130498533724 0.6938252994791667 0.022304876832844576 0.7066045729166667 0.09105877419354838 0.6858314869791666 0.09845458064516129 0.6435714687499999 0.029240359237536657 0.6655269869791667
0 0.02390835190615836 0.5966932630208334 0.06723551026392963 0.585189890625 0.07600231524926686 0.5572386875 0.02908574340175953 0.5756217682291667 0.02390835190615836 0.5966932630208334
0 0.12259400000000001 0.5383117005208333 0.07654012463343109 0.5559115572916666 0.07168323313782991 0.5874409635416666 0.11240742082111438 0.5685027083333333 0.12259400000000001 0.5383117005208333
0 0.17278875953079179 0.516812375 0.12669727419354837 0.5338732447916666 0.12140763636363637 0.5658545338541666 0.17083510850439884 0.5475391484375 0.17278875953079179 0.516812375
0 0.17275115102639296 0.5162734348958333 0.16907118768328447 0.5493642369791667 0.2203735879765396 0.5301866614583334 0.22060129032258066 0.4964353776041666 0.17275115102639296 0.5162734348958333
0 0.21949889149560114 0.49506569531250005 0.22179898973607037 0.5235100703125 0.26923502346041056 0.5031314244791667 0.2651488357771261 0.47972562239583333 0.21949889149560114 0.49506569531250005
0 0.26122382697947216 0.4786700390625 0.2718432697947214 0.4998546484375 0.3229256026392962 0.47300591406250003 0.3093199545454545 0.45762142708333337 0.26122382697947216 0.4786700390625
0 0.3134514296187683 0.4546819921875 0.3267919560117302 0.47420686197916667 0.375728629032258 0.44822980208333335 0.35962258211143694 0.43302642447916667 0.3134514296187683 0.4546819921875
0 0.3603176275659824 0.43065468229166665 0.3705233108504399 0.4459098671875 0.40946314222873903 0.4212222161458334 0.4021667184750733 0.41019632031250003 0.3603176275659824 0.43065468229166665
0 0.4577030938416422 0.38815535156250003 0.47324656451612906 0.4047348020833333 0.5153700674486804 0.37598231249999997 0.49730757184750735 0.36558173177083336 0.4577030938416422 0.38815535156250003
0 0.5033252170087977 0.3614742552083334 0.5202801085043988 0.3695532421875 0.560397142228739 0.35270206510416663 0.5377458284457478 0.3426383359375 0.5033252170087977 0.3614742552083334
0 0.07769660263929619 0.5498986015625 0.08591436950146628 0.5321481796875 0.048663887096774196 0.5399317369791666 0.03685365835777126 0.56538165625 0.07769660263929619 0.5498986015625
0 0.093163715542522 0.5231057213541667 0.08497796480938416 0.5458320729166667 0.12440115542521994 0.5325887317708333 0.12874993255131967 0.5129456614583333 0.093163715542522 0.5231057213541667
0 0.1327861891495601 0.5036839583333333 0.1266220439882698 0.5327951484375 0.1713313680351906 0.5185130729166666 0.17282694281524927 0.4894928567708334 0.1327861891495601 0.5036839583333333
0 0.1750433357771261 0.49039807291666665 0.17371394868035192 0.5120020364583333 0.21747170234604105 0.493117625 0.21785860703812315 0.468425921875 0.1750433357771261 0.49039807291666665
0 0.22010242228739002 0.47209367447916667 0.21792866129032257 0.4951493515625 0.26694055718475074 0.47025026302083334 0.2624061539589443 0.45171616406250004 0.22010242228739002 0.47209367447916667
0 0.2613383211143695 0.44869052083333333 0.2666716275659824 0.4709138203125 0.30962827859237535 0.4495833880208333 0.299773431085044 0.43376274218750005 0.2613383211143695 0.44869052083333333
0 0.3004549677419355 0.435571703125 0.3108487697947214 0.45352204427083337 0.3549130205278592 0.43451312239583334 0.341847004398827 0.40988789062500003 0.3004549677419355 0.435571703125
0 0.3461327038123167 0.4125815338541667 0.3588282463343109 0.42737948177083335 0.39826265542522 0.4052626223958333 0.38160773460410563 0.3866507213541666 0.3461327038123167 0.4125815338541667
0 0.3884442727272727 0.3865241380208333 0.4019409369501466 0.4037683932291667 0.43804116715542524 0.38356020052083334 0.42376185777126096 0.36952641145833337 0.3884442727272727 0.3865241380208333
0 0.4362940674486803 0.37207491666666664 0.4457418812316716 0.38098615625000004 0.48655286656891494 0.3605272760416667 0.471671064516129 0.34451685156249995 0.4362940674486803 0.37207491666666664
0 0.47806782991202346 0.3473446927083333 0.4933716202346041 0.35886590104166666 0.5291277448680352 0.33824327604166665 0.5091324472140762 0.32791203645833333 0.47806782991202346 0.3473446927083333
0 0.05731159384164222 0.5288009218749999 0.0715206129032258 0.49753022656249996 0.03778628592375367 0.5082927473958333 0.019571502932551322 0.5435777682291667 0.05731159384164222 0.5288009218749999
0 0.07543018768328445 0.4948334192708333 0.06842169794721407 0.5253963515625 0.09424496480938416 0.5160146718749999 0.10235534310850439 0.48483647135416663 0.07543018768328445 0.4948334192708333
0 0.11033074193548387 0.48453592447916666 0.10444110997067449 0.508546796875 0.135055931085044 0.4955558828125 0.13837795747800585 0.47020296614583335 0.11033074193548387 0.48453592447916666
0 0.14428531085043989 0.46519937239583337 0.14532729765395896 0.48916598177083337 0.17578605278592377 0.47845565624999997 0.1755570219941349 0.4495523229166667 0.14428531085043989 0.46519937239583337
0 0.18226232258064515 0.44478312760416666 0.17980847507331377 0.4773760130208333 0.2153332741935484 0.4579558046875 0.2152236173020528 0.43066484375 0.18226232258064515 0.44478312760416666
0 0.21214562463343106 0.434860828125 0.21517723900293256 0.460236546875 0.25759044134897363 0.44466986979166667 0.24818047653958944 0.41727674739583337 0.21214562463343106 0.434860828125
0 0.24625069794721405 0.41768040624999997 0.25602020234604106 0.4447533984375 0.2902116686217009 0.41977745312500003 0.2763504926686217 0.40305953645833337 0.24625069794721405 0.41768040624999997
0 0.3525129882697947 0.3639813671875 0.37726454985337243 0.3844138776041666 0.40313104398826977 0.37113452343750003 0.38873464662756596 0.35324509114583336 0.3525129882697947 0.3639813671875
0 0.39741038416422286 0.35239446614583336 0.41060607917888564 0.3653263541666667 0.44393640029325515 0.3551124765625 0.42083096187683283 0.33881973437499996 0.39741038416422286 0.35239446614583336
0 0.43538176392961875 0.3364150052083333 0.44922815835777125 0.3496368697916667 0.478466439882698 0.3349877942708333 0.46077987683284455 0.3239780859375 0.43538176392961875 0.3364150052083333
0 0.4696372917888563 0.32139069270833337 0.48766216862170086 0.331252203125 0.5160616774193548 0.31361797916666667 0.4896222228739003 0.3081009140625 0.4696372917888563 0.32139069270833337
0 0.6276404882697947 0.29545276822916666 0.6571083870967742 0.31119777604166665 0.6960105571847507 0.28597107552083334 0.642196862170088 0.2807913411458333 0.6276404882697947 0.29545276822916666
0 0.3842583592375367 0.4620535286458333 0.3764560527859237 0.4541367552083333 0.3509492096774194 0.47815498697916664 0.3647632287390029 0.494362953125 0.3842583592375367 0.4620535286458333
0 0.503674848973607 0.3935874973958333 0.49141946041055723 0.394131515625 0.464395706744868 0.42097478906249997 0.47838213049853373 0.43767542708333335 0.503674848973607 0.3935874973958333
0 0.05282613489736071 0.638266484375 0.10028612903225806 0.623199578125 0.1049164560117302 0.5865630572916667 0.05576164222873901 0.6023407916666667 0.05282613489736071 0.638266484375
0 0.1190263137829912 0.5807584166666667 0.16146785483870968 0.5683782578125 0.1590875615835777 0.5474710833333333 0.11871491348973608 0.5618987994791667 0.1190263137829912 0.5807584166666667