1 0.4608737272727273 1 0.36901840454545454 0.945736827027027 0.37393652424242424 0.9768409810810812 0.39892907575757575 1 0.4608737272727273 1
1 0.08105343333333334 0.3984058675675675 0.01846152121212121 0.3318832918918919 0.027358565151515152 0.4918256891891892 0.05570150303030302 0.5162729648648648 0.08105343333333334 0.3984058675675675
1 0.1837909696969697 0.48024944864864866 0.12098054848484847 0.4365168513513514 0.1087627212121212 0.5506683513513513 0.1837594909090909 0.6160140108108109 0.1837909696969697 0.48024944864864866
1 0.21522545606060606 0.638181581081081 0.29038471515151515 0.7025731162162162 0.28322211666666663 0.5579162486486486 0.2358822984848485 0.5084841108108108 0.20396532272727272 0.5356748594594595 0.21522545606060606 0.638181581081081
1 0.33975048333333335 0.605845245945946 0.30849485303030305 0.6581361729729729 0.33531541363636364 0.7438918324324324 0.403660046969697 0.8008598513513514 0.4058514863636364 0.7216369756756756 0.3868343666666667 0.649474908108108 0.33975048333333335 0.605845245945946
1 0.5783213166666666 0.7968610243243243 0.5426498696969697 0.779389445945946 0.5064427424242424 0.8244912864864865 0.5432050227272727 0.9335065945945946 0.6235232166666667 0.9823319108108108 0.6179020787878788 0.8903042972972973 0.5783213166666666 0.7968610243243243
1 0.7009615469696969 1 0.6923380954545455 0.9448095999999999 0.6665642015151515 0.8686126378378379 0.629074146969697 0.8427774216216216 0.6034765939393939 0.8691456162162163 0.6438307015151515 0.9978104351351351 0.6476752909090909 1 0.7009615469696969 1
1 0.7801925348484847 1 0.7700204848484848 0.9567845594594595 0.7494870803030304 0.9210489540540541 0.7194183060606061 0.8904013567567568 0.7045227727272727 0.8877376675675676 0.6880904378787879 0.9198518783783783 0.7014454151515152 1 0.7801925348484847 1
1 0.13895572424242425 0.3915100486486487 0.1263375393939394 0.4215890567567568 0.1356044196969697 0.4357456216216216 0.13378991515151514 0.4452032972972973 0.16285886666666666 0.47213965945945946 0.17475493636363637 0.4636696378378378 0.17810624242424244 0.4194340648648649 0.15621195757575757 0.39079171891891895 0.13895572424242425 0.3915100486486487
1 0.29883496363636364 0.539660045945946 0.2893088106060606 0.5893128378378378 0.29985321969696965 0.6325008648648649 0.3172945909090909 0.648662681081081 0.32655225454545456 0.6182544567567568 0.3567043803030303 0.6127773378378378 0.3446139560606061 0.5598024216216216 0.31845189696969695 0.5355596945945945 0.29883496363636364 0.539660045945946
1 0.5284889060606061 0.7970221054054055 0.5498277757575757 0.7750240027027027 0.5415515 0.7200138837837838 0.5079370681818182 0.6721569189189189 0.49294896515151515 0.6610531594594594 0.48441341666666665 0.6698523972972973 0.4701658636363636 0.7262692297297296 0.46980480606060604 0.7370737216216217 0.48633892424242425 0.7579643783783784 0.488523706060606 0.7822669999999999 0.4943374954545454 0.787654272972973 0.5057799393939394 0.7815486675675676 0.5284889060606061 0.7970221054054055
1 0.568343103030303 0.7142075513513514 0.5410053060606062 0.7139382297297298 0.5433752227272728 0.7551209999999999 0.5528272409090909 0.7861577135135135 0.5848030878787879 0.8157877135135135 0.6048828666666667 0.8538877351351352 0.6296748272727273 0.8406589297297298 0.6337574651515151 0.8193791594594595 0.622305803030303 0.7809199729729729 0.568343103030303 0.7142075513513514
1 0.7140489242424243 0.838084872972973 0.7019769348484849 0.8742395378378379 0.7402201984848484 0.9068923918918919 0.7690206636363636 0.9530733216216216 0.7995430636363637 0.9813565027027027 0.788091403030303 0.9428973135135135 0.7868138757575757 0.913865854054054 0.7439325606060606 0.8518523243243243 0.7140489242424243 0.838084872972973
1 0.8590099575757575 1 0.8507655696969697 0.9731258540540539 0.796349243939394 0.9087778540540541 0.7912667863636363 0.9263463837837838 0.8154384181818182 0.987731427027027 0.8130846272727272 1 0.8590099575757575 1
1 0.7081241303030302 0.7351279432432433 0.6886831151515151 0.711543654054054 0.6635208803030304 0.6910121621621621 0.6496251666666667 0.6920597135135135 0.6373772575757576 0.7558990189189189 0.6701770075757576 0.8169248945945945 0.7045135545454546 0.8431728783783784 0.7255747196969697 0.795854554054054 0.728203909090909 0.7732279648648649 0.7156690757575758 0.7671822594594595 0.7081241303030302 0.7351279432432433
1 0.4463276378787879 0.5203853189189189 0.43333917727272725 0.5167040324324323 0.419711953030303 0.4985070135135135 0.4043627939393939 0.49820774324324324 0.39247594090909094 0.5512425540540541 0.4127408560606061 0.6062227270270271 0.4548908378787879 0.6452804513513514 0.46886068333333336 0.5635433972972973 0.4633153833333334 0.5389115594594595 0.4463276378787879 0.5203853189189189
1 0.26857183484848485 0.4475675054054054 0.2770240318181818 0.4748929837837838 0.31917401363636366 0.5139507108108108 0.32615432727272725 0.45079978648648644 0.3182483257575757 0.4295499648648649 0.2964466106060606 0.40934769459459464 0.2762834818181818 0.40737238648648644 0.26857183484848485 0.4475675054054054
1 0.13639145303030303 0.2888823405405405 0.12977219545454544 0.34122877027027027 0.17528269696969698 0.3806157135135135 0.18027258787878786 0.35460710810810814 0.1764492212121212 0.3120775162162162 0.15746183333333333 0.2861288054054054 0.14538062727272727 0.2777186783783784 0.13639145303030303 0.2888823405405405
1 0.07117144545454546 0.24515567027027027 0.06300617272727273 0.28771520810810813 0.10706322727272728 0.3257553351351351 0.11486744393939394 0.2940002891891892 0.11404354242424242 0.2626044108108108 0.09360270757575757 0.23530888108108106 0.08442839393939394 0.2295923918918919 0.07117144545454546 0.24515567027027027
1 0.04763857727272727 0.19828635675675674 0.04191119090909091 0.1924487189189189 0.02830105303030303 0.2633883162162162 0.03693668333333333 0.27191255675675674 0.0530913106060606 0.2144781216216216 0.04763857727272727 0.19828635675675674
1 0.3282465393939394 0.46666233513513516 0.36885050454545454 0.49593316756756756 0.38137611969696966 0.4574140837837838 0.3549363575757576 0.40785113513513516 0.3322273909090909 0.39237769999999994 0.3217939848484848 0.44675933243243243 0.3282465393939394 0.46666233513513516
1 0.5034472863636363 0.48141722972972967 0.48247869090909096 0.5371756243243243 0.4788496803030303 0.5560909756756757 0.4833951606060606 0.5770115810810811 0.5058356378787878 0.6117295810810811 0.5498926939393939 0.6497697054054055 0.5563360303030304 0.6251079189189189 0.5535958378787879 0.5501648486486487 0.529609343939394 0.5056599540540541 0.5034472863636363 0.48141722972972967
0 0.47971847424242425 0.7822933459459459 0.4081514090909091 0.7271073675675676 0.42922980303030306 0.847863654054054 0.5283773636363637 0.9211977945945946 0.47971847424242425 0.7822933459459459
0 0.028929692424242422 0.339278972972973 0.09842173636363637 0.4117678972972973 0.10732256666666666 0.36537444864864865 0.03747190909090909 0.30481306216216214 0.028929692424242422 0.339278972972973
0 0.26335254848484846 0.538290118918919 0.2544562106060606 0.4905832891891892 0.20272056666666666 0.4655333756756757 0.20728004545454548 0.5126400216216216 0.26335254848484846 0.538290118918919
0 0.4543273393939394 0.7496581081081081 0.4336646606060606 0.6627156837837838 0.3906756757575758 0.6295730837837837 0.40594374848484843 0.7098834621621621 0.4543273393939394 0.7496581081081081
0 0.7019076651515151 0.8930657513513514 0.6770611803030303 0.8376621 0.6422138833333333 0.8272151891891891 0.6767802227272727 0.891031181081081 0.7019076651515151 0.8930657513513514
0 0.9250766681818182 1 0.9102559712121213 0.9793918756756758 0.8515570969696971 0.9305488891891892 0.8945427803030302 1 0.9250766681818182 1
0 0.8134126030303029 0.9022859702702702 0.8546066363636364 0.9698022837837837 0.8913646030303031 0.9988041891891891 0.8532102984848484 0.9381521216216216 0.8134126030303029 0.9022859702702702
0 0.7553183045454546 0.8514892297297297 0.7879894924242425 0.9050367216216216 0.8211452727272727 0.9236176189189189 0.7993495772727274 0.8842167378378378 0.7553183045454546 0.8514892297297297
0 0.5863878090909092 0.7101301378378378 0.6145357954545454 0.7645456405405405 0.6659251409090908 0.8081173837837837 0.6316265954545455 0.7363932594594594 0.5863878090909092 0.7101301378378378
0 0.5957397848484849 0.7359979513513513 0.5758141318181819 0.6841421864864865 0.5190706515151515 0.6498160054054054 0.5454461181818182 0.7126670756756757 0.5957397848484849 0.7359979513513513
0 0.530974656060606 0.6810435729729729 0.5168278696969697 0.6315071405405406 0.46762348181818186 0.6097379756756757 0.48176691363636365 0.6455646189189189 0.530974656060606 0.6810435729729729
0 0.4002940363636364 0.5890245891891892 0.3795393909090909 0.5252701108108108 0.33169511363636367 0.49465019189189186 0.3473872424242424 0.5501179594594594 0.4002940363636364 0.5890245891891892
0 0.26967419696969697 0.4793879540540541 0.25694300454545455 0.41598512972972973 0.19378282878787878 0.3661135540540541 0.19252709545454544 0.4240905945945946 0.26967419696969697 0.4793879540540541
0 0.04470223636363636 0.17790107027027027 0.08023164545454545 0.21217786216216217 0.08936197424242424 0.18900384324324324 0.04988264242424243 0.15089944054054055 0.04470223636363636 0.17790107027027027
0 0.08945738636363636 0.18850653243243243 0.07820518333333333 0.2114716081081081 0.12901050606060607 0.26030727027027023 0.13731190454545453 0.23242772162162162 0.08945738636363636 0.18850653243243243
0 0.13664760303030302 0.22989133783783783 0.13189587272727274 0.256536827027027 0.17950711060606062 0.29948348378378375 0.18144155454545455 0.2747855486486486 0.13664760303030302 0.22989133783783783
0 0.1781597515151515 0.2689438378378378 0.1826422393939394 0.30004535135135135 0.23508953333333332 0.3422008648648649 0.22652620757575756 0.31216564864864865 0.1781597515151515 0.2689438378378378
0 0.23095229545454546 0.31493424324324326 0.2382836393939394 0.348089754054054 0.2885893696969697 0.3882608594594595 0.2777306393939394 0.35521656756756753 0.23095229545454546 0.31493424324324326
0 0.2789255621212121 0.354115672972973 0.2844577651515151 0.3797458081081081 0.3254506393939394 0.4083581189189189 0.3215241 0.3899345378378378 0.2789255621212121 0.354115672972973
0 0.3768295878787879 0.4417318054054054 0.38685154242424247 0.4752134702702702 0.4316868378787879 0.5044572405405405 0.41791395151515154 0.4729484243243243 0.3768295878787879 0.4417318054054054
0 0.42431898939393936 0.47712612972972973 0.4376512333333333 0.5052975594594594 0.4778245121212121 0.5419376972972973 0.45983795 0.504910254054054 0.42431898939393936 0.47712612972972973
0 0.056483345454545454 0.12748872432432432 0.05366122575757576 0.13120447567567567 0.05001914090909091 0.15018797297297298 0.08764142272727272 0.1885811918918919 0.0959498196969697 0.16625243243243243 0.056483345454545454 0.12748872432432432
0 0.09772884696969698 0.16980915675675676 0.09134915 0.18615867837837838 0.13528914242424242 0.225703427027027 0.14156069696969698 0.2055858162162162 0.09772884696969698 0.16980915675675676
0 0.14270173636363637 0.21148269189189192 0.13521332424242424 0.22797655675675677 0.18532821666666668 0.26914236216216214 0.18569034848484847 0.24794364594594595 0.14270173636363637 0.21148269189189192
0 0.1854544121212121 0.24406895405405407 0.18492683333333335 0.2693562405405406 0.22873207727272726 0.30584714324324325 0.22365149696969694 0.2801885162162162 0.1854544121212121 0.24406895405405407
0 0.2238313787878788 0.28255957837837836 0.22888648787878788 0.3106767351351351 0.2731323909090909 0.3505049486486487 0.26727176515151513 0.3134398459459459 0.2238313787878788 0.28255957837837836
0 0.2704854803030303 0.32110447837837836 0.2783698303030303 0.34949992702702704 0.3191914515151515 0.3808827945945946 0.3086560287878788 0.34430018648648647 0.2704854803030303 0.32110447837837836
0 0.31484365 0.352835154054054 0.3228626984848485 0.3842847081081081 0.36022357272727273 0.4130464405405405 0.3507295106060606 0.38328702702702705 0.31484365 0.352835154054054
0 0.36140517575757575 0.4012531918918919 0.3677766060606061 0.4206310891891892 0.4094403090909091 0.4551374702702703 0.3998777772727273 0.4229669567567567 0.36140517575757575 0.4012531918918919
0 0.4049606121212121 0.43341174054054055 0.4159800818181818 0.46236909189189185 0.4531304590909091 0.4903500486486487 0.4376001772727273 0.45645625945945945 0.4049606121212121 0.43341174054054055
0 0.05591887121212121 0.11943704054054054 0.06047734242424242 0.12357408648648648 0.06955099393939394 0.10661432162162163 0.059895086363636364 0.09871196486486486 0.05591887121212121 0.11943704054054054
0 0.07607166363636364 0.10990476486486486 0.07126096515151516 0.1312232 0.10126253636363637 0.16078124864864865 0.10798964696969697 0.13637032972972973 0.07607166363636364 0.10990476486486486
0 0.11517274848484849 0.14086490540540542 0.10514427424242426 0.1649641135135135 0.14179787121212123 0.1936561837837838 0.14824571666666667 0.17074175405405406 0.11517274848484849 0.14086490540540542
0 0.14446701363636363 0.17035330270270269 0.14111023333333333 0.1953623810810811 0.18304340454545454 0.23597659999999998 0.18113953030303032 0.201222372972973 0.14446701363636363 0.17035330270270269
0 0.17930466363636363 0.19912022972972973 0.1816091484848485 0.23406170540540538 0.2183946121212121 0.2564320216216216 0.2099210106060606 0.22496102432432433 0.17930466363636363 0.19912022972972973
0 0.28789011363636363 0.28860887027027027 0.30528096363636364 0.3369441189189189 0.33176282727272727 0.35855407567567565 0.32308821212121214 0.32542892432432435 0.28789011363636363 0.28860887027027027
0 0.3311059727272727 0.3356841783783784 0.33988841363636363 0.3631544297297298 0.37235714545454546 0.39675612702702706 0.35545580454545456 0.35395626486486487 0.3311059727272727 0.3356841783783784
0 0.36913768333333336 0.3703399486486486 0.3784366106060606 0.3988746108108108 0.40828381060606056 0.4236030135135135 0.39499562121212123 0.3920609783783784 0.36913768333333336 0.3703399486486486
0 0.4035936287878788 0.401096427027027 0.41746194848484847 0.43210781351351346 0.447269803030303 0.4532848297297297 0.42478082575757575 0.4152640513513513 0.4035936287878788 0.401096427027027
0 0.5521195999999999 0.5791479243243243 0.5748826151515152 0.6295320999999999 0.6159708742424242 0.6576469432432432 0.568746656060606 0.5853097513513513 0.5521195999999999 0.5791479243243243
0 0.2929555212121212 0.41057814324324327 0.2878275454545455 0.39410991891891894 0.25909353484848485 0.38191672162162166 0.26764699242424245 0.4129025351351351 0.2929555212121212 0.41057814324324327
0 0.416930496969697 0.5043683216216216 0.40576230909090916 0.48933291351351355 0.3749844333333333 0.4775801675675676 0.3835749787878788 0.5091950405405405 0.416930496969697 0.5043683216216216
0 0.042051892424242426 0.19171535135135134 0.06679620303030302 0.21773012162162164 0.06966766666666667 0.1972734918918919 0.0455209106060606 0.17363391891891894 0.042051892424242426 0.19171535135135134