1 0 0.9523320593607306 0.01819871611253197 0.9563396826484019 0.029954978260869566 0.8472139497716894 0 0.8432617511415526 0 0.9523320593607306
1 0.15429965345268543 0.986311093607306 0.1487536662404092 0.9188457009132419 0.0728256547314578 0.9154351347031964 0.06942364066496164 0.9676201575342466 0.15429965345268543 0.986311093607306
1 0.4328597851662404 1 0.41277679411764706 0.94358050456621 0.3111822608695652 0.9546148470319635 0.3169923529411765 0.978165397260274 0.32452553452685423 1 0.4328597851662404 1
1 0.5795153529411765 1 0.5313138132992327 0.8796712374429223 0.4789092084398977 0.8709150479452055 0.4372293964194373 0.9585353561643836 0.4520132877237852 1 0.5795153529411765 1
1 0.6701029104859335 1 0.6473622212276214 0.9479133333333333 0.5649424028132992 0.9390429566210046 0.5886110409207161 1 0.6701029104859335 1
1 0.7987217762148338 1 0.7661192710997443 0.9657136529680365 0.69862373657289 0.9675535159817351 0.6887595038363171 1 0.7987217762148338 1
1 0.8960308337595908 1 0.8629395281329924 0.950844299086758 0.7811683324808184 0.9623037945205479 0.8041493427109975 1 0.8960308337595908 1
1 0 0.7719789520547945 0.030615888746803068 0.7768341506849314 0.04473669948849105 0.6620918264840182 0 0.646457093607306 0 0.7719789520547945
1 0.1334190652173913 0.6704853287671233 0.0795559705882353 0.67068749086758 0.07597521739130435 0.7745065205479452 0.141026868286445 0.7853727077625571 0.1334190652173913 0.6704853287671233
1 0.1680250767263427 0.7854905410958903 0.23315606265984656 0.7954532054794521 0.21916062915601023 0.6773033447488584 0.17763823913043478 0.6635196712328768 0.15304616879795396 0.7054304474885845 0.1680250767263427 0.7854905410958903
1 0.2681184283887468 0.6843726826484019 0.24547889897698208 0.7471286849315069 0.27225063427109975 0.8037991803652967 0.33138711892583117 0.8115173287671233 0.3287261726342711 0.7431897968036529 0.30910510613810743 0.6933985502283105 0.2681184283887468 0.6843726826484019
1 0.4741053797953964 0.7046788630136986 0.44392943861892586 0.7110252351598174 0.4168333772378517 0.7706315022831051 0.4530492455242967 0.8410930365296804 0.5215270767263427 0.8348295844748858 0.511752337595908 0.7602956552511416 0.4741053797953964 0.7046788630136986
1 0.4987568158567775 0.7509380342465753 0.5390170626598466 0.8358972762557078 0.5920289028132992 0.8290119132420091 0.5757355511508951 0.7623220890410958 0.5503578618925831 0.7131191278538813 0.5182233081841432 0.7134663219178082 0.4987568158567775 0.7509380342465753
1 0.6211704066496164 0.7083680958904109 0.5948388593350384 0.7002478287671233 0.582498557544757 0.7068170159817351 0.5708559757033248 0.7437216301369862 0.5892497352941176 0.8151007899543379 0.5985829629156011 0.8125127511415525 0.6055331342710997 0.8326166849315069 0.6568572941176472 0.8369539885844749 0.6639155626598465 0.79439649086758 0.6399842698209719 0.7264412351598174 0.6211704066496164 0.7083680958904109
1 0.7840560063938619 0.7720979885844749 0.7490324450127878 0.7481335616438356 0.7144682992327366 0.7567737602739726 0.7090781700767264 0.7834468789954339 0.7142864987212276 0.8078105821917808 0.7399031304347826 0.8227384383561644 0.7531794565217392 0.8442354817351598 0.7987277749360615 0.8542658858447488 0.8072723836317136 0.8468608333333334 0.80609805370844 0.821063801369863 0.7840560063938619 0.7720979885844749
1 0.9338863900255755 0.8492046575342466 0.9416820383631713 0.8489313675799086 0.9494830805626598 0.7746481803652968 0.9257790831202046 0.7661606735159817 0.9094047826086956 0.7741631894977169 0.891691547314578 0.7702624771689497 0.8830560396419437 0.8031859429223743 0.891124037084399 0.8003192808219178 0.8927012762148337 0.8099533127853881 0.9264596061381074 0.8336391187214612 0.9338863900255755 0.8492046575342466
1 0.09173631329923274 0.6219607579908676 0.08310080434782609 0.6548842237442922 0.09148081074168797 0.6613729748858447 0.09052758823529412 0.6704497602739726 0.11583220971867007 0.6760222100456621 0.12509173401534526 0.6618095639269407 0.12534723657289004 0.6223973493150684 0.10581845780051151 0.611131799086758 0.09173631329923274 0.6219607579908676
1 0.23091172890025574 0.6526092168949771 0.22590731074168796 0.7002623538812784 0.23696518542199488 0.7305575639269407 0.2521479590792839 0.7339010319634702 0.2580146982097187 0.7026895182648402 0.28238329411764707 0.6801957351598173 0.2695098746803069 0.6425356894977169 0.24673571483375958 0.6375204885844749 0.23091172890025574 0.6526092168949771
1 0.4333315025575447 0.7343318127853882 0.44955839641943734 0.7030800821917808 0.4396920511508951 0.6614388881278539 0.4094911074168798 0.6408581461187215 0.3966004910485934 0.6403411187214612 0.3901097327365729 0.6528418127853881 0.3816216304347826 0.7090144931506849 0.3819336406649616 0.718369901826484 0.39663980051150893 0.7262517625570777 0.3997942813299233 0.7455198310502283 0.40485520460358054 0.7466343173515981 0.4138764245524297 0.7346908698630137 0.4333315025575447 0.7343318127853882
1 0.46129187851662407 0.6406570547945206 0.4389034309462916 0.6566218698630136 0.4431585383631714 0.6900623630136986 0.4526391726342711 0.7107235410958904 0.48047425575447567 0.7168532305936073 0.4990498145780051 0.7371955684931507 0.5185957902813298 0.711318095890411 0.5207405421994885 0.6908953242009132 0.5092060562659847 0.6651385091324201 0.46129187851662407 0.6406570547945206
1 0.5875029757033248 0.6591638812785388 0.5796560856777494 0.6969043630136986 0.6127904002557545 0.7018793470319635 0.6389573439897699 0.7238934178082191 0.6655271956521739 0.7297444863013699 0.6539927097186701 0.7039876712328768 0.6513148427109975 0.6801812100456621 0.6127338938618926 0.6531117214611872 0.5875029757033248 0.6591638812785388
1 0.8130261125319693 0.7181140684931506 0.8115053797953965 0.7572476621004567 0.8832943439897698 0.8009167465753425 0.8946986202046036 0.7662813287671233 0.886483216112532 0.7458987716894977 0.8758110537084398 0.7365835821917808 0.871153037084399 0.7193060913242009 0.8331961061381074 0.7109474200913242 0.8130261125319693 0.7181140684931506
1 0.7069850089514066 0.6924405936073059 0.6588325255754476 0.6702283401826484 0.6556608503836316 0.6881032922374429 0.6788944232736573 0.7257231187214612 0.6750815332480818 0.7620302694063926 0.6791892365728901 0.7722215479452055 0.6942983056265984 0.7639404086757992 0.7105080038363171 0.769831696347032 0.7245164437340154 0.7473781301369864 0.7249193529411765 0.7312151301369862 0.7069850089514066 0.6924405936073059
1 0.5768652058823529 0.5755626506849315 0.5596285831202046 0.5671235456621004 0.537881347826087 0.5646561621004567 0.5265679731457801 0.5737731689497717 0.5201337212276215 0.6350414863013698 0.5504083670076727 0.6672468333333333 0.5799852915601023 0.6691167534246575 0.5945612442455243 0.6166063835616439 0.5954407634271099 0.5959049885844749 0.584842304347826 0.598214404109589 0.5768652058823529 0.5755626506849315
1 0.35053625319693094 0.5489384657534246 0.3396994872122762 0.5535170776255708 0.32752378772378515 0.5461924589041096 0.3149451803069054 0.5550308424657534 0.30819892071611255 0.6069437511415525 0.3278751061381074 0.64145851369863 0.36456680690537085 0.6495385616438356 0.37140396675191817 0.5721072442922375 0.3654807199488491 0.5545511301369863 0.35053625319693094 0.5489384657534246
1 0.20096628900255756 0.5926162625570777 0.2094199987212276 0.6107296187214611 0.24611169820971868 0.6188096666666667 0.24827364578005115 0.5612438767123288 0.24060855626598465 0.5479475342465754 0.22163009079283888 0.5437681986301369 0.20501748465473146 0.5540399132420091 0.20096628900255756 0.5926162625570777
1 0.08386731074168798 0.5366475776255708 0.08139335549872122 0.5848579589041095 0.12085382352941176 0.5912260547945206 0.1234751854219949 0.5662648881278539 0.11795484654731458 0.5325457739726027 0.10095652813299232 0.5218374703196347 0.09059637468030692 0.5218776872146118 0.08386731074168798 0.5366475776255708
1 0.028032542199488492 0.538281997716895 0.02374304092071611 0.5791275433789954 0.061938277493606135 0.5852170182648402 0.06653978772378517 0.5537268835616438 0.06410022506393862 0.5276512260273972 0.045836676470588235 0.5166642990867579 0.03800698465473146 0.5172617625570777 0.028032542199488492 0.538281997716895
1 0.2508778120204604 0.5734257260273973 0.28575396547314574 0.5741409406392695 0.2938391598465473 0.5341312625570777 0.2694140588235294 0.5078574200913242 0.24995898209718673 0.5082164794520548 0.244477952685422 0.5604080091324201 0.2508778120204604 0.5734257260273973
1 0.39509203836317136 0.48213501369863015 0.38106640025575444 0.5417315981735159 0.37915995524296675 0.5598851735159818 0.38405627621483374 0.5748934680365296 0.4043736777493606 0.5909760319634704 0.44256891432225065 0.5970655045662101 0.44645550767263426 0.5723829611872145 0.43999914322250644 0.5105976164383561 0.41786619820971865 0.4871502168949772 0.39509203836317136 0.48213501369863015
0 0.2989338644501279 1 0.2877732148337596 0.9530389680365297 0.17184209590792837 0.9301606369863015 0.18198197186700765 0.9924071461187215 0.21646131202046037 1 0.2989338644501279 1
0 0.3925895460358056 0.7507576210045662 0.3309160140664962 0.7464559383561644 0.35495631202046035 0.8361412305936072 0.44022218030690535 0.8394614109589041 0.3925895460358056 0.7507576210045662
0 0.6874433439897698 0.781221401826484 0.6607822289002558 0.7886069086757991 0.6814526099744246 0.8616069748858447 0.7538281598465473 0.8674263607305936 0.6874433439897698 0.781221401826484
0 0 0.6433514908675799 0.05970225063938619 0.6631097077625571 0.06437816624040921 0.6185846506849314 0.0038071061381074168 0.6087182442922374 0 0.6345011095890412 0 0.6433514908675799
0 0.20179582992327366 0.6724670319634704 0.19183266368286447 0.6373723356164384 0.1480836483375959 0.6468218881278539 0.15446377621483376 0.6839775799086758 0.20179582992327366 0.6724670319634704
0 0.36997442966751914 0.7381849840182648 0.34817558695652173 0.6768629566210046 0.311129831202046 0.6742845821917809 0.32814082097186703 0.7331906461187214 0.36997442966751914 0.7381849840182648
0 0.5806579296675192 0.7128740182648401 0.5572083670076726 0.680714703196347 0.5281018823529412 0.692516401826484 0.5599791879795396 0.7260360433789954 0.5806579296675192 0.7128740182648401
0 0.7052388427109973 0.6559479109589041 0.7493020652173913 0.6934903127853882 0.7902210920716113 0.6847855570776256 0.7560243772378517 0.6625049315068493 0.7052388427109973 0.6559479109589041
0 0.6724321943734016 0.654628691780822 0.7099416713554988 0.6873534246575341 0.7416551342710999 0.6901191598173516 0.7070193273657288 0.6614016917808219 0.6724321943734016 0.654628691780822
0 0.6220315920716112 0.6460605251141552 0.6517805396419437 0.6720146484018266 0.6799600294117647 0.6680969337899544 0.6599070191815857 0.6476703310502283 0.6220315920716112 0.6460605251141552
0 0.4758304398976982 0.6265189931506849 0.501926395140665 0.655886707762557 0.546433415601023 0.6623133652968036 0.5143306278772378 0.6219441255707762 0.4758304398976982 0.6265189931506849
0 0.48493857033248083 0.6428660844748859 0.46571571099744247 0.6107938904109589 0.41734670332480817 0.6153611461187215 0.4424663273657289 0.6529159863013698 0.48493857033248083 0.6428660844748859
0 0.42884477877237853 0.6347314452054795 0.4144817621483376 0.6011986803652968 0.37298879795396417 0.6119247283105023 0.3865782148337596 0.6338597945205479 0.42884477877237853 0.6347314452054795
0 0.3167216150895141 0.6342798607305936 0.2961512851662404 0.5926313447488584 0.2552737902813299 0.5950632557077625 0.27123501534526856 0.6326991141552512 0.3167216150895141 0.6342798607305936
0 0.2036576176470588 0.618886200913242 0.18967346675191815 0.5727827716894976 0.1351789590792839 0.5679979863013699 0.13741111125319694 0.6177954429223744 0.2036576176470588 0.618886200913242
0 0 0.49639261872146123 0.03359319820971867 0.5050133561643836 0.0397624820971867 0.47999803881278535 0 0.46977786529680365 0 0.49639261872146123
0 0.039812604859335035 0.4795207579908676 0.031895028132992324 0.5056161118721462 0.07622005626598466 0.5168424337899543 0.08144636700767263 0.4883368173515982 0.039812604859335035 0.4795207579908676
0 0.08076008695652173 0.48658429223744293 0.0783694462915601 0.5119432511415525 0.11974931074168799 0.5200788698630137 0.11994378388746803 0.49803644520547946 0.08076008695652173 0.48658429223744293
0 0.11692949104859335 0.4950377191780822 0.1223466969309463 0.5186972671232877 0.167639915601023 0.5232990251141553 0.1589428989769821 0.5029588150684932 0.11692949104859335 0.4950377191780822
0 0.16272088363171355 0.5026796347031963 0.17058508951406648 0.5263896164383561 0.21401407033248082 0.5305808789954338 0.2032693030690537 0.5090543333333334 0.16272088363171355 0.5026796347031963
0 0.20418532992327368 0.5074151073059361 0.21015398593350385 0.5258236232876712 0.24531139897698212 0.5257513105022831 0.24106201918158568 0.5124891050228311 0.20418532992327368 0.5074151073059361
0 0.2892365115089514 0.5235556712328767 0.2993210537084399 0.5459479063926941 0.3376586163682864 0.5441339292237443 0.32461522890025574 0.5256326415525114 0.2892365115089514 0.5235556712328767
0 0.3300920230179028 0.5253735228310502 0.34258713554987213 0.5413120890410958 0.3775251675191816 0.5485174840182648 0.3607230089514067 0.5278427922374429 0.3300920230179028 0.5253735228310502
0 0.009395772378516624 0.4474254703196347 0.00006514066496163682 0.4688140867579909 0.03833061636828645 0.4806595525114155 0.043874755754475706 0.45684624657534245 0.009395772378516624 0.4474254703196347
0 0.04553069693094629 0.4588017945205479 0.04122881713554987 0.4764137420091324 0.0794128503836317 0.48384559360730595 0.08341435805626599 0.4631095753424658 0.04553069693094629 0.4588017945205479
0 0.08467974808184142 0.46742298630136986 0.07947861125319693 0.4858137694063927 0.1228073388746803 0.49095967351598174 0.1219117787723785 0.472809203196347 0.08467974808184142 0.46742298630136986
0 0.12150082736572891 0.4696706210045662 0.12249087084398978 0.4913783812785388 0.16039291815856777 0.49630622831050225 0.1547922685421995 0.477606098173516 0.12150082736572891 0.4696706210045662
0 0.15507280051150896 0.4795056803652968 0.16079084015345269 0.5003010251141552 0.19924116879795395 0.5077915182648403 0.19236078132992326 0.4799025479452055 0.15507280051150896 0.4795056803652968
0 0.1954218465473146 0.48448395890410956 0.20347098976982098 0.5038389520547946 0.23864402813299232 0.5062122100456621 0.22796490664961636 0.48150043835616435 0.1954218465473146 0.48448395890410956
0 0.23350875831202045 0.48505672602739724 0.24183985933503838 0.5069159771689498 0.27403323913043476 0.5091213904109589 0.26459001534526855 0.48956582191780823 0.23350875831202045 0.48505672602739724
0 0.2743371726342711 0.49844338127853877 0.2806411138107417 0.5110648630136986 0.31667893734015345 0.515582107305936 0.30704410997442455 0.494027098173516 0.2743371726342711 0.49844338127853877
0 0.3117911841432225 0.49985363926940635 0.3224377084398977 0.5178270662100457 0.354414915601023 0.5194965547945205 0.33979917647058827 0.5000183036529681 0.3117911841432225 0.49985363926940635
0 0 0.4392349474885845 0.01244436189258312 0.4417476278538813 0.018916667519181585 0.4220236849315068 0 0.41983277625570775 0 0.4392349474885845
0 0.024438203324808186 0.4209453767123288 0.021699780051150898 0.4418321095890411 0.04791506777493606 0.44907032420091325 0.052048007672634275 0.4244319520547945 0.024438203324808186 0.4209453767123288
0 0.05817938363171355 0.42398007534246573 0.05132707800511509 0.45031016894977166 0.08293770076726342 0.4528755730593607 0.08692623017902812 0.4296687785388128 0.05817938363171355 0.42398007534246573
0 0.08381189386189258 0.43157831050228307 0.08247086956521739 0.4547264680365297 0.11907264961636829 0.4642518652968037 0.11556040792838874 0.43597444063926943 0.08381189386189258 0.43157831050228307
0 0.11394055370843989 0.43528266666666665 0.11779118414322251 0.4634812351598174 0.1491542787723785 0.46061977397260273 0.14044996547314578 0.4390116187214612 0.11394055370843989 0.43528266666666665
0 0.20783871739130436 0.44668073744292236 0.22478913938618927 0.4772756735159817 0.24767699872122761 0.47987389269406394 0.23871516624040923 0.45698524429223747 0.20783871739130436 0.44668073744292236
0 0.2458535345268542 0.46091302054794525 0.2545856560102302 0.47895326255707765 0.28304743094629153 0.48815141552511415 0.2668088567774936 0.4619499520547945 0.2458535345268542 0.46091302054794525
0 0.27892732864450126 0.46770795662100456 0.28814199104859334 0.48634285616438355 0.313959384910486 0.4895862054794521 0.30131080818414324 0.4707697191780822 0.27892732864450126 0.46770795662100456
0 0.30885546547314574 0.4733217420091324 0.32194898465473143 0.4913456324200913 0.34753449616368287 0.4916075 0.32699170204603584 0.47275922374429225 0.30885546547314574 0.4733217420091324
0 0.4404206035805626 0.5359942442922374 0.46188282225063937 0.5651407237442923 0.49709032864450126 0.5645910091324201 0.4543746739130435 0.5313591757990868 0.4404206035805626 0.5359942442922374
0 0.2188421598465473 0.5468771073059361 0.2137194641943734 0.5359809406392694 0.1895179168797954 0.5426841095890411 0.1982603043478261 0.5638344543378996 0.2188421598465473 0.5468771073059361
0 0.32557699872122764 0.5527991529680365 0.31559154603580564 0.546693 0.2897420601023018 0.5549794520547945 0.29855017263427114 0.5766400707762557 0.32557699872122764 0.5527991529680365
0 0 0.5099096780821918 0.0229097915601023 0.5176691164383561 0.024109599744245525 0.49866018721461186 0 0.49214598630136985 0 0.5099096780821918