1 0 0.6696197160493826 0.08115842214532872 0.7190852345679013 0.10719541522491349 0.6938965864197532 0.10419029238754325 0.5469926697530865 0.04262910553633218 0.5052990555555555 0 0.5423646851851852 0 0.6696197160493826
1 0.6857681505190312 0.7295936604938272 0.6528838010380622 0.8536386790123457 0.7421413408304498 0.8350272407407408 0.758321081314879 0.7626881975308641 0.6857681505190312 0.7295936604938272
1 0.5152429186851211 0.7808374135802469 0.5916594083044983 0.8325969598765433 0.6381879705882353 0.7041805185185185 0.5793846089965398 0.6502605462962963 0.5152429186851211 0.7808374135802469
1 0.5344135726643598 0.5978176790123456 0.48230976816608995 0.5730144753086419 0.4095977370242214 0.7011491111111111 0.48566197231833913 0.7540742561728395 0.5409421712802769 0.6727247222222222 0.5344135726643598 0.5978176790123456
0 0.43297488754325264 0.6395025524691358 0.3967603356401384 0.6047146234567902 0.3475541089965398 0.5747237530864198 0.3019047387543252 0.6150472314814815 0.29167316435986157 0.6388114043209877 0.3628478148788927 0.7000728981481482 0.43297488754325264 0.6395025524691358
1 0.2201304705882353 0.38957523765432095 0.19021541003460207 0.35187177160493827 0.12202340484429065 0.381237212962963 0.07511927508650519 0.4611274043209877 0.14695937889273356 0.5369006172839507 0.22079928892733564 0.48825741358024694 0.2201304705882353 0.38957523765432095
1 0.05547445328719723 0.44498184567901233 0.1407813027681661 0.3829347592592593 0.1377008650519031 0.3184737839506173 0.1027290570934256 0.2860328148148148 0.051070411764705885 0.3199121265432099 0.0008492491349480969 0.3838732777777778 0.05547445328719723 0.44498184567901233
1 0 0.35918795679012344 0.001698825259515571 0.3575007314814815 0.010647615916955016 0.3699139475308642 0.06544414878892733 0.30240676234567904 0.0706439446366782 0.2464246141975309 0.06034117820069204 0.2262271728395062 0.027600979238754327 0.20975173456790125 0.012923351211072664 0.2112442962962963 0 0.25677383950617283 0 0.35918795679012344
1 0.7881576038062283 0.7881292067901234 0.8300309273356401 0.816701037037037 0.8364721211072664 0.8153579598765431 0.8399502923875433 0.7814220771604938 0.8336924117647059 0.753251487654321 0.8002752249134948 0.7328839351851852 0.7800337456747405 0.7414238487654321 0.7697821003460208 0.8152038888888888 0.7881576038062283 0.7881292067901234
1 0.6485439117647059 0.633445725308642 0.638406133217993 0.6063898549382716 0.6115767993079585 0.600476037037037 0.5927063373702423 0.6481260030864198 0.5959262889273357 0.6744449969135803 0.6263055501730104 0.6929609537037037 0.6415974515570934 0.7147252808641975 0.6503891574394464 0.6930008888888889 0.6532485778546713 0.668392762345679 0.6485439117647059 0.633445725308642
1 0.47148519031141867 0.49769366666666665 0.4441438564013841 0.48102930555555556 0.41176771280276814 0.5134886635802469 0.3762477716262976 0.5632053240740741 0.41873666089965395 0.6082030216049383 0.43696421799307955 0.6193125925925925 0.463776508650519 0.5939005864197531 0.48145798269896195 0.531607962962963 0.47148519031141867 0.49769366666666665
1 0.28435684775086506 0.4601890432098765 0.28924371107266433 0.4492495802469135 0.30725515743944637 0.3732401049382716 0.30623115570934256 0.35173902160493825 0.2918835 0.3395147283950617 0.24885757612456746 0.33416767283950616 0.21783541003460208 0.3744112592592592 0.2203954152249135 0.42816396604938267 0.24149591176470586 0.44798356481481477 0.24555783910034604 0.4713362407407407 0.2516336903114187 0.4750394351851852 0.26444534256055363 0.4550121049382716 0.28435684775086506 0.4601890432098765
1 0.23485409861591694 0.28934496604938276 0.1705626920415225 0.2710367438271605 0.14543435121107265 0.2905161203703704 0.13785657612456748 0.31721295679012346 0.1466574221453287 0.36781042592592594 0.17685465224913494 0.361858987654321 0.2306783062283737 0.36682819753086415 0.24079894290657441 0.3316419351851852 0.23485409861591694 0.28934496604938276
1 0.07856873356401384 0.23733674691358023 0.08832542041522491 0.1841319938271605 0.06367499653979239 0.1517102561728395 0.03081531833910035 0.1482100987654321 0.013114709342560553 0.2105701358024691 0.03991767128027681 0.21029968827160495 0.07856873356401384 0.23733674691358023
1 0.19645064359861591 0.14216929938271605 0.18850881487889273 0.11993134259259258 0.1635284186851211 0.10122646604938272 0.14057898615916956 0.09419792592592592 0.12084950865051904 0.11348837962962963 0.11038175432525951 0.10014936728395062 0.10128501730103806 0.1259204074074074 0.0917103598615917 0.2035925586419753 0.12496255882352941 0.2308185401234568 0.17371732006920415 0.22225981481481483 0.19645064359861591 0.14216929938271605
1 0.4106414671280277 0.3040326203703704 0.40101568858131487 0.28772729320987656 0.3819461557093426 0.2795840339506173 0.366938553633218 0.29479345370370375 0.3402422352941176 0.3723066296296296 0.38987370242214536 0.40621653086419757 0.41912937889273355 0.39967277469135803 0.43697583910034604 0.330521725308642 0.42751504671280277 0.3073579691358025 0.4106414671280277 0.3040326203703704
1 0.521707794117647 0.39608325925925925 0.5068651782006921 0.4044342530864198 0.48125891522491343 0.475814737654321 0.5253088408304498 0.5026628765432098 0.5433543719723184 0.48930505246913586 0.5576679446366781 0.4388776913580247 0.5444922387543253 0.40997022839506175 0.521707794117647 0.39608325925925925
1 0.6633183667820068 0.49979142592592596 0.6408979775086505 0.5348392561728395 0.6316362508650519 0.567468725308642 0.6778821297577855 0.5991347716049382 0.6986015294117647 0.5386937469135803 0.6984195017301038 0.5142263487654322 0.6871097733564014 0.5038536512345679 0.6633183667820068 0.49979142592592596
1 0.7245888875432527 0.5475738796296297 0.709251311418685 0.5765001574074073 0.6989826262975778 0.6189543703703704 0.7437095397923875 0.6496946203703704 0.7588650882352942 0.5963009444444445 0.7581710605536333 0.5610830030864198 0.7498992577854672 0.5525619043209876 0.7245888875432527 0.5475738796296297
1 0.784340446366782 0.5944305370370371 0.7670059861591695 0.6743321265432098 0.816454776816609 0.7009913425925925 0.833294276816609 0.641665037037037 0.8280433581314879 0.6036697067901234 0.795303160899654 0.5871942654320987 0.784340446366782 0.5944305370370371
1 0.45961233910034605 0.38259294444444447 0.4980984134948097 0.4164884351851852 0.5114220674740484 0.4072116450617284 0.5307874913494809 0.33898639197530867 0.5096869948096886 0.3191667962962963 0.47021099826989615 0.32642187654320987 0.45961233910034605 0.38259294444444447
1 0.3711313892733564 0.24863604938271605 0.3847509342560554 0.16299075 0.35740960034602076 0.1463263888888889 0.3218135034602076 0.15246675308641974 0.2847325242214533 0.22033297222222223 0.2769897647058824 0.253888237654321 0.32171667993079583 0.28462849074074076 0.35174892560553633 0.285535475308642 0.36439558996539795 0.27236657407407405 0.3711313892733564 0.24863604938271605
0 0.1700826384083045 0.5686762839506173 0.26493773183391 0.6496546388888889 0.3348037024221453 0.5657603425925926 0.2652709359861592 0.5094730586419752 0.1700826384083045 0.5686762839506173
0 0.7511326124567475 0.7051460648148148 0.6801016193771626 0.6566493271604938 0.66358080449827 0.7148528950617283 0.7400308823529411 0.7513341666666666 0.7511326124567475 0.7051460648148148
0 0.549815615916955 0.6455137716049383 0.574846008650519 0.6071900833333334 0.5315960069204152 0.5522287283950618 0.5036488148788927 0.5845033055555556 0.549815615916955 0.6455137716049383
0 0.34879627335640134 0.5517785 0.4040191816608997 0.49187735185185183 0.3174504221453287 0.40717055555555554 0.2635739567474048 0.4865198549382716 0.34879627335640134 0.5517785
0 0.08593156920415225 0.29197805864197535 0.13707750865051904 0.2834359382716049 0.11098261072664359 0.24023789814814817 0.06971373529411765 0.2555427561728395 0.08593156920415225 0.29197805864197535
0 0.1864270813148789 0.21229254629629632 0.1317064411764706 0.2288469814814815 0.183499392733564 0.2654717098765432 0.22630581487889276 0.25616114814814817 0.1864270813148789 0.21229254629629632
0 0.2499649480968858 0.32115373456790125 0.295681723183391 0.30102475308641974 0.24500731660899652 0.24733061111111113 0.20840285294117647 0.2667427839506173 0.2499649480968858 0.32115373456790125
0 0.3203401314878893 0.35393249691358025 0.3458586937716263 0.34109681172839507 0.30569601038062283 0.28684864814814814 0.27369632006920414 0.3128602777777778 0.3203401314878893 0.35393249691358025
0 0.4470367993079585 0.46748111111111107 0.48277783910034605 0.43812796604938276 0.4392581885813149 0.3944673024691358 0.3965271989619377 0.42405271913580245 0.4470367993079585 0.46748111111111107
0 0.6006204429065743 0.5829198302469136 0.6272573114186851 0.5252600925925925 0.5653403806228374 0.4767079722222222 0.5276470778546712 0.5182140709876544 0.6006204429065743 0.5829198302469136
0 0.9008921764705883 0.7110960586419753 0.8278731262975779 0.6746493024691358 0.8258224671280276 0.7252362283950617 0.888344152249135 0.7553033086419754 0.9008921764705883 0.7110960586419753
0 0.8781145190311418 0.6114318734567901 0.9235446833910034 0.6312902592592593 0.9247007750865052 0.627217299382716 0.9241428944636678 0.6063867067901234 0.8750371833910034 0.5773496080246914 0.8781145190311418 0.6114318734567901
0 0.830583062283737 0.5846578086419753 0.8724657820069204 0.6133474104938271 0.874751991349481 0.5757118086419754 0.8264384844290658 0.5477290277777778 0.830583062283737 0.5846578086419753
0 0.7689490605536332 0.5507521512345679 0.8209444031141868 0.5801141604938271 0.822847901384083 0.541880737654321 0.7743572889273356 0.5145219104938271 0.7689490605536332 0.5507521512345679
0 0.7247224861591696 0.4830099845679013 0.7165871833910035 0.5224977901234569 0.7705132093425605 0.5531692962962963 0.774534384083045 0.513898 0.7247224861591696 0.4830099845679013
0 0.6779109965397924 0.4563100092592593 0.667413544982699 0.4830110339506173 0.716617178200692 0.5144642962962963 0.7263244878892734 0.48158638271604937 0.6779109965397924 0.4563100092592593
0 0.6328720882352942 0.42336515432098765 0.6134784930795848 0.4391584259259259 0.6652444930795848 0.4787611759259259 0.6826642958477509 0.4557077469135803 0.6328720882352942 0.42336515432098765
0 0.581437544982699 0.3865222037037037 0.5592282231833909 0.4017014351851852 0.6087561453287197 0.43994003703703705 0.628876347750865 0.41926450308641977 0.581437544982699 0.3865222037037037
0 0.5384406851211072 0.35299065740740737 0.5273498823529411 0.3647045 0.565760875432526 0.3998273148148148 0.5812323062283737 0.38363808641975305 0.5384406851211072 0.35299065740740737
0 0.4406854169550173 0.2855321635802469 0.41743239273356403 0.2947826882716049 0.4584747647058824 0.3351691049382716 0.48038272837370244 0.3182908888888889 0.4406854169550173 0.2855321635802469
0 0.4001261401384083 0.25220705555555556 0.37170670588235294 0.260325438271605 0.4134139411764706 0.2864777901234568 0.43482221453287195 0.2797627037037037 0.4001261401384083 0.25220705555555556
0 0.9178026816608997 0.5931672962962963 0.9106210692041522 0.561519 0.8699379221453287 0.5464268549382716 0.8749245865051903 0.5684973024691358 0.9178026816608997 0.5931672962962963
0 0.8257052525951557 0.5170886203703704 0.8257944896193772 0.5407487685185185 0.8676053442906574 0.5625723518518518 0.863893098615917 0.5346908055555556 0.8257052525951557 0.5170886203703704
0 0.7811094878892734 0.48258255246913584 0.7756016764705883 0.5167443302469136 0.8232021574394464 0.5406326790123457 0.8233911557093426 0.5056133271604938 0.7811094878892734 0.48258255246913584
0 0.7348279792387543 0.45071165432098764 0.7291284480968858 0.4796355277777778 0.7744953529411766 0.5087503271604938 0.7783484723183391 0.4832839938271605 0.7348279792387543 0.45071165432098764
0 0.6880164913494811 0.42401167901234565 0.6782180865051903 0.44494615123456793 0.728100223183391 0.4819368364197531 0.731348392733564 0.45463775617283947 0.6880164913494811 0.42401167901234565
0 0.6497295224913494 0.39701340432098764 0.6345188321799308 0.4139200462962963 0.6783607128027681 0.44576503703703707 0.689990875432526 0.42064689197530863 0.6497295224913494 0.39701340432098764
0 0.607530937716263 0.36233639197530865 0.5864560640138409 0.3890178086419753 0.6321426695501731 0.4183274660493827 0.6484997698961938 0.3990181913580247 0.607530937716263 0.36233639197530865
0 0.5678199152249135 0.3287769197530864 0.544134723183391 0.3478519814814815 0.5837510743944636 0.3800494320987654 0.6019574861591696 0.3647953086419753 0.5678199152249135 0.3287769197530864
0 0.5238499342560553 0.30197751234567904 0.5040215778546713 0.3160835802469136 0.540297991349481 0.34551351543209874 0.5600295224913495 0.32752886728395064 0.5238499342560553 0.30197751234567904
0 0.47525689619377165 0.2650351327160494 0.4542475103806229 0.28135469753086423 0.49585127508650517 0.31183568209876544 0.5088775155709343 0.3029398024691358 0.47525689619377165 0.2650351327160494
0 0.4365267871972318 0.23959807098765432 0.41107963321799307 0.24845653086419753 0.4468592560553633 0.2783155216049383 0.4672347301038062 0.2673112098765432 0.4365267871972318 0.23959807098765432
0 0.9034958321799308 0.5471168919753087 0.9411249238754325 0.5693542932098765 0.9419261885813149 0.5665313981481481 0.9309368269896194 0.5262871975308642 0.8950176470588236 0.5082788117283951 0.9034958321799308 0.5471168919753087
0 0.8628963858131489 0.4884796265432099 0.8644199498269896 0.526228237654321 0.8916313494809689 0.5413495956790123 0.8912154359861592 0.5044974691358024 0.8628963858131489 0.4884796265432099
0 0.8253220363321799 0.4655783117283951 0.8228161799307959 0.49574736111111106 0.8546119204152249 0.5158584938271604 0.8538462629757786 0.486844975308642 0.8253220363321799 0.4655783117283951
0 0.7879213598615917 0.43545759876543205 0.7804694515570934 0.46920524074074077 0.8126539394463668 0.48662553703703704 0.819807937716263 0.4587791419753086 0.7879213598615917 0.43545759876543205
0 0.7472360311418685 0.4069975339506173 0.7403217871972319 0.43887972222222227 0.7761358494809688 0.4672960092592593 0.7814359982698962 0.42880401234567905 0.7472360311418685 0.4069975339506173
0 0.7128595 0.3860452685185185 0.6952790934256055 0.41655032407407405 0.7399329619377162 0.44157073456790125 0.7497138754325259 0.412397425925926 0.7128595 0.3860452685185185
0 0.684165982698962 0.3648941419753086 0.6641483321799309 0.3822049135802469 0.6970548702422146 0.4169006327160494 0.7149670017301037 0.38682762962962963 0.684165982698962 0.3648941419753086
0 0.5679756487889273 0.2885829660493827 0.5470542162629758 0.3071769783950617 0.5733455069204153 0.32686119444444445 0.6067471868512111 0.30696092592592594 0.5679756487889273 0.2885829660493827
0 0.5348417162629757 0.2665567469135802 0.5043532058823529 0.28188300925925924 0.5399466280276817 0.2991850956790123 0.5582610847750865 0.28619264814814815 0.5348417162629757 0.2665567469135802
0 0.492826955017301 0.24278033950617287 0.46985251730103805 0.25280334876543215 0.49966083910034603 0.27463117592592595 0.5187919134948097 0.26140449074074074 0.492826955017301 0.24278033950617287
0 0.4637771280276816 0.21958072530864198 0.4321545813148789 0.22177504320987654 0.460260669550173 0.2469571790123457 0.48333655709342566 0.23833071296296296 0.4637771280276816 0.21958072530864198
0 0.29600548615916955 0.16310783950617283 0.23314719377162627 0.16050297530864197 0.2713810051903114 0.19624981172839506 0.30901273702422144 0.1825875864197531 0.29600548615916955 0.16310783950617283
0 0.5602981730103807 0.45738998148148147 0.5801350138408304 0.4406676944444444 0.5569265692041522 0.4084888950617284 0.5460303823529412 0.41648715123456787 0.5602981730103807 0.45738998148148147
0 0.4444048460207612 0.3728463240740741 0.4645614965397924 0.3555759043209876 0.44032025778546713 0.3198508827160494 0.426433839100346 0.31724293518518515 0.4444048460207612 0.3728463240740741
0 0.8869757179930796 0.6333255 0.8346610761245674 0.6069735679012346 0.8308452249134948 0.6505423086419754 0.8813975968858132 0.6757906450617284 0.8869757179930796 0.6333255
0 0.8250092370242215 0.5759236820987654 0.7824066989619377 0.5525629259259259 0.7744825570934256 0.5766178611111111 0.8199615173010381 0.5979181820987655 0.8250092370242215 0.5759236820987654