1 0.13920536745406825 1 0.1426093713910761 0.8820420116822429 0.05251011023622047 0.8860835093457944 0.03096722309711286 1 0.13920536745406825 1
1 0.2807669842519685 1 0.26975902624671916 0.933181331775701 0.1918968307086614 0.9433856471962616 0.19265435564304462 1 0.2807669842519685 1
1 0.5833488832020998 1 0.5415419763779528 0.9107306098130842 0.43861220866141737 0.9401726822429907 0.44644087007874017 0.9629658598130841 0.4633128503937008 1 0.5833488832020998 1
1 0.7421320262467191 1 0.7397654330708662 0.9826006191588785 0.657537905511811 0.8247205046728971 0.6032841351706036 0.8252829462616822 0.5677304002624672 0.9214700303738318 0.6045612716535432 1 0.7421320262467191 1
1 0.855648843832021 1 0.8253854960629922 0.9505695794392522 0.7816048937007875 0.8729234392523364 0.6966704212598425 0.8787688831775702 0.7580454422572178 1 0.855648843832021 1
1 0.9589048438320209 1 0.9619832979002625 0.9328574532710281 0.9451361784776903 0.9021635420560747 0.9043883884514435 0.8695813294392524 0.8355647559055118 0.883583523364486 0.8255855866141733 0.9298041892523364 0.8854351286089238 1 0.9589048438320209 1
1 0 0.8075431028037383 0.041895917322834646 0.8067197920560748 0.05403324803149606 0.7051747359813084 0.02303507480314961 0.6823583528037384 0 0.6793149836448598 0 0.8075431028037383
1 0.1387315971128609 0.690351581775701 0.0784349186351706 0.6803652570093458 0.06745485826771654 0.8102700957943925 0.13351784776902886 0.8090351401869159 0.1387315971128609 0.690351581775701
1 0.23414139895013125 0.6845456425233646 0.17911676115485564 0.694438179906542 0.1837962099737533 0.8001692710280374 0.2511430393700787 0.7994678808411215 0.23414139895013125 0.6845456425233646
1 0.2787410590551181 0.7947312126168223 0.3460963884514435 0.7931009929906542 0.3223054120734908 0.6760253154205608 0.2787680131233596 0.6695415747663551 0.25700438188976377 0.7163874088785047 0.2787410590551181 0.7947312126168223
0 0.37733916797900263 0.7347443621495328 0.3430927034120735 0.7418860934579439 0.3803497047244095 0.8129760817757009 0.44604154855643047 0.8036589766355141 0.4439962230971129 0.7833788481308411 0.4199470052493438 0.7365085373831776 0.37733916797900263 0.7347443621495328
1 0.5850235695538057 0.6578804112149532 0.5546975209973753 0.6697317920560748 0.531796406824147 0.7349396191588784 0.5744634803149606 0.7997479088785047 0.643935595800525 0.7810914228971962 0.6279607309711286 0.70740525 0.5850235695538057 0.6578804112149532
1 0.6139294645669291 0.700270738317757 0.6618937755905512 0.7790263738317758 0.7155117677165355 0.7625221238317756 0.6935057742782152 0.6979483107476636 0.6636213044619422 0.6527088644859813 0.6308119776902887 0.6588400771028037 0.6139294645669291 0.700270738317757
1 0.7356006574803149 0.6351633457943926 0.7080411404199475 0.6316799369158879 0.695958624671916 0.640548906542056 0.6870255551181103 0.679998320093458 0.7115545196850395 0.7489409579439253 0.7208839658792651 0.7446426191588785 0.7296008123359581 0.7637420280373832 0.7750975065616797 0.7520435700934579 0.7861900866141733 0.714554261682243 0.7562775 0.6500733341121495 0.7356006574803149 0.6351633457943926
1 0.9071665800524935 0.67037475 0.8694524212598425 0.652417023364486 0.8348264488188976 0.6673795140186917 0.8314607795275591 0.6953478901869159 0.8387398307086613 0.7190723901869159 0.8661155695538058 0.7295751238317757 0.8814087900262467 0.7489468247663551 0.9287586955380577 0.750907343457944 0.9368953858267716 0.741875 0.9336234199475066 0.7159741028037383 0.9071665800524935 0.67037475
1 0.008801224409448818 0.6847088504672897 0.05095128871391076 0.6841117593457944 0.0581690813648294 0.7101760303738317 0.06746970866141733 0.6566879696261683 0.05468451706036745 0.6421047359813085 0.025748464566929134 0.6409066401869159 0.014797444881889764 0.6568493925233644 0.008801224409448818 0.6847088504672897
1 0.20117013648293963 0.6294314742990654 0.1876498254593176 0.6429255327102803 0.1762895157480315 0.6640503528037383 0.17278017322834646 0.6816438574766355 0.17424136220472441 0.6999358971962617 0.19030919160104987 0.6922241728971963 0.21661469553805773 0.6933133504672897 0.22493516535433072 0.6772616822429907 0.2220307598425197 0.6373221378504672 0.20117013648293963 0.6294314742990654
1 0.3323300905511811 0.6489160046728971 0.3310436312335958 0.6980512686915887 0.3447765380577428 0.7267276121495327 0.3605598398950131 0.7273811191588785 0.4016896955380578 0.716225761682243 0.3871428254593176 0.6675816985981308 0.37096314829396326 0.6317771168224299 0.34728819553805773 0.6307968574766356 0.3323300905511811 0.6489160046728971
1 0.5457397769028871 0.695229191588785 0.5598114265091864 0.6606771635514019 0.5463848202099738 0.6203019485981308 0.5138705013123359 0.6049018294392524 0.5006564895013124 0.6066970163551402 0.49502782939632545 0.6205178294392524 0.4908657821522309 0.6789032710280374 0.49193601574803153 0.6883168294392523 0.5075967979002625 0.6936498855140187 0.5123678202099737 0.7125859158878504 0.5176289199475066 0.7128037500000001 0.5258881299212599 0.6990918574766355 0.5457397769028871 0.695229191588785
1 0.552820875328084 0.6221745957943925 0.5521910971128609 0.6499875186915888 0.5924745459317585 0.6703939369158879 0.6130901286089239 0.6876437009345795 0.6309850839895013 0.6579345981308411 0.6315364238845145 0.6368766261682243 0.617680997375328 0.6128798364485981 0.5667528267716535 0.5967172920560748 0.552820875328084 0.6221745957943925
1 0.6972450826771653 0.5914136401869159 0.6922578385826772 0.6310264299065421 0.7265162519685039 0.6301025864485981 0.7550234855643044 0.6476791028037383 0.7826442624671915 0.6488227383177569 0.7687888359580053 0.6248259462616822 0.7641403346456693 0.6012103644859813 0.7225416102362205 0.5807494859813084 0.6972450826771653 0.5914136401869159
1 0.952469717847769 0.5996388831775701 0.9324342900262468 0.6105208738317757 0.9340234238845145 0.6504059579439252 0.9741839960629921 0.6667543738317757 0.9772142349081365 0.6006634299065421 0.952469717847769 0.5996388831775701
1 0.8220124396325459 0.6036065560747664 0.7710230104986877 0.5897837873831776 0.7692176548556431 0.608447523364486 0.7959807939632546 0.6423480023364485 0.7950006351706037 0.6797843948598131 0.8000166955380577 0.6893613294392523 0.8147910223097113 0.6782615046728973 0.8318283385826772 0.6813092429906541 0.8443396732283465 0.6560618551401869 0.8434532191601051 0.6396289742990655 0.8220124396325459 0.6036065560747664
1 0.6796600538057743 0.5087046495327103 0.6613687217847769 0.5032626752336449 0.6389477834645669 0.5046766495327103 0.6281192834645669 0.5159398504672897 0.6264652664041995 0.5791137640186916 0.6599885603674541 0.6062672149532711 0.690362408136483 0.6028402196261683 0.7010395721784777 0.547066843457944 0.7002756351706038 0.5259544135514018 0.6896309146981626 0.5301982897196261 0.6796600538057743 0.5087046495327103
1 0.4462437559055118 0.5224631775700934 0.43553777559055123 0.5290468294392523 0.4225075446194225 0.523822691588785 0.41036376902887134 0.5350314345794392 0.4076395144356955 0.5887917897196261 0.4274356115485564 0.6060200373831776 0.4712429606299212 0.6053701518691589 0.46942862860892387 0.54216163317757 0.4619657979002625 0.5254564579439253 0.4462437559055118 0.5224631775700934
1 0.29691136482939634 0.593576343457944 0.30700474540682415 0.6103904369158879 0.3451477244094488 0.6119697429906542 0.34273339763779526 0.5533120023364486 0.3338327716535433 0.5412319182242991 0.31410364304461946 0.5404150373831776 0.29795278346456694 0.5538001775700935 0.29691136482939634 0.593576343457944
1 0.1727566062992126 0.5579856822429906 0.17410069816272963 0.60722986682243 0.21493548687664044 0.6065783177570093 0.2156093464566929 0.5808407967289719 0.2072600590551181 0.5477027406542057 0.18902998687664044 0.5399209953271028 0.17844652624671917 0.5418250981308411 0.1727566062992126 0.5579856822429906
1 0.11583221522309713 0.5696826004672897 0.11472953674540683 0.6117985420560749 0.15424905118110238 0.6110925327102803 0.15642196456692914 0.5783901495327103 0.1518347244094488 0.5524347943925234 0.13228937664041995 0.5445985887850467 0.1243364658792651 0.5466116074766355 0.11583221522309713 0.5696826004672897
1 0.0921860813648294 0.6178920630841122 0.09772466404199476 0.5572213014018691 0.0913933280839895 0.5475899112149533 0.06383380971128609 0.5441064999999999 0.05138373490813648 0.5670141168224299 0.05015853674540682 0.6138096074766355 0.0921860813648294 0.6178920630841122
1 0.3463729225721785 0.5651742523364486 0.3820691312335958 0.5596253177570093 0.38711763517060366 0.5176727546728972 0.3600481968503937 0.4954711495327103 0.34019654986876646 0.49933381542056077 0.3387875721784777 0.553148628504673 0.3463729225721785 0.5651742523364486
1 0.486408312335958 0.4468299252336449 0.4768626430446194 0.5096770841121495 0.47637256430446195 0.5283952780373832 0.48258138057742783 0.5427062219626169 0.5046347585301837 0.5553308925233645 0.5441542716535434 0.5546248855140187 0.546143406824147 0.5289418247663551 0.5345834120734908 0.4675631004672897 0.5100832650918635 0.4478101845794392 0.486408312335958 0.4468299252336449
0 0.434172030183727 1 0.4132367230971129 0.9360457079439253 0.2962006955380577 0.952599023364486 0.30850929921259845 1 0.434172030183727 1
0 0.494626 0.7294358901869159 0.43125840288713907 0.7361743738317756 0.4630276811023622 0.8226311378504673 0.550424656167979 0.8106558107476636 0.494626 0.7294358901869159
0 0.8091741364829396 0.6969865070093458 0.7825232309711285 0.7092575303738318 0.8095087874015747 0.7794313995327102 0.883934313648294 0.7723042733644859 0.8091741364829396 0.6969865070093458
0 0.09431931758530183 0.6808840864485981 0.1582202874015748 0.6903387640186915 0.15942229921259843 0.6444288691588785 0.09673433333333334 0.6453363668224299 0.09431931758530183 0.6808840864485981
0 0.304172469816273 0.6742531939252338 0.29117272309711284 0.6405218481308411 0.2472260498687664 0.6579555864485981 0.2567299435695538 0.6944175490654205 0.304172469816273 0.6742531939252338
0 0.5010740590551181 0.7149475957943925 0.47990421522309706 0.6385497196261682 0.39768837270341206 0.6566493177570093 0.4242551377952756 0.7207310677570093 0.5010740590551181 0.7149475957943925
0 0.6945642322834645 0.6470109439252336 0.6680189580052494 0.6186765186915888 0.6392239094488189 0.6358575000000001 0.674490468503937 0.6640530420560747 0.6945642322834645 0.6470109439252336
0 0.8509516417322835 0.5868162780373831 0.887887465879265 0.5839766168224299 0.8907909238845144 0.5803519836448598 0.8648815774278216 0.5642997593457943 0.8180471929133858 0.5699556308411216 0.8509516417322835 0.5868162780373831
0 0.7810197585301838 0.574011523364486 0.8198505708661418 0.5891022079439252 0.845663748031496 0.5886449228971963 0.8169071732283464 0.5746463504672897 0.7810197585301838 0.574011523364486
0 0.731476278215223 0.5719398691588785 0.7639602952755905 0.5928602967289719 0.7924413018372704 0.5838263247663551 0.7703091916010498 0.5667569976635514 0.731476278215223 0.5719398691588785
0 0.5805087335958005 0.5784556378504673 0.6095340538057743 0.6034883855140186 0.6555304475065618 0.6019884299065421 0.6194833333333333 0.5669001892523364 0.5805087335958005 0.5784556378504673
0 0.5911289842519685 0.5933641869158879 0.5689098320209974 0.5643577242990654 0.5198500078740157 0.5776804929906543 0.548535220472441 0.611175964953271 0.5911289842519685 0.5933641869158879
0 0.533155279527559 0.5952193130841121 0.5157849278215223 0.5638603411214953 0.4742461601049868 0.5821803901869159 0.489894498687664 0.6019391518691588 0.533155279527559 0.5952193130841121
0 0.4185441404199475 0.6149288738317756 0.394178905511811 0.5764714813084112 0.35260290026246716 0.586285390186916 0.37193595931758533 0.6215101121495327 0.4185441404199475 0.6149288738317756
0 0.3017714816272966 0.6196830724299065 0.2837786325459318 0.5755317570093458 0.22770823622047245 0.5804900023364487 0.2339888097112861 0.6304941985981308 0.3017714816272966 0.6196830724299065
0 0 0.6202958668224299 0.037836923884514435 0.6257769742990654 0.04783540813648294 0.5912956869158879 0 0.5850888668224299 0 0.6202958668224299
0 0 0.522545261682243 0.025645771653543308 0.5272066261682243 0.03562583464566929 0.5059391098130841 0 0.503958226635514 0 0.522545261682243
0 0.07770760892388451 0.5076815023364486 0.03620530839895013 0.5049775911214953 0.029319929133858266 0.5309658995327102 0.06630461154855642 0.5303684252336448 0.07770760892388451 0.5076815023364486
0 0.12313741601049868 0.5085770070093458 0.08164800131233596 0.505380929906542 0.07434842519685039 0.5315975093457944 0.11884240419947507 0.5350074742990655 0.12313741601049868 0.5085770070093458
0 0.12315030183727034 0.5080848785046729 0.11715551443569554 0.5359230257009346 0.1633514317585302 0.5393140911214953 0.16640251837270342 0.5095202990654206 0.12315030183727034 0.5080848785046729
0 0.1655604750656168 0.5078698037383178 0.16515433070866142 0.5339684789719626 0.20809244881889766 0.5347608154205608 0.20652077952755904 0.5124141892523365 0.1655604750656168 0.5078698037383178
0 0.2031997244094488 0.5099209929906542 0.21063566404199477 0.532895168224299 0.257288874015748 0.5294066191588784 0.24676800918635172 0.5103822336448598 0.2031997244094488 0.5099209929906542
0 0.2506061824146981 0.5094201308411215 0.2605466771653543 0.5320052313084113 0.30526191732283464 0.5284364766355141 0.2925532401574803 0.5085795841121495 0.2506061824146981 0.5094201308411215
0 0.29335763779527557 0.5067555771028037 0.3009353346456693 0.5243153995327103 0.3368556994750656 0.5179187313084113 0.33144821259842516 0.5052588481308411 0.29335763779527557 0.5067555771028037
0 0.38156493832020993 0.5077958341121495 0.39366848031496066 0.5286477429906542 0.43269864566929134 0.5199161518691588 0.4178840708661417 0.5035348995327102 0.38156493832020993 0.5077958341121495
0 0.4234598097112861 0.5022875514018692 0.43750829002624675 0.5161733948598131 0.47378900262467194 0.5171827827102804 0.4549589028871391 0.4992776378504673 0.4234598097112861 0.5022875514018692
0 0.03771844881889764 0.5001127943925233 0.04635912467191601 0.48765928037383177 0.013335601049868766 0.47975946728971963 0.0009226758530183727 0.49760379439252334 0.03771844881889764 0.5001127943925233
0 0.05342223097112861 0.48253146495327104 0.04438871916010499 0.4994035 0.07976158267716535 0.5033318364485981 0.08520064173228346 0.487666214953271 0.05342223097112861 0.48253146495327104
0 0.08949054986876641 0.48106841121495325 0.08167377690288714 0.5043964836448598 0.12172737270341208 0.5095041378504672 0.1254801128608924 0.48440280140186914 0.08949054986876641 0.48106841121495325
0 0.12732932677165354 0.4860843948598131 0.12434793175853018 0.504685191588785 0.163963812335958 0.5053399742990654 0.16638735170603675 0.48363096962616825 0.12732932677165354 0.4860843948598131
0 0.1680268530183727 0.48776947196261683 0.1641890905511811 0.5073203644859813 0.2088785590551181 0.5047359415887851 0.20650561417322835 0.48652485981308413 0.1680268530183727 0.48776947196261683
0 0.20583359317585304 0.48342185981308416 0.20858880183727035 0.5052166799065421 0.24771541469816272 0.5033875911214953 0.24049035039370079 0.48546640420560744 0.20583359317585304 0.48342185981308416
0 0.24092958661417324 0.4873387313084112 0.2484428897637795 0.5073596121495327 0.2883355997375328 0.5080258504672898 0.27906478871391077 0.48103376869158876 0.24092958661417324 0.4873387313084112
0 0.28256075590551183 0.4851205654205607 0.29234045013123355 0.503264226635514 0.3284732034120735 0.4993401892523365 0.31557577952755905 0.4762473598130841 0.28256075590551183 0.4851205654205607
0 0.3215264881889764 0.4788499556074766 0.3317954409448819 0.4994777453271028 0.3648699002624672 0.49591974299065417 0.353649532808399 0.4778237990654206 0.3215264881889764 0.4788499556074766
0 0.3643228477690289 0.4850566471962617 0.37177836089238847 0.49669844859813084 0.40896700787401574 0.49478904205607477 0.39739025459317584 0.4747037009345794 0.3643228477690289 0.4850566471962617
0 0.40270910367454066 0.4797475911214953 0.41503201049868765 0.49602564018691586 0.44784252624671916 0.4919640467289719 0.43134274934383204 0.47487670560747663 0.40270910367454066 0.4797475911214953
0 0 0.47212017289719627 0.021790233595800526 0.4733378364485981 0.0367794501312336 0.4512921752336449 0.006559145669291339 0.44742621261682247 0 0.4557988551401869 0 0.47212017289719627
0 0.04040431102362205 0.450456785046729 0.03173119160104987 0.474734988317757 0.054961145669291334 0.4766822242990654 0.06464366666666667 0.4522967873831776 0.04040431102362205 0.450456785046729
0 0.07159859317585303 0.4551975794392524 0.06445150262467192 0.47411871028037383 0.09214977034120735 0.47477289485981305 0.09717941994750656 0.4536439275700935 0.07159859317585303 0.4551975794392524
0 0.1027350839895013 0.45155933644859814 0.10161435301837271 0.4731937126168224 0.12898422572178478 0.4758052079439253 0.13122864173228346 0.4501225537383178 0.1027350839895013 0.45155933644859814
0 0.13745779527559054 0.44856235747663553 0.1325704251968504 0.4764465093457944 0.16507830052493438 0.4733577079439252 0.16729012992125983 0.4491500841121495 0.13745779527559054 0.44856235747663553
0 0.16426106167979002 0.45164309112149537 0.16474992257217846 0.47531517289719627 0.2029170997375328 0.47837365420560746 0.19705688188976378 0.4503825724299066 0.16426106167979002 0.45164309112149537
0 0.1953460472440945 0.44997370093457945 0.201545717847769 0.4778240957943925 0.23336477821522308 0.46928667056074763 0.22273461811023623 0.44898016822429904 0.1953460472440945 0.44997370093457945
0 0.2922128700787402 0.4446223060747664 0.3119912480314961 0.472542191588785 0.33558825984251967 0.47105549766355137 0.32459210498687663 0.4494991822429906 0.2922128700787402 0.4446223060747664
0 0.332202030183727 0.4521910140186916 0.34257403937007874 0.46888102102803736 0.3723969383202099 0.47307233411214955 0.35369884908136484 0.4494715514018692 0.332202030183727 0.4521910140186916
0 0.3665447755905512 0.4531202336448598 0.3774576404199475 0.4703253714953271 0.4041000590551181 0.4689647757009346 0.38966361154855644 0.4521934626168224 0.3665447755905512 0.4531202336448598
0 0.3975782125984252 0.45341965887850466 0.41240567454068244 0.46930866822429906 0.4385716758530184 0.4649718831775701 0.4160658398950131 0.449588261682243 0.3975782125984252 0.45341965887850466
0 0.5370538871391076 0.4931941121495327 0.561326377952756 0.5188363504672897 0.5972595866141732 0.5119474392523364 0.5509408018372703 0.4859926285046729 0.5370538871391076 0.4931941121495327
0 0.3115044527559055 0.5440633574766355 0.30539458923884516 0.5339554836448598 0.2812022283464567 0.5450934556074767 0.29183452493438317 0.5649297056074767 0.3115044527559055 0.5440633574766355
0 0.4210488215223097 0.5308602289719626 0.4103545918635171 0.5264755 0.3846054238845144 0.5395124906542056 0.3953458661417323 0.5598534252336449 0.4210488215223097 0.5308602289719626
0 0.008639060367454068 0.568480203271028 0.05114895538057743 0.5739851962616822 0.05826922440944882 0.5433849556074766 0.014226674540682415 0.5378363644859813 0.008639060367454068 0.568480203271028
0 0.07101945013123359 0.5438481845794393 0.10894187270341207 0.5497393411214954 0.10864116272965879 0.5302824439252336 0.07234322834645669 0.5270257686915888 0.07101945013123359 0.5438481845794393