1 0.06566285059171598 1 0.06825152958579882 0.8989948105263157 0 0.8900119078947368 0 0.9873600131578947 0.057950973372781066 1 0.06566285059171598 1
1 0.21429108579881656 1 0.21134565680473372 0.9819008394736842 0.12387236094674557 0.9779534815789473 0.1242374378698225 1 0.21429108579881656 1
1 0.6771337218934911 1 0.6467788579881657 0.9365606236842106 0.5858040547337278 0.9264262763157896 0.5570701597633136 1 0.6771337218934911 1
1 0 0.8057436342105264 0.05776478402366864 0.8148620894736843 0.06318795857988166 0.6820602131578948 0 0.6604126973684211 0 0.8057436342105264
1 0.17039953698224852 0.6944504736842105 0.10859267011834321 0.694684452631579 0.11424099556213017 0.8148437921052633 0.1899308298816568 0.8274202315789474 0.17039953698224852 0.6944504736842105
1 0.22093135650887571 0.8275566131578947 0.2966273269230769 0.8390873236842106 0.2694574423076923 0.7023415894736843 0.22050105621301777 0.6863884763157896 0.1962128402366864 0.7348956789473684 0.22093135650887571 0.8275566131578947
0 0.3315269926035503 0.7794811342105263 0.29306299852071005 0.7807372657894737 0.33519842159763313 0.8682988 0.40899648816568046 0.8708310105263157 0.4066230917159763 0.8475556026315789 0.3794212618343195 0.7899276 0.3315269926035503 0.7794811342105263
1 0.5646647455621302 0.7340258052631579 0.5306243121301776 0.7413710447368421 0.5051252130177515 0.8103588763157895 0.5533180118343195 0.8919105105263158 0.6313304363905325 0.8846612394736841 0.6131048713017752 0.7983962447368421 0.5646647455621302 0.7340258052631579
1 0.5973086065088757 0.7875658131578948 0.6515063875739645 0.8858969763157895 0.7117079718934911 0.8779279131578948 0.6867374289940829 0.8007416289473683 0.6529832455621302 0.7437945 0.6161307618343195 0.7441963421052631 0.5973086065088757 0.7875658131578948
1 0.7338176937869823 0.7382956947368421 0.7028301982248522 0.7288973605263158 0.689283053254438 0.7365004868421052 0.6793881434911243 0.7792136 0.7072103772189349 0.8618272868421053 0.7176801079881656 0.8588319105263158 0.7275474127218935 0.8821000447368421 0.7786389955621301 0.8779384078947369 0.7909682307692307 0.8378642894736843 0.7571116553254438 0.759213405263158 0.7338176937869823 0.7382956947368421
1 0.9267735295857988 0.8120561763157894 0.8843197810650887 0.7843199342105264 0.8454580236686391 0.7943200315789474 0.8417781819526627 0.8251912947368422 0.8500465384615384 0.8533896552631579 0.8808533047337277 0.8706670394736842 0.8981129275147929 0.8955475526315789 0.9513376227810652 0.9071566684210527 0.960449374260355 0.8985861131578947 0.9566766553254439 0.8687288263157895 0.9267735295857988 0.8120561763157894
1 0.1331397174556213 0.6257551578947368 0.11799362130177515 0.6382885105263157 0.10530327071005918 0.6598556315789473 0.10142378106508876 0.6789988657894737 0.10313334171597632 0.6999164078947369 0.12116391568047337 0.6944093078947369 0.15073319082840236 0.7008588131578947 0.16002567159763312 0.6844092078947368 0.15661440828402368 0.6387938157894737 0.1331397174556213 0.6257551578947368
1 0.28062463313609465 0.6737608 0.27935953402366864 0.7289141684210527 0.2948997233727811 0.7639776105263157 0.3126412869822485 0.7678473131578947 0.3588268920118343 0.7634313631578948 0.3422984112426035 0.7056892210526315 0.32398202366863904 0.6621017763157895 0.29736967751479293 0.6562972210526316 0.28062463313609465 0.6737608
1 0.5206503387573964 0.7683458973684211 0.5363386168639054 0.7321753868421053 0.5210996434911243 0.6839801894736841 0.48449950591715973 0.6601602 0.4696546272189349 0.6595617973684211 0.46337931360946744 0.6740300026315789 0.4589163180473373 0.7390438263157895 0.4601538106508876 0.7498717052631579 0.47777488905325444 0.7589941105263157 0.48320680177514796 0.7812948184210525 0.4891206582840236 0.7825847210526317 0.4983528964497041 0.7687614684210528 0.5206503387573964 0.7683458973684211
1 0.5283401420118343 0.6873693947368421 0.5277346494082841 0.7186083921052632 0.5730850843195265 0.7496159342105264 0.5963188047337278 0.773159997368421 0.6163219881656805 0.7432096157894736 0.616864174556213 0.7195724552631578 0.6012035 0.6897617157894737 0.543904872781065 0.6614270710526315 0.5283401420118343 0.6873693947368421
1 0.6905481508875739 0.6813471131578948 0.6850886316568047 0.7250276552631579 0.7235889334319526 0.7307856657894737 0.7556934349112426 0.7562645789473684 0.7867411745562131 0.7630365605263157 0.7710805 0.7332258236842105 0.7657690724852071 0.7056724105263157 0.7189401745562131 0.6743423921052631 0.6905481508875739 0.6813471131578948
1 0.9568849896449704 0.7948685236842106 0.9906078417159763 0.8145714368421053 0.9922149955621302 0.7445057342105262 0.9774303594674556 0.7412809815789474 0.9549521878698225 0.7495756078947369 0.9568849896449704 0.7948685236842106
1 0.8308214778106509 0.7198613263157895 0.7734626050295859 0.6941530342105262 0.771502199704142 0.7148413657894738 0.8017065399408284 0.7583822605263157 0.800742653846154 0.8004038763157896 0.8064155384615384 0.8121991842105264 0.8229798535502959 0.8026146578947367 0.8421396390532544 0.8094331894736841 0.8561084837278107 0.783445605263158 0.8550517189349112 0.7647386710526315 0.8308214778106509 0.7198613263157895
1 0.6704796923076923 0.5845877 0.6499016849112426 0.5748203447368422 0.6247075591715976 0.5719646157894737 0.6125786346153846 0.5825165657894736 0.6109520798816568 0.6534280421052632 0.6487294674556213 0.6907022631578947 0.6828546183431953 0.692866494736842 0.6946496908284023 0.632091397368421 0.6937134127218935 0.6081317631578947 0.6817652174556214 0.6108046605263158 0.6704796923076923 0.5845877
1 0.40818918343195265 0.5537730736842105 0.3961807440828402 0.5590723236842106 0.38151659319526626 0.5505948657894737 0.3679092056213018 0.5608243447368421 0.3650451582840237 0.6209079421052631 0.38735776183431947 0.6442650842105263 0.4365913062130177 0.6522273552631579 0.4343195872781065 0.5805884368421053 0.42587050591715975 0.5602691263157894 0.40818918343195265 0.5537730736842105
1 0.24061323372781065 0.6043254157894736 0.2520192426035503 0.6252896736842105 0.29489469230769233 0.6346414605263158 0.2919653698224852 0.5680152605263158 0.28191733727810653 0.5526261763157895 0.25974038165680474 0.547789047368421 0.24163736094674557 0.5596774473684211 0.24061323372781065 0.6043254157894736
1 0.10094233431952664 0.539547694736842 0.1026341627218935 0.5953460157894737 0.1485267825443787 0.6027163999999999 0.14918945118343196 0.5738265394736842 0.1396836050295858 0.5348003 0.11916584023668639 0.5224065921052632 0.10727788905325443 0.5224531394736842 0.10094233431952664 0.539547694736842
1 0.03700693786982249 0.5414393605263158 0.035922566568047334 0.5887136789473684 0.08033672189349111 0.5957615868421052 0.08265858431952663 0.55931515 0.07740740088757396 0.5291353868421053 0.05541117159763313 0.5164192052631579 0.04648014644970414 0.517110702631579 0.03700693786982249 0.5414393605263158
1 0 0.5882043184210526 0.010607954142011834 0.5911106500000001 0.01660965828402367 0.52379295 0.009458310650887574 0.5116751684210527 0 0.5088065184210526 0 0.5882043184210526
1 0.2960995473372781 0.5821144394736842 0.3361987973372781 0.5829422236842106 0.3417185576923077 0.5366353315789474 0.3112130044378698 0.5062261894736841 0.2889155621301775 0.5066417605263157 0.2875299792899408 0.5670478342105263 0.2960995473372781 0.5821144394736842
1 0.45305264349112423 0.4764552763157895 0.44255530473372784 0.5454319 0.4420733639053254 0.5664427078947368 0.44910422485207097 0.5838131921052632 0.47393689497041425 0.6024270263157895 0.518351048816568 0.6094749368421052 0.5204921834319527 0.5809075499999999 0.5072738594674556 0.5093976710526316 0.4796649896449704 0.48225983157894736 0.45305264349112423 0.4764552763157895
0 0.4633284201183432 0.7967746552631578 0.39213313165680475 0.7917959236842106 0.4281573343195266 0.8955969868421053 0.5263404393491123 0.8994397342105264 0.4633284201183432 0.7967746552631578
0 0.8167358195266272 0.8226155447368421 0.7868274940828403 0.8311634736842106 0.8174152677514793 0.9156531842105263 0.901037347633136 0.9223884947368421 0.8167358195266272 0.8226155447368421
0 0.013237298816568047 0.6625687289473684 0.08509163165680474 0.6859139868421052 0.0862736849112426 0.6343810289473685 0.015820797337278106 0.6229617263157895 0.013237298816568047 0.6625687289473684
0 0.24907095562130174 0.6967440815789473 0.23433618195266273 0.6561257473684211 0.185007800295858 0.6670625894736842 0.19582356360946748 0.7100662973684211 0.24907095562130174 0.6967440815789473
0 0.4705222130177515 0.7817163815789474 0.4464479334319527 0.6913623342105264 0.35411053550295857 0.6954541631578948 0.3842052085798816 0.7729908105263158 0.4705222130177515 0.7817163815789474
0 0.6877396420118342 0.7435108105263158 0.6578006434911242 0.7062898684210527 0.6255005384615385 0.7199490631578948 0.665241048816568 0.7587444421052632 0.6877396420118342 0.7435108105263158
0 0.8632850369822486 0.7066713342105263 0.9047874822485208 0.71080035 0.9080373994082841 0.7072892263157895 0.8788583195266272 0.6840448631578947 0.826241050295858 0.6811269026315789 0.8632850369822486 0.7066713342105263
0 0.7846401183431954 0.6783512263157895 0.8283383461538462 0.7030760052631578 0.857348597633136 0.7076838842105263 0.8249770192307693 0.6861902447368421 0.7846401183431954 0.6783512263157895
0 0.7289496109467456 0.6661813921052632 0.7655360029585799 0.6962204947368421 0.7975131227810651 0.6916861631578947 0.7725756124260356 0.6680445684210526 0.7289496109467456 0.6661813921052632
0 0.5592982159763313 0.6435641763157894 0.5920124408284023 0.6775541421052631 0.6437031656804734 0.684992302631579 0.6030600147928994 0.6382692578947369 0.5592982159763313 0.6435641763157894
0 0.5712893742603551 0.6624841710526316 0.5462101168639053 0.6253640631578947 0.49111984023668637 0.6306501684210526 0.5234829452662723 0.67411585 0.5712893742603551 0.6624841710526316
0 0.506138423076923 0.6530692 0.48650016863905327 0.6142586394736842 0.4398813417159763 0.6266728868421052 0.4575415088757397 0.6520603631578947 0.506138423076923 0.6530692
0 0.3773972426035503 0.6525465447368421 0.34987118786982246 0.6043428710526316 0.30317921153846156 0.6071575499999999 0.3250376124260355 0.650717 0.3773972426035503 0.6525465447368421
0 0.24617166420118344 0.6347300394736842 0.22578671005917159 0.5813702868421052 0.16278633875739645 0.5758324131578947 0.17002917307692308 0.6334676078947369 0.24617166420118344 0.6347300394736842
0 0 0.4927306368421053 0.04026256952662722 0.502934494736842 0.044992575443786986 0.47398195789473685 0 0.4625615605263158 0 0.4927306368421053
0 0.045005247041420116 0.47342955789473684 0.038370008875739645 0.5036321157894736 0.09030297928994083 0.5166253710526316 0.09362253846153847 0.48363319473684213 0.045005247041420116 0.47342955789473684
0 0.09267007692307692 0.48160483684210526 0.09230962426035502 0.5109551 0.1405715281065089 0.520371202631579 0.13872288165680474 0.4948594684210526 0.09267007692307692 0.48160483684210526
0 0.13498111094674556 0.4913887684210526 0.1434230325443787 0.5187721447368422 0.1958446523668639 0.5240981842105263 0.18395005177514792 0.5005565815789473 0.13498111094674556 0.4913887684210526
0 0.18826031065088758 0.5002334631578947 0.19951572041420118 0.5276752105263158 0.2497589201183432 0.5325261421052632 0.23540233431952665 0.5076114868421053 0.18826031065088758 0.5002334631578947
0 0.23629970118343194 0.5057142605263157 0.24488102958579883 0.5270201342105263 0.2852290917159763 0.5269364394736842 0.2791049349112426 0.5115868657894737 0.23629970118343194 0.5057142605263157
0 0.33544143195266274 0.5243952236842105 0.3491215606508876 0.5503118263157895 0.3929561982248521 0.5482123394736842 0.3762455399408284 0.5267990947368422 0.33544143195266274 0.5243952236842105
0 0.38250763017751477 0.5264991947368421 0.39834807988165677 0.5449463657894738 0.43912839644970414 0.5532858315789474 0.4178990029585799 0.5293571052631579 0.38250763017751477 0.5264991947368421
0 0 0.4615323 0.0434112100591716 0.47474758947368423 0.047536637573964494 0.44718625263157896 0.007074998520710059 0.43628272105263155 0 0.4564148815789474 0 0.4615323
0 0.049621192307692304 0.4494495894736842 0.046338778106508875 0.4698335184210526 0.09086625 0.47843508684210523 0.09351023964497042 0.45443538157894736 0.049621192307692304 0.4494495894736842
0 0.09536813461538461 0.45942768947368423 0.09112672928994082 0.4807130421052631 0.14134458579881656 0.4866688684210526 0.13861058431952664 0.4656616552631579 0.09536813461538461 0.45942768947368423
0 0.13784387130177514 0.46202908684210525 0.14102069082840238 0.4871534763157895 0.1849891272189349 0.4928569289473684 0.17680279881656805 0.4712135447368421 0.13784387130177514 0.46202908684210525
0 0.17730335355029586 0.4734121052631579 0.18582136390532544 0.4974804763157895 0.23066000887573965 0.5061499157894738 0.22014105325443786 0.47387143684210525 0.17730335355029586 0.4734121052631579
0 0.22408527662721894 0.4791739263157895 0.23514361834319528 0.5015752447368421 0.27573948816568045 0.5043220342105263 0.2611588594674556 0.4757208236842105 0.22408527662721894 0.4791739263157895
0 0.26785655177514794 0.4798368421052631 0.2794739215976331 0.5051365710526315 0.31663386094674556 0.5076891 0.3039564926035503 0.4850556368421053 0.26785655177514794 0.4798368421052631
0 0.315979050295858 0.4953304552631579 0.32440127958579884 0.5099384605263158 0.366191300295858 0.5151666842105264 0.3531060650887574 0.4902190815789474 0.315979050295858 0.4953304552631579
0 0.35910257840236687 0.49696267894736845 0.37301242455621303 0.5177649815789473 0.40987386094674555 0.5196972315789474 0.3912665710059171 0.49715325789473686 0.35910257840236687 0.49696267894736845
0 0 0.4277002710526316 0.010040584319526627 0.4297112289473684 0.01561576923076923 0.40688288947368423 0 0.40507636052631574 0 0.4277002710526316
0 0.0218522174556213 0.4056348631578947 0.020672205621301776 0.42980900789473686 0.05144334615384616 0.43818646052631577 0.053871397928994084 0.40967020000000004 0.0218522174556213 0.4056348631578947
0 0.060866724852071 0.4091472 0.055476304733727805 0.43962144736842107 0.09200117455621301 0.4425906263157895 0.09439802810650887 0.4157312605263158 0.060866724852071 0.4091472
0 0.09100277218934912 0.4179413394736842 0.09163930621301776 0.4447328368421053 0.13454739349112427 0.4557574578947369 0.12785799704142012 0.4230293868421053 0.09100277218934912 0.4179413394736842
0 0.12593365088757397 0.4222287342105263 0.13300404881656805 0.45486553421052633 0.16873470118343195 0.45155370263157896 0.15671254585798816 0.42654459210526313 0.12593365088757397 0.4222287342105263
0 0.23478447633136093 0.4354207684210526 0.25711650295857985 0.4708311131578947 0.28363217455621303 0.47383827368421055 0.27119407100591714 0.4473471289473684 0.23478447633136093 0.4354207684210526
0 0.2797569201183432 0.45189310789473686 0.29147562869822485 0.47277274210526316 0.32500958579881656 0.4834186105263158 0.3039076079881657 0.45309324210526314 0.2797569201183432 0.45189310789473686
0 0.31835881952662726 0.4597575131578947 0.33068730029585797 0.4813254026315789 0.3606262307692308 0.48507922894736843 0.34433911834319525 0.4633011710526315 0.31835881952662726 0.4597575131578947
0 0.3532390059171598 0.4662548605263158 0.3699623387573964 0.4871155736842105 0.39935486094674555 0.4874186578947368 0.37400351479289945 0.46560381052631583 0.3532390059171598 0.4662548605263158
0 0.5101447736686391 0.5387915315789473 0.5375194423076923 0.5725254394736842 0.5778801316568047 0.5718892052631579 0.5257260517751479 0.5334269394736842 0.5101447736686391 0.5387915315789473
0 0.2568325221893491 0.5513872736842105 0.24992833875739645 0.5387761342105263 0.22277905029585798 0.5465343289473684 0.23480187869822483 0.5710135763157895 0.2568325221893491 0.5513872736842105
0 0.37990299704142017 0.5582414 0.3678674142011834 0.5511741921052632 0.33897538609467454 0.5607648657894737 0.35112161686390536 0.5858346973684211 0.37990299704142017 0.5582414
0 0 0.5078825605263158 0.029189369822485205 0.5175821710526316 0.028779812130177513 0.4955813842105263 0 0.4879103078947368 0 0.5078825605263158