1 0 0.49844521359223304 0.024766147138964578 0.5246706383495146 0.0631395408719346 0.4253454830097087 0 0.36675955339805827 0 0.49844521359223304
1 0.1406384877384196 0.6473704417475727 0.15274157629427793 0.5796644757281554 0.08410934196185287 0.5243864733009709 0.06849751498637602 0.5709787572815533 0.1406384877384196 0.6473704417475727
1 0.3935989945504087 0.9088982135922331 0.387941863760218 0.7850549878640777 0.291925772479564 0.7270497208737864 0.2909309509536785 0.7551082111650486 0.2929654986376022 0.8086729029126213 0.38863860354223434 0.909983286407767 0.3935989945504087 0.9088982135922331
1 0.5136584877384196 0.8005176674757282 0.46800652861035424 0.7558150242718445 0.40632833378746597 0.8170344126213592 0.41039281062670296 0.9052246140776699 0.5198082316076295 0.881290291262136 0.5136584877384196 0.8005176674757282
1 0 0.2666447912621359 0.003707486376021798 0.27022345145631066 0.04753839782016348 0.18441933495145632 0.0291244931880109 0.1370214004854369 0.02728666621253406 0.1348033155339806 0 0.20605210922330097 0 0.2666447912621359
1 0.1263317152588556 0.24602131310679612 0.07911235831062671 0.18631561407766992 0.026850700272479565 0.29987440776699026 0.08262189509536785 0.35378767475728157 0.1263317152588556 0.24602131310679612
1 0.20530991961852862 0.3150969878640777 0.15591927247956403 0.2785652233009709 0.12479352179836511 0.38234458980582525 0.18146373160762944 0.43783228155339804 0.20530991961852862 0.3150969878640777
1 0.2061613978201635 0.4563676140776699 0.2631466130790191 0.5109849830097087 0.28201704223433244 0.38055487135922333 0.24768120572207084 0.3381308665048544 0.21391471798365125 0.3642379708737864 0.2061613978201635 0.4563676140776699
1 0.3249643051771117 0.42118064563106794 0.2873952438692098 0.46994717475728154 0.2967171444141689 0.5461894927184466 0.34881365122615804 0.5944217135922331 0.36470286784741146 0.5226979150485437 0.3600855708446867 0.4583713398058253 0.3249643051771117 0.42118064563106794
1 0.5081936185286103 0.5824550825242719 0.47885147275204365 0.5683661092233009 0.43804521798365126 0.610870322815534 0.45231858446866485 0.7076644393203884 0.5167214795640327 0.747962968446602 0.5277594032697548 0.6650370097087379 0.5081936185286103 0.5824550825242719
1 0.5183658910081744 0.646598927184466 0.5324552316076294 0.7609848300970874 0.5828587070844686 0.7900981140776698 0.5858219305177111 0.7107516213592233 0.575774008174387 0.6431005 0.5462469277929155 0.6215375922330098 0.5183658910081744 0.646598927184466
1 0.6419097520435968 0.6865388980582524 0.6199690994550409 0.6602706480582524 0.6069039182561308 0.6585748665048544 0.5863413746594005 0.6883924611650485 0.5840442847411444 0.7739694441747572 0.5932873010899182 0.7776874635922331 0.5942611825613079 0.8029971917475728 0.6401087125340599 0.8424417378640777 0.6579884032697547 0.8037135946601942 0.6542949877384197 0.71786275 0.6419097520435968 0.6865388980582524
1 0.0519375136239782 0.16195281553398058 0.049346487738419625 0.19259200242718447 0.07487051089918256 0.14981938349514562 0.06899029155313352 0.12538384223300972 0.04513855722070845 0.10012671116504854 0.03971540190735695 0.10235038106796117 0.026407265667574932 0.13709953640776698 0.0519375136239782 0.16195281553398058
1 0.18014526294277927 0.2370187014563107 0.16340488555858312 0.2648140582524272 0.16934024659400546 0.27716875970873783 0.1660325940054496 0.2858054441747573 0.18771598910081744 0.3087664733009709 0.20000940054495914 0.30054058737864076 0.21081441689373298 0.2603905291262136 0.19594844141689374 0.23554419174757282 0.18014526294277927 0.2370187014563107
1 0.2994039346049046 0.3633043640776699 0.282038757493188 0.4086469514563107 0.2840416648501362 0.4471855703883495 0.29705170299727524 0.4609621868932039 0.31079682697547684 0.4330298980582524 0.3391506716621253 0.42663672330097085 0.33746016348773844 0.3793244927184466 0.3179451089918256 0.3586595655339806 0.2994039346049046 0.3633043640776699
1 0.4628929931880109 0.5849834902912621 0.4861383896457766 0.5640764441747573 0.48827004632152593 0.5147419733009708 0.4661272820163488 0.47308566019417475 0.4544586716621253 0.463764317961165 0.4451605136239782 0.4721271359223301 0.42231934196185283 0.5238103058252427 0.42009585967302454 0.5335950388349515 0.4314520694822888 0.55169 0.42917344277929154 0.5735555703883495 0.43351012125340604 0.5781477766990292 0.4449766198910082 0.5720810606796116 0.4628929931880109 0.5849834902912621
1 0.5136286389645777 0.5082118665048544 0.4888397029972752 0.5092755800970874 0.48376793596730244 0.546392281553398 0.4869101580381472 0.573998109223301 0.5107618923705722 0.5992552427184465 0.5223202166212534 0.6327382621359222 0.5471642942779291 0.6195937111650485 0.5546065136239782 0.6001611747572816 0.5509497792915531 0.5659409004854369 0.5136286389645777 0.5082118665048544
1 0.6242690967302452 0.6132322791262136 0.6069590626702998 0.6464940315533981 0.6359743896457766 0.6741841966019417 0.6540377302452316 0.7145555266990292 0.676805295640327 0.7386646067961165 0.6731485613079019 0.7044443325242719 0.6770810136239782 0.6782604199029125 0.6490028882833787 0.6242494029126214 0.6242690967302452 0.6132322791262136
1 0.7247844836512262 0.7287746844660195 0.6866364291553133 0.673204822815534 0.6789369536784741 0.6893301383495145 0.6901277329700273 0.743667609223301 0.676897121253406 0.7782143422330097 0.6779261471389646 0.7914432330097088 0.6939865803814713 0.7932759441747572 0.7072538732970026 0.8103597839805825 0.726107446866485 0.7969413689320389 0.7308116702997275 0.7806791213592232 0.7247844836512262 0.7287746844660195
1 0.6369485149863761 0.5204405291262136 0.6234239645776567 0.5000494684466019 0.604166166212534 0.4826917645631068 0.5913582411444142 0.4843032038834951 0.569031583106267 0.542600817961165 0.5881239509536784 0.596201036407767 0.6147136825613079 0.6182878762135922 0.6421487874659401 0.5745041383495145 0.6485068365122616 0.5539235509708738 0.6381796525885558 0.5490574781553398 0.6369485149863761 0.5204405291262136
1 0.4367813351498638 0.33882712621359223 0.4256272384196185 0.33612022572815536 0.4164393678474114 0.3203213689320389 0.4025472738419618 0.3207847597087379 0.3824440994550409 0.3692976383495145 0.39120928337874655 0.41803178398058255 0.42265020572207085 0.45132527912621356 0.4496810858310627 0.3767654199029126 0.44896446049046324 0.3547629150485437 0.4367813351498638 0.33882712621359223
1 0.28806618664850137 0.28149799514563106 0.29095115258855586 0.305796604368932 0.3223920762942779 0.33909009708737864 0.3398123964577657 0.28166667233009707 0.33635777520435967 0.2628344563106796 0.32009522888283376 0.24561368446601942 0.30212371389645776 0.24479208980582526 0.28806618664850137 0.28149799514563106
1 0.19581993460490463 0.14436388349514562 0.1806230953678474 0.19200257281553396 0.21505926975476838 0.22543299757281554 0.22415531607629427 0.2016821213592233 0.2281429128065395 0.16341736893203884 0.2154452765667575 0.1408671359223301 0.2059450054495913 0.13384189563106796 0.19581993460490463 0.14436388349514562
1 0.1442391553133515 0.10795269660194175 0.1293547166212534 0.14681776941747574 0.1627067220708447 0.1791001432038835 0.17536767711171664 0.15001980339805826 0.1801270449591281 0.12167671844660195 0.1663452370572207 0.09797843203883495 0.15901330653950954 0.09324929611650484 0.1442391553133515 0.10795269660194175
1 0.10844309128065395 0.13377840533980584 0.1331953446866485 0.08108411893203885 0.1310821485013624 0.06670717961165049 0.10914149727520436 0.04043892718446602 0.0911148378746594 0.05169817233009709 0.07457657220708447 0.09488158737864077 0.10844309128065395 0.13377840533980584
1 0.33893033923705723 0.29590667961165046 0.37068366348773846 0.3204265558252427 0.3888206117166213 0.2850056383495146 0.37349526566757496 0.24146401699029127 0.3555788923705722 0.22856158980582525 0.33655988692098093 0.27822251699029127 0.33893033923705723 0.29590667961165046
1 0.4955103964577657 0.30086798300970874 0.466678719346049 0.3522772839805825 0.46006341416893737 0.36955065048543684 0.46052278337874664 0.38824593203883495 0.47481910354223433 0.4185586626213592 0.5081711089918256 0.450841036407767 0.5183513228882835 0.4282382087378641 0.5290093705722071 0.36061925242718446 0.5150254523160763 0.3215329101941748 0.4955103964577657 0.30086798300970874
0 0.2678128923705722 0.7820382499999999 0.2709067057220708 0.7094706747572815 0.17085480245231607 0.606989291262136 0.16402016485013624 0.672129817961165 0.2678128923705722 0.7820382499999999
0 0.4211693378746594 0.5740004174757282 0.36583264441416896 0.5275332815533981 0.36379755994550406 0.6356914126213592 0.4410071376021798 0.6972460485436893 0.4211693378746594 0.5740004174757282
0 0.6566712534059945 0.7956528616504855 0.6562650095367847 0.8514407451456311 0.6935213678474115 0.8432910194174758 0.6830726730245231 0.8062812791262136 0.6566712534059945 0.7956528616504855
0 0.08935050408719346 0.19506181067961165 0.13976654632152588 0.2572703640776699 0.15599182833787467 0.2149041868932039 0.10315750408719346 0.16349550485436892 0.08935050408719346 0.19506181067961165
0 0.26740876021798365 0.3637625558252427 0.26769585967302456 0.3210600485436893 0.22508900272479565 0.3008882354368932 0.22096719209809265 0.34325553640776696 0.26740876021798365 0.3637625558252427
0 0.4038269822888283 0.5457116359223301 0.4003076689373297 0.46810201456310685 0.3670668092643051 0.4401960291262136 0.3668486430517711 0.512068104368932 0.4038269822888283 0.5457116359223301
0 0.6035933923705722 0.6635165995145631 0.5907401811989101 0.6146186917475729 0.5609144073569483 0.606840745145631 0.5811222316076294 0.6628788082524272 0.6035933923705722 0.6635165995145631
0 0.7329729863760217 0.6902464368932039 0.763263651226158 0.7587120533980583 0.8030785871934606 0.7777156383495145 0.7777317942779292 0.7315946941747573 0.7329729863760217 0.6902464368932039
0 0.7032772534059946 0.6665201310679612 0.7288571267029973 0.7255864466019418 0.757163568119891 0.750047109223301 0.7331410490463216 0.6970408567961165 0.7032772534059946 0.6665201310679612
0 0.6594104495912807 0.6233767402912621 0.679697976839237 0.6702224975728155 0.7065600476839238 0.685434609223301 0.6936710395095368 0.6508576383495146 0.6594104495912807 0.6233767402912621
0 0.5307374305177112 0.5036629805825243 0.5467633841961853 0.5515097184466019 0.5858062929155313 0.5884421820388349 0.5672291062670299 0.5252422087378641 0.5307374305177112 0.5036629805825243
0 0.5346955599455041 0.5266008082524272 0.525690470027248 0.48067496116504854 0.48016139509536787 0.45235667961165044 0.49309715122615805 0.5079140898058252 0.5346955599455041 0.5266008082524272
0 0.4854977452316076 0.4800178009708738 0.4813358242506812 0.43591235194174754 0.4404530408719346 0.41858536893203885 0.44701706403269753 0.4502970631067961 0.4854977452316076 0.4800178009708738
0 0.3829185626702997 0.403079495145631 0.3752477670299728 0.3464366213592233 0.3371533501362398 0.32104334708737864 0.3416786498637602 0.37043694174757286 0.3829185626702997 0.403079495145631
0 0.2834853188010899 0.31021158252427183 0.2830420762942779 0.253502963592233 0.23441065803814715 0.21143816262135923 0.22309874386920983 0.26391057524271844 0.2834853188010899 0.31021158252427183
0 0.04797317983651226 0.08078831796116505 0.06028398228882834 0.09591333495145632 0.08009255177111717 0.0716771213592233 0.06049217983651226 0.04809969417475728 0.04797317983651226 0.08078831796116505
0 0.08534698092643052 0 0.11576589509536785 0.02952140776699029 0.13284193324250682 0.017597638349514562 0.11679457765667575 0 0.08534698092643052 0
0 0.17061599863760218 0.05632055825242719 0.13690662806539508 0.018709716019417476 0.12209932833787467 0.03738896116504854 0.15825567302452317 0.07770689805825243 0.17061599863760218 0.05632055825242719
0 0.17078992370572207 0.05586641990291262 0.15653854904632153 0.07716532524271845 0.1941274114441417 0.11888439805825243 0.20656016348773842 0.0932838058252427 0.17078992370572207 0.05586641990291262
0 0.20640161580381472 0.09102263106796116 0.19741020572207085 0.11533787864077669 0.2331303923705722 0.1518859004854369 0.23922065258855588 0.12946599514563106 0.20640161580381472 0.09102263106796116
0 0.23726398910081745 0.12434190048543689 0.2358800613079019 0.15224393446601941 0.27613256267029973 0.1878455072815534 0.273622014986376 0.16110255825242717 0.23726398910081745 0.12434190048543689
0 0.27715737738419616 0.16339378398058255 0.2780012765667575 0.19301644902912624 0.3166563119891008 0.22692648300970875 0.31258830108991825 0.19757302427184467 0.27715737738419616 0.16339378398058255
0 0.31386701089918256 0.19652066019417475 0.3143966021798365 0.21942626699029125 0.346618772479564 0.24333223058252426 0.3462836471389646 0.22686471116504853 0.31386701089918256 0.19652066019417475
0 0.38744131198910076 0.27104595145631066 0.3906723910081744 0.30083481067961165 0.4262745926430518 0.32512789805825243 0.41928971662125336 0.2973018859223301 0.38744131198910076 0.27104595145631066
0 0.4243757384196185 0.30077234708737866 0.43154578065395094 0.32560236893203887 0.46161500953678475 0.35680483252427186 0.4517701907356948 0.3241913567961165 0.4243757384196185 0.30077234708737866
0 0.12302971525885557 0 0.136005 0.01520126213592233 0.1457557779291553 0.004937682038834951 0.14182890735694823 0 0.12302971525885557 0
0 0.1515377970027248 0.002281830097087379 0.1372545463215259 0.017801259708737863 0.16912703678474114 0.056020745145631066 0.18059235558583106 0.035437839805825246 0.1515377970027248 0.002281830097087379
0 0.1815846226158038 0.0385681213592233 0.17292046730245234 0.053653458737864076 0.20590216212534057 0.0873016359223301 0.21512911580381472 0.06881504854368932 0.1815846226158038 0.0385681213592233
0 0.21513123433242506 0.07409137621359223 0.20543450136239783 0.08936021844660194 0.24374165667574932 0.12417860194174757 0.24778960762942778 0.10499723786407768 0.21513123433242506 0.07409137621359223
0 0.24825500953678475 0.10150572087378641 0.24333948228882832 0.12439114563106797 0.2767345054495913 0.15528503155339804 0.27662020708446866 0.13233207038834952 0.24825500953678475 0.10150572087378641
0 0.27636766621253406 0.1344669563106796 0.276027514986376 0.1596436917475728 0.3092373991825613 0.19353350000000002 0.31041550953678476 0.16030616504854367 0.27636766621253406 0.1344669563106796
0 0.31199051362397817 0.16708147572815535 0.3141718855585831 0.19237450970873785 0.34575242915531335 0.2187932985436893 0.3425988732970027 0.18622567718446603 0.31199051362397817 0.16708147572815535
0 0.3467229673024523 0.19364558252427186 0.3484909196185286 0.2216931480582524 0.37738723297002724 0.24590786407766993 0.3739827356948229 0.21945874514563105 0.3467229673024523 0.19364558252427186
0 0.3805296348773842 0.23519003883495146 0.38291850953678475 0.25240337378640776 0.41471610762942773 0.2816056165048544 0.4116723923705722 0.25298009466019417 0.3805296348773842 0.23519003883495146
0 0.4144577479564033 0.2621793373786408 0.4193887752043597 0.2878304344660194 0.448230825613079 0.31134937621359227 0.4400677765667575 0.2814513300970874 0.4144577479564033 0.2621793373786408
0 0.1663670871934605 0 0.16430800136239782 0.00495126213592233 0.18637874523160763 0.030237752427184468 0.1967727561307902 0.00784814563106796 0.18823958310626704 0 0.1663670871934605 0
0 0.20251005177111717 0.011567861650485437 0.18917146185286104 0.033833533980582524 0.21743743869209808 0.05801908980582524 0.22731520572207084 0.03699568932038835 0.20251005177111717 0.011567861650485437
0 0.22395043051771116 0.03682520631067961 0.21651340190735696 0.059594405339805825 0.24748429291553134 0.09430536407766991 0.25185167847411444 0.06297790776699029 0.22395043051771116 0.03682520631067961
0 0.25055350272479565 0.061165264563106794 0.24651721798365123 0.0926428422330097 0.2760120408719346 0.11110710436893205 0.2738348923705722 0.08306188834951456 0.25055350272479565 0.061165264563106794
0 0.33350329564032694 0.13687259708737864 0.3408231498637602 0.17973703155339807 0.3610906226158038 0.1980065922330097 0.3590210463215259 0.16847560194174757 0.33350329564032694 0.13687259708737864
0 0.36450601089918255 0.1773631723300971 0.3676656021798365 0.20177686650485438 0.3912683514986376 0.23060092475728156 0.38342212125340597 0.19271717718446604 0.36450601089918255 0.1773631723300971
0 0.3929777656675749 0.20687413106796115 0.39641984741144415 0.2322253786407767 0.41919762397820165 0.25315315776699027 0.4126589196185286 0.22527393689320388 0.3929777656675749 0.20687413106796115
0 0.4188850272479564 0.23303103398058253 0.4260438692098093 0.26040279854368936 0.44940892915531333 0.2781219344660194 0.43564796457765664 0.24482574999999998 0.4188850272479564 0.23303103398058253
0 0.5225836307901908 0.3868911019417476 0.5344246076294278 0.43135093203883496 0.5668207084468665 0.4548026165048544 0.5366081961852861 0.3916664684466019 0.5225836307901908 0.3868911019417476
0 0.3167077384196185 0.2468929660194175 0.31493808174386917 0.232250572815534 0.29097254087193464 0.2226016334951456 0.29330735558583104 0.2502044150485437 0.3167077384196185 0.2468929660194175
0 0.4128841675749319 0.32575310436893207 0.40537566212534054 0.31269482281553396 0.3794760136239782 0.3035417936893204 0.3817341675749319 0.3317114805825243 0.4128841675749319 0.32575310436893207
0 0.06673823433242507 0.031790483009708735 0.08860735013623978 0.05808759223300971 0.10471746049046322 0.03511786893203884 0.07779920027247957 0.0029089635922330097 0.06673823433242507 0.031790483009708735
0 0.1152488038147139 0.04618592233009709 0.14507562670299728 0.08336867718446603 0.1512731008174387 0.06473818203883495 0.12193435831062671 0.031398478155339804 0.1152488038147139 0.04618592233009709