1 0.9476893166259169 0.3697512239130435 0.8825576332518338 0.4565364760869565 0.9414977457212714 0.5794611869565217 0.995359555012225 0.49969434999999995 0.9962787860635697 0.4294638391304348 0.9476893166259169 0.3697512239130435
1 0.9028659584352078 0.6366730673913044 0.8678312970660146 0.5521435739130435 0.8093381650366749 0.6220587869565217 0.835633042787286 0.7362418913043478 0.9028659584352078 0.6366730673913044
1 0.6575328508557456 1 0.6946641711491442 0.9450102391304347 0.6940196577017115 0.8208011891304349 0.6920667616136918 0.7957322826086957 0.609495130806846 0.876075045652174 0.6092180757946211 1 0.6575328508557456 1
1 0.5942466919315403 1 0.5944823716381419 0.9103232934782609 0.5376697249388753 0.8729305260869565 0.4990657444987775 0.9266058630434783 0.49677119315403423 1 0.5942466919315403 1
1 0.9015566907090465 0.1860692652173913 0.8871100770171149 0.23426014130434783 0.92910297799511 0.29906132391304346 0.971993652811736 0.24010260217391305 0.9529277762836186 0.1999757847826087 0.9221364633251834 0.15209638913043477 0.9015566907090465 0.1860692652173913
1 0.8626126454767726 0.39753041739130435 0.909800337408313 0.3325883717391305 0.859299444987775 0.24515509347826087 0.8198857469437654 0.3128453891304348 0.8626126454767726 0.39753041739130435
1 0.7785426222493887 0.5022282130434783 0.82646395599022 0.4356018456521739 0.7950028227383863 0.3508608782608696 0.7527843105134474 0.39823883695652174 0.7785426222493887 0.5022282130434783
1 0.7162478227383863 0.4313768152173913 0.6875499608801957 0.47970227173913044 0.7092087689486553 0.5920927956521739 0.7574416136919315 0.5261613913043478 0.7470669449877752 0.44515269782608696 0.7162478227383863 0.4313768152173913
1 0.6862232530562347 0.5620554869565217 0.6511784168704157 0.5289066152173914 0.6215865513447433 0.5727307934782608 0.6199720391198045 0.6322093130434783 0.6367502493887531 0.6924102086956522 0.6809103215158925 0.6336710130434783 0.6862232530562347 0.5620554869565217
1 0.5209150415647922 0.7066749260869566 0.49554220171149144 0.7279401956521739 0.48142554767726164 0.8082639608695652 0.4943484706601467 0.8799996152173913 0.5496802017114915 0.8248520934782608 0.5585788899755502 0.7332228413043479 0.5209150415647922 0.7066749260869566
1 0.4809524633251833 0.8963433782608695 0.48901504767726167 0.7888688565217392 0.4634334608801956 0.7743267152173913 0.43818348044009775 0.8024004108695653 0.43190043398533007 0.866462656521739 0.4375554596577017 0.9373113108695652 0.4809524633251833 0.8963433782608695
1 0.3900082224938875 1 0.4279797396088019 0.9522846456521739 0.42787067359413206 0.9291275 0.43589089853300733 0.9230795869565217 0.43058557579462103 0.8464063543478261 0.41128489731051343 0.825437593478261 0.3998118533007335 0.8307693065217392 0.38144168337408313 0.8608895065217391 0.37170356234718827 0.8928002130434783 0.37172910268948656 0.9714628891304348 0.3882686687041565 1 0.3900082224938875 1
1 0.8659052518337408 0.18714397826086956 0.8616480158924206 0.2109377456521739 0.8858262689486553 0.2421720456521739 0.8823649352078239 0.21523495217391303 0.9124092542787287 0.17365554782608694 0.8990001821515893 0.15853575869565217 0.8860018312958435 0.15738187826086955 0.8659052518337408 0.18714397826086956
1 0.7580054376528117 0.3236199217391304 0.7458285305623471 0.3503978565217391 0.7569078801955991 0.38354202173913043 0.7680792689486553 0.38740154565217394 0.7863488875305623 0.36034509130434783 0.7830971711491442 0.35350139782608697 0.7878656797066014 0.3406097913043479 0.7720178202933985 0.32035723260869564 0.7580054376528117 0.3236199217391304
1 0.6549831980440097 0.47036140217391303 0.6385405415647921 0.4947122130434783 0.6388592237163815 0.5379627586956522 0.6641435488997555 0.535495852173913 0.6773515158924205 0.5567431326086956 0.6883132860635697 0.5405092608695652 0.6886064290953546 0.5050971304347827 0.6715349193154034 0.4691677391304348 0.6549831980440097 0.47036140217391303
1 0.5714712542787286 0.6581650456521739 0.5691330195599023 0.6499685304347826 0.5469828337408313 0.6099010913043479 0.5384513349633252 0.6050468434782609 0.5285035965770172 0.6168641478260869 0.5105441479217604 0.6609502565217392 0.5143156503667481 0.7049170043478261 0.5356443948655256 0.7170526260869565 0.550972466992665 0.7001821326086957 0.5613309254278729 0.7023307347826087 0.5649848496332518 0.6969194456521739 0.5621353410757947 0.6778207652173913 0.5714712542787286 0.6581650456521739
1 0.509831771393643 0.6561755869565218 0.4878997151589242 0.6624224413043478 0.45715153300733496 0.7254480695652175 0.4552325330073349 0.7574383543478261 0.4625488936430318 0.7728366630434782 0.4849922224938875 0.7774919717391304 0.4939174144254279 0.7438703434782609 0.5140139951100244 0.7141082413043479 0.5157318911980441 0.68824545 0.509831771393643 0.6561755869565218
1 0.3727926063569682 0.8066572195652174 0.3500646491442543 0.8636349347826087 0.35454001589242057 0.8861554608695652 0.3526210146699266 0.9181457456521739 0.3718041136919315 0.8897364652173912 0.38621019070904644 0.8479979 0.41077362469437656 0.8145354304347826 0.39421338753056234 0.7895082043478261 0.3727926063569682 0.8066572195652174
1 0.34104741809290956 0.9265412021739131 0.3488495122249389 0.874178997826087 0.3414325990220049 0.8618444326086957 0.309871488997555 0.9231591391304348 0.30653624694376524 0.9718209760869565 0.3113132701711491 0.9851502630434783 0.3284768166259168 0.9917950130434783 0.3395391393643032 0.9724973934782608 0.35365207579462105 0.9661709608695652 0.354054282396088 0.9539159760869566 0.34104741809290956 0.9265412021739131
1 0.4183405586797066 0.663417147826087 0.40696806723716383 0.6656851152173913 0.3906259621026895 0.6869721782608695 0.37946308679706603 0.7093335456521739 0.3794716014669927 0.7355544369565218 0.37053789608801957 0.7429551717391305 0.3769407762836186 0.7597063065217391 0.40284543887530566 0.7912987065217392 0.42548135819070904 0.7636056282608695 0.4402896418092909 0.7096120782608696 0.4183405586797066 0.663417147826087
1 0.5590251344743277 0.4813033326086956 0.5492785 0.48699314565217394 0.5391296577017115 0.5049379413043479 0.5393392750611247 0.5250313413043478 0.566065380195599 0.5845555586956521 0.592556326405868 0.545323697826087 0.5984309058679707 0.49873088478260874 0.5788200586797067 0.4607324695652174 0.5665340855745722 0.46435325869565214 0.5590251344743277 0.4813033326086956
1 0.6350536674816626 0.38911244130434786 0.632723946210269 0.40713681739130436 0.6503067273838631 0.4539683717391304 0.6767976748166259 0.4147365108695652 0.6784150195599022 0.3919374652173913 0.6645952261613692 0.3628517673913043 0.6487558814180929 0.3688201 0.6350536674816626 0.38911244130434786
1 0.7268124816625917 0.26779607173913045 0.7317991198044009 0.3012187586956522 0.7407413398533007 0.3200389152173913 0.7698721760391198 0.27981233260869565 0.754627629584352 0.2411772956521739 0.7452832029339853 0.23461212391304348 0.7371624254278729 0.24372378260869565 0.7268124816625917 0.26779607173913045
1 0.7676174657701711 0.21611028478260869 0.772905760391198 0.24034173260869565 0.7852002481662592 0.26294183695652174 0.8134176039119804 0.22406807826086955 0.7987848826405868 0.19327145652173913 0.785174706601467 0.18427915869565217 0.7788808936430317 0.1906851739130435 0.7676174657701711 0.21611028478260869
1 0.8075089706601467 0.16577732173913046 0.83138556601467 0.20620286086956524 0.8598040268948656 0.16120160869565217 0.8435454474327628 0.12698314130434782 0.8271948288508557 0.12204931304347827 0.8088246589242053 0.15216951304347826 0.8075089706601467 0.16577732173913046
1 0.6069453765281173 0.45114335 0.6340481479217605 0.4197499043478261 0.6354643887530563 0.40307835000000003 0.61676702200489 0.36372711304347827 0.6014389511002445 0.3805976086956522 0.5895722114914426 0.424405197826087 0.6069453765281173 0.45114335
1 0.5233908655256724 0.5078425304347826 0.4959608960880196 0.4697645347826087 0.47951823960880197 0.4941153456521739 0.4686655342298288 0.5335063652173913 0.4806668789731051 0.5915185999999999 0.4905225794621027 0.6089859347826088 0.518739935207824 0.5701121739130435 0.5302044657701711 0.5385595717391304 0.5298942970660147 0.5215299173913044 0.5233908655256724 0.5078425304347826
0 0.8122176430317849 0.7709190108695653 0.7943884828850857 0.6520209173913043 0.7099557811735941 0.7737330304347826 0.7211997897310514 0.9057122217391304 0.8122176430317849 0.7709190108695653
0 0.5592705183374084 0.8121471782608696 0.6250980452322739 0.7340652413043478 0.6191594718826405 0.63690785 0.5720703789731052 0.6949940239130434 0.5592705183374084 0.8121471782608696
0 0.37437938386308073 1 0.3725836442542787 0.9637949 0.34967528117359414 0.9810775391304347 0.3456247506112469 1 0.37437938386308073 1
0 0.8371911833740832 0.23152307391304347 0.7925011662591687 0.29334757826086955 0.8084520562347187 0.32691846739130437 0.8505929388753056 0.25603665 0.8371911833740832 0.23152307391304347
0 0.7400354266503667 0.4282403152173913 0.7347731760391197 0.3911489304347826 0.697919064792176 0.42176878260869566 0.6998076833740831 0.4602781869565218 0.7400354266503667 0.4282403152173913
0 0.6176700721271393 0.62322645 0.6147254254278729 0.5583346739130435 0.5864386503667481 0.5932209043478262 0.5863023875305623 0.6643848521739131 0.6176700721271393 0.62322645
0 0.4342177298288509 0.8218304565217391 0.44991773838630805 0.7653093195652174 0.42387615403422985 0.7810115543478261 0.4143976711491443 0.8289410978260869 0.4342177298288509 0.8218304565217391
0 0.26322123227383865 0.9411039239130434 0.24260322860635697 0.9901566760869566 0.27703649877750613 0.9614044630434783 0.301164902200489 0.8907198673913043 0.26322123227383865 0.9411039239130434
0 0.30127664425427875 0.8969092717391304 0.2820917555012225 0.9517996195652174 0.30615282396088017 0.9214619869565218 0.32648098533007336 0.8606419347826086 0.30127664425427875 0.8969092717391304
0 0.3343645990220049 0.8436934500000001 0.32430615525672374 0.8786906913043478 0.34744581418092907 0.8571315391304348 0.36356818337408314 0.8088948782608695 0.3343645990220049 0.8436934500000001
0 0.4412167640586797 0.6933999043478261 0.4272310158924205 0.7559195413043478 0.4602960048899756 0.7111883913043479 0.47261661369193153 0.6632862760869566 0.4412167640586797 0.6933999043478261
0 0.506019848410758 0.6561831173913043 0.5153162359413203 0.6022109717391304 0.4761934180929095 0.6410430195652175 0.4699994449877751 0.6851675608695652 0.506019848410758 0.6561831173913043
0 0.5445074229828851 0.5907117630434783 0.5490899290953545 0.56014325 0.5136494352078239 0.5876907239130436 0.5116628031784841 0.628761745652174 0.5445074229828851 0.5907117630434783
0 0.6344748557457214 0.48790665 0.6365799083129584 0.4419507369565217 0.6039107017114915 0.4759774086956522 0.5993054107579462 0.5293995934782608 0.6344748557457214 0.48790665
0 0.7351149156479218 0.3571512108695652 0.7231160965770171 0.3130179739130435 0.6817799254278728 0.3651757043478261 0.6835598679706602 0.41655566304347824 0.7351149156479218 0.3571512108695652
0 0.8724654449877751 0.15797802173913042 0.8896713569682152 0.12914306086956523 0.864016119804401 0.12541899347826088 0.8540443178484107 0.1418342543478261 0.8724654449877751 0.15797802173913042
0 0.7735142677261614 0.15427825434782608 0.7852486601466993 0.17001223260869566 0.8156348716381419 0.1230607847826087 0.8095506051344743 0.11751287826086956 0.7983488007334963 0.11588684565217391 0.7735142677261614 0.15427825434782608
0 0.7431869816625917 0.19813616086956523 0.7551467004889976 0.21765775869565218 0.7867443300733497 0.16902346956521738 0.773343282396088 0.1539183913043478 0.7431869816625917 0.19813616086956523
0 0.7157296332518338 0.24033334347826085 0.7219664547677263 0.25882465 0.7521118398533008 0.21540713043478263 0.7432404156479216 0.1960464956521739 0.7157296332518338 0.24033334347826085
0 0.6865608520782396 0.2789285804347826 0.6853677542787285 0.3038278543478261 0.7195519058679707 0.25994778260869567 0.717261378973105 0.23513341956521738 0.6865608520782396 0.2789285804347826
0 0.6535458386308068 0.32321991304347825 0.6510772860635697 0.3509313478260869 0.6839154706601467 0.3090445434782609 0.6835264731051345 0.2820273239130435 0.6535458386308068 0.32321991304347825
0 0.624910761613692 0.3594906413043478 0.6252453508557457 0.3744708043478261 0.6527856723716382 0.3434958586956522 0.6523763031784842 0.3226406521739131 0.624910761613692 0.3594906413043478
0 0.5631355 0.4443779695652174 0.558032553789731 0.4715571304347826 0.5885429877750611 0.43924946086956523 0.5902557665036675 0.4113878934782608 0.5631355 0.4443779695652174
0 0.5354813068459657 0.47812440217391305 0.528036031784841 0.5104619152173913 0.5533956882640587 0.4735187108695652 0.5587768740831296 0.4489933652173913 0.5354813068459657 0.47812440217391305
0 0.7748177004889976 0.15357432826086959 0.797819293398533 0.11580998260869566 0.7798438973105135 0.11320070869565217 0.7639044572127139 0.13830620652173914 0.7748177004889976 0.15357432826086959
0 0.7346827567237164 0.17851394347826088 0.7435390097799511 0.1925383695652174 0.7713770452322738 0.15253792826086957 0.7631480378973104 0.1414237695652174 0.7346827567237164 0.17851394347826088
0 0.7072254070904646 0.22071112608695653 0.711534640586797 0.2368694304347826 0.7440308300733496 0.19426284782608697 0.7348829156479217 0.18328310217391303 0.7072254070904646 0.22071112608695653
0 0.6828115012224939 0.2537987413043478 0.6835894327628361 0.2745759804347826 0.7118979425427874 0.23694457173913042 0.7066807139364304 0.21769096086956524 0.6828115012224939 0.2537987413043478
0 0.6540377017114914 0.2889077456521739 0.6563503753056235 0.3185947630434783 0.684380673594132 0.27830959130434785 0.6831162677261613 0.2556547347826087 0.6540377017114914 0.2889077456521739
0 0.6266087481662592 0.3216911760869565 0.6250708312958435 0.35204154130434784 0.6519483092909536 0.31898217391304345 0.6529062273838632 0.29548899782608695 0.6266087481662592 0.3216911760869565
0 0.6001658789731051 0.3608518369565218 0.5981720757946211 0.385745502173913 0.6227634804400978 0.3554586195652174 0.6232508337408313 0.3295962195652174 0.6001658789731051 0.3608518369565218
0 0.5681653459657702 0.40210664782608696 0.5665734853300733 0.42886235434782605 0.5935360696821516 0.39322429565217387 0.5949866051344743 0.3769729 0.5681653459657702 0.40210664782608696
0 0.5441792970660146 0.436094747826087 0.5381152310513447 0.4654891282608696 0.562685358190709 0.43584683913043476 0.5660578129584352 0.4112305043478261 0.5441792970660146 0.436094747826087
0 0.7585953349633252 0.13528915 0.7731846821515892 0.11223406739130434 0.7549721308068459 0.10959036739130434 0.7485589951100243 0.1180766847826087 0.7585953349633252 0.13528915
0 0.7227027506112469 0.15330033695652173 0.7322308789731052 0.16942818913043478 0.7562667444987775 0.13935095434782607 0.7436347665036674 0.1231067304347826 0.7227027506112469 0.15330033695652173
0 0.7020292347188264 0.18391685217391304 0.7070856393643032 0.21095944130434782 0.7331072224938875 0.17058320652173914 0.725667684596577 0.15216784130434782 0.7020292347188264 0.18391685217391304
0 0.6833846821515893 0.20846032391304348 0.6825358740831295 0.2344395891304348 0.7078760134474328 0.2091757108695652 0.7031062591687042 0.18190116739130435 0.6833846821515893 0.20846032391304348
0 0.611426533007335 0.3104246282608696 0.6107296136919316 0.3377154 0.6279284547677262 0.3153106391304348 0.6327514034229829 0.2744429239130435 0.611426533007335 0.3104246282608696
0 0.5908059400977995 0.33942864565217395 0.5853274352078239 0.3759480695652174 0.605067555012225 0.3430347195652174 0.6069230171149145 0.3200518065217391 0.5908059400977995 0.33942864565217395
0 0.5662332665036675 0.3773537543478261 0.5615263740831296 0.40445126521739133 0.5808403031784841 0.3789141565217391 0.5829093361858191 0.3550017760869565 0.5662332665036675 0.3773537543478261
0 0.546680077017115 0.40170875217391305 0.5358025599022005 0.43580201739130436 0.5557579841075795 0.41299398260869563 0.5610319547677262 0.3861747673913043 0.546680077017115 0.40170875217391305
0 0.4631437420537897 0.563775254347826 0.43888029217603913 0.6296205565217391 0.4665916075794621 0.5990055956521739 0.47534611124694376 0.5553813586956522 0.4631437420537897 0.563775254347826
0 0.6725882665036674 0.3651795695652174 0.673593250611247 0.3395543152173913 0.6527985293398533 0.3552434260869565 0.6517963887530562 0.3689912434782609 0.6725882665036674 0.3651795695652174
0 0.5976186797066014 0.4645555260869565 0.5985342567237164 0.43844021086956525 0.5760125207823961 0.4542435456521739 0.5698816943765281 0.4682284608695652 0.5976186797066014 0.4645555260869565
0 0.7909184608801957 0.15626119565217392 0.7971048643031785 0.17129659565217392 0.8220214657701711 0.12901912391304346 0.8160358276283618 0.11845426086956522 0.8150933410757947 0.11831745217391305 0.7909184608801957 0.15626119565217392