1 0.5555051777777779 0.8642579801762115 0.6092527419753087 0.8904857555066079 0.711092950617284 0.7752193436123348 0.6189413382716049 0.7327026475770925 0.5429053049382716 0.854616704845815 0.5555051777777779 0.8642579801762115
1 0.6902430604938271 0.5553952092511013 0.6460920234567901 0.6083549207048458 0.6432515765432099 0.7154584052863435 0.7290317592592592 0.7549155572687225 0.8290505592592592 0.6417106806167402 0.8003839098765432 0.5950628458149779 0.6902430604938271 0.5553952092511013
1 0.8615796456790124 0.487953885462555 0.8046838024691357 0.4716800550660793 0.7369172209876543 0.5583400440528634 0.8604697839506172 0.6061492709251102 0.8787055691358026 0.5855093524229075 0.920183562962963 0.5003025440528635 0.8615796456790124 0.487953885462555
1 0.9817872049382717 0.4447612929515419 0.9852777555555555 0.34758042070484585 0.9461876580246914 0.3354232422907489 0.904039986419753 0.35026173568281943 0.8516508827160494 0.4274843656387665 0.8560883320987654 0.4720703898678414 0.9690619666666667 0.4639030330396476 0.9817872049382717 0.4447612929515419
1 0.9146972999999999 0.33098305506607933 0.9858709395061729 0.33106549559471365 0.9895042271604938 0.2299106475770925 0.9750172691358026 0.23108583039647576 0.9146972999999999 0.33098305506607933
1 0.3515001074074074 0.9298333281938327 0.3063214382716049 0.8594642466960353 0.2640816197530864 0.9202199603524228 0.28982607530864196 0.979704973568282 0.3110268308641975 0.9783840925110132 0.3515001074074074 0.9298333281938327
1 0.3727470777777778 0.8995308524229074 0.42730621358024695 0.8330779207048458 0.3759968888888889 0.7676559779735682 0.33867817901234565 0.8049149669603525 0.33366255308641973 0.8613844229074891 0.3727470777777778 0.8995308524229074
0 0.4369280580246913 0.7587324295154184 0.41090682962962966 0.7972898920704845 0.4606900987654321 0.8149269779735683 0.5117975666666666 0.7442768281938326 0.5046047654320988 0.7309342511013216 0.4722024740740741 0.7188075792951542 0.4369280580246913 0.7587324295154184
1 0.5855941728395062 0.4995522356828194 0.5640569037037038 0.537871975770925 0.5631126271604938 0.60931668061674 0.6156032222222223 0.6169688392070485 0.6672544543209876 0.5356016167400881 0.634143424691358 0.49539511233480177 0.5855941728395062 0.4995522356828194
1 0.6207425148148148 0.5035911607929515 0.6813569493827161 0.5166521475770925 0.7206476209876542 0.45226288546255505 0.6850929345679013 0.42478145814977974 0.6483696209876543 0.4195373832599119 0.6232467962962963 0.45593972246696035 0.6207425148148148 0.5035911607929515
1 0.7023708222222221 0.3365817841409692 0.678916849382716 0.36063611453744493 0.6714652864197531 0.3790369427312775 0.6749130814814814 0.41749383920704847 0.713717748148148 0.44583320044052865 0.7201657728395062 0.433551654185022 0.7324850814814814 0.43954197797356825 0.7664525037037038 0.3866478127753304 0.7653019493827161 0.3475808259911894 0.723315950617284 0.327825654185022 0.7023708222222221 0.3365817841409692
1 0.8520619160493828 0.19705665859030838 0.8163739950617284 0.22000749118942733 0.792172561728395 0.2648415859030837 0.7970403049382717 0.28923273568281943 0.8094449716049383 0.30010988766519825 0.8346603296296297 0.28153711894273126 0.8524241234567901 0.28136517400881056 0.8916244283950617 0.236996859030837 0.8958093 0.22229339207048457 0.8860841975308642 0.2058916960352423 0.8520619160493828 0.19705665859030838
1 0.2643883901234568 0.8497480969162996 0.2570221864197531 0.8730357511013216 0.2534978259259259 0.8999974339207049 0.25542301975308646 0.9166887422907489 0.26159742592592594 0.9290948039647576 0.2726185716049383 0.9077093171806168 0.29439651851851856 0.8830602533039648 0.2968200037037037 0.8628752268722467 0.28357213333333336 0.8355104052863437 0.2643883901234568 0.8497480969162996
1 0.3768008950617284 0.7374658986784142 0.3891305888888889 0.7758368259911894 0.40815399876543207 0.7842060837004405 0.4212207666666667 0.7694166453744493 0.4517700765432099 0.7211613105726873 0.4266444827160493 0.6984931718061674 0.40368189382716047 0.6871072577092511 0.3840817407407407 0.7092914162995595 0.3768008950617284 0.7374658986784142
1 0.5636852172839506 0.5658110154185022 0.5657672679012345 0.526078678414097 0.5438082172839506 0.5085734867841409 0.513063013580247 0.5284216938325991 0.5027611679012345 0.5425734118942731 0.5019283481481481 0.5584663480176212 0.5144287592592592 0.6066109295154185 0.5178661703703703 0.6126872246696036 0.5321071950617283 0.6015521607929516 0.5411598098765432 0.6112398436123347 0.5455153987654321 0.6063100308370044 0.5485260135802469 0.5879521872246696 0.5636852172839506 0.5658110154185022
1 0.5495739172839507 0.5037562753303965 0.5566334851851852 0.5253807643171806 0.5950863308641975 0.5017922092511014 0.6166185851851852 0.49486326872246694 0.6231415839506173 0.4550879449339207 0.6178574296296296 0.4386432621145374 0.6000082765432099 0.43392837665198236 0.5540185098765432 0.4710309295154185 0.5495739172839507 0.5037562753303965
1 0.6591355938271605 0.3406660154185022 0.6658500814814815 0.3754255528634361 0.6935742839506173 0.3415545814977973 0.7216399234567901 0.32723092070484583 0.7445067691358025 0.30134940528634363 0.7266576160493827 0.2966345198237885 0.7164307432098765 0.28329246255506607 0.6768890012345679 0.3081134669603524 0.6591355938271605 0.3406660154185022
1 0.8563967345679013 0.12736563876651982 0.8685557098765432 0.15596291189427314 0.9398461938271604 0.10517441629955947 0.936985524691358 0.06854470484581497 0.9235773197530864 0.06378683480176212 0.9120158592592592 0.0693973524229075 0.902461475308642 0.06276931057268723 0.8697945530864197 0.09974290528634361 0.8563967345679013 0.12736563876651982
1 0.7643422283950617 0.22906451982378856 0.7189395901234568 0.26799425991189424 0.7225477185185185 0.2838442092511013 0.7536343567901235 0.2835433105726872 0.7630284098765432 0.3127783017621146 0.7697325123456791 0.31515724008810575 0.7787747419753087 0.2924643171806167 0.7935175358024691 0.2782696145374449 0.7968592012345679 0.2470784757709251 0.7916604061728395 0.23552062114537445 0.7643422283950617 0.22906451982378856
1 0.6222526444444444 0.295201268722467 0.605833824691358 0.30880123788546254 0.5879096975308642 0.3315801299559471 0.5821341592592593 0.35057568942731276 0.5979866234567901 0.3999097400881057 0.6327563654320988 0.387965013215859 0.6566267481481481 0.3559642158590308 0.6501579518518518 0.3034845550660793 0.6437849 0.2882723237885462 0.6362479777777778 0.30178632378854625 0.6222526444444444 0.295201268722467
1 0.4353890938271605 0.5316173546255506 0.42843929876543213 0.5469585418502203 0.41637606913580244 0.5556286982378854 0.40951163456790124 0.5758567136563876 0.4219266864197531 0.6191144669603524 0.44278388148148146 0.6129627885462555 0.478380449382716 0.570052436123348 0.4596862728395062 0.524050691629956 0.44904299012345683 0.518655103524229 0.4353890938271605 0.5316173546255506
1 0.3328078209876543 0.7299492863436123 0.3456288962962963 0.7328799691629956 0.3772069197530864 0.6971388259911895 0.3592620222222222 0.6551565088105727 0.34870409876543207 0.6546477488986784 0.33237063950617285 0.6731345462555066 0.32282663950617285 0.6988871057268722 0.3328078209876543 0.7299492863436123
1 0.2217299037037037 0.82327890969163 0.23623739135802468 0.8591849295154185 0.2694060814814815 0.8191516938325992 0.26294767160493826 0.7990526365638767 0.2471055938271605 0.782099191629956 0.23009964567901234 0.7938719735682819 0.2219755962962963 0.8055587863436123 0.2217299037037037 0.82327890969163
1 0.17843008641975308 0.8872375198237885 0.1889983938271605 0.9201268854625552 0.22107818765432097 0.881326103524229 0.2139472888888889 0.8545130308370044 0.20313328888888887 0.8393437863436123 0.18503844444444442 0.8523490242290749 0.179092187654321 0.8615709295154186 0.17843008641975308 0.8872375198237885
1 0.17224852345679012 0.9465601497797357 0.16024988148148148 0.8953559295154185 0.15245688148148148 0.8942094471365639 0.1290029086419753 0.9182637753303965 0.1250741160493827 0.9476277268722466 0.13681668024691357 0.9841714669603524 0.17224852345679012 0.9465601497797357
1 0.36546435555555556 0.6605950859030837 0.3931032 0.6218372885462554 0.38580158395061726 0.5852505616740088 0.3576505851851852 0.5946873964757708 0.3424913814814815 0.6168285682819383 0.35599533086419755 0.6588538700440529 0.36546435555555556 0.6605950859030837
1 0.44759188518518517 0.4355790396475771 0.4569109629629629 0.49230781057268724 0.4616079888888889 0.5069253039647578 0.4705752456790124 0.5117261607929515 0.49202214074074074 0.4999103920704846 0.5241019345679012 0.46110961013215856 0.5187324209876544 0.43977809691629954 0.492578112345679 0.40459576651982376 0.46719203827160494 0.41339488325991186 0.44759188518518517 0.4355790396475771
0 0.5210595839506172 0.8760699449339207 0.4534372012345679 0.9695114162995595 0.5444414320987655 0.963841526431718 0.5798045901234569 0.9238162334801763 0.5210595839506172 0.8760699449339207
0 0.5312601407407408 0.6411508832599119 0.48134848148148146 0.7076020969162996 0.5308350086419753 0.7421637334801763 0.5989432419753087 0.6484877004405286 0.5312601407407408 0.6411508832599119
0 0.7792870185185186 0.3120513215859031 0.7608651827160494 0.3471294383259912 0.8020112074074075 0.37402032599118945 0.8608470555555555 0.29656790748898676 0.7792870185185186 0.3120513215859031
0 0.24590101111111112 0.9373569295154185 0.23438067160493828 0.9015047709251102 0.18343614814814815 0.9628921541850219 0.18952444197530866 0.9859541255506609 0.1977979740740741 0.985438654185022 0.24590101111111112 0.9373569295154185
0 0.360706762962963 0.7838754162995595 0.3409055111111111 0.770976808370044 0.30976565061728395 0.8267034801762114 0.32745573950617285 0.8450503524229074 0.360706762962963 0.7838754162995595
0 0.532580325925926 0.6239601806167401 0.4944885864197531 0.5867351629955947 0.4322790444444444 0.6800215572687225 0.471424112345679 0.7027149317180617 0.532580325925926 0.6239601806167401
0 0.6720863148148147 0.38526968722466964 0.6426933012345679 0.3895651806167401 0.623857587654321 0.4304293303964758 0.6603346740740741 0.41758394933920706 0.6720863148148147 0.38526968722466964
0 0.7834020518518519 0.1883559911894273 0.8127909543209877 0.1504449052863436 0.8141749086419753 0.14489477092511013 0.7886458172839507 0.15785457268722466 0.7519405407407407 0.20747843392070486 0.7834020518518519 0.1883559911894273
0 0.7228080296296296 0.24639717621145374 0.7586270839506173 0.22019881277533038 0.7795818703703704 0.19485801101321584 0.752286938271605 0.21212650660792953 0.7228080296296296 0.24639717621145374
0 0.6817861617283951 0.2928055947136564 0.7140098802469135 0.277157718061674 0.7348076888888888 0.24275331057268723 0.7120861580246914 0.251287063876652 0.6817861617283951 0.2928055947136564
0 0.5602788209876544 0.4439128832599119 0.5907979728395062 0.43472126872246697 0.627950650617284 0.38904894273127755 0.5889591728395062 0.39744221365638766 0.5602788209876544 0.4439128832599119
0 0.5730112382716049 0.44489361674008815 0.5469679753086419 0.4444922863436123 0.5105331864197531 0.5020639647577092 0.5430791234567901 0.4995958810572687 0.5730112382716049 0.44489361674008815
0 0.5261744802469136 0.5024321123348018 0.503450175308642 0.495558127753304 0.4745179925925926 0.549622859030837 0.4926771802469136 0.5493995022026431 0.5261744802469136 0.5024321123348018
0 0.4379490148148148 0.6283038039647577 0.40757961728395065 0.6228397004405286 0.3763006814814815 0.6705134889867841 0.40168045185185186 0.678407808370044 0.4379490148148148 0.6283038039647577
0 0.34388587407407406 0.7449686718061674 0.3171696975308642 0.7290319229074891 0.27273222469135805 0.7870720484581498 0.29147785802469134 0.818772244493392 0.34388587407407406 0.7449686718061674
0 0.05976898518518518 0.9745634647577093 0.09321608148148149 0.9424727599118943 0.09557446049382716 0.9167397731277533 0.06037632345679013 0.9559391563876651 0.05976898518518518 0.9745634647577093
0 0.13041335555555555 0.8773078590308371 0.09578582962962963 0.9154521629955946 0.09724014197530864 0.9417554207048459 0.12727951975308643 0.9054911585903084 0.13041335555555555 0.8773078590308371
0 0.16775567160493826 0.8339941079295154 0.13300464320987654 0.8717540682819382 0.13418287901234568 0.898630872246696 0.1714457098765432 0.858123154185022 0.16775567160493826 0.8339941079295154
0 0.16763217901234567 0.8336097929515418 0.17031749506172839 0.8604483612334801 0.2089650012345679 0.8182783480176212 0.20334327777777778 0.7928125814977973 0.16763217901234567 0.8336097929515418
0 0.2022062037037037 0.7923808766519824 0.2089815814814815 0.8124935814977974 0.24426106172839507 0.7715146189427312 0.23689231728395063 0.7561520044052863 0.2022062037037037 0.7923808766519824
0 0.23350137777777777 0.7574840418502203 0.24582983580246912 0.7676423524229076 0.28297735555555553 0.7198314933920704 0.2692052975308642 0.7156447158590308 0.23350137777777777 0.7574840418502203
0 0.2720775962962963 0.7112012158590308 0.28634534938271605 0.7186403546255506 0.32188846049382713 0.6726454603524229 0.3061031086419753 0.6699481519823788 0.2720775962962963 0.7112012158590308
0 0.3062632864197531 0.6677910704845815 0.31723310246913583 0.6737211828193832 0.34482414320987653 0.634105808370044 0.3369608666666667 0.6297765044052864 0.3062632864197531 0.6677910704845815
0 0.3785775679012346 0.5831646013215859 0.39413971851851853 0.5871996718061675 0.42363442345679014 0.5428088281938326 0.4070758395061728 0.5447767907488987 0.3785775679012346 0.5831646013215859
0 0.41128937407407407 0.538435257709251 0.4265428234567901 0.5353236563876652 0.4564449049382716 0.5009551585903084 0.4361922222222222 0.5056600044052864 0.41128937407407407 0.538435257709251
0 0.09569672222222222 0.9103112643171807 0.09936152098765433 0.8925348370044054 0.07024293456790123 0.9185431387665197 0.06496567160493827 0.944045436123348 0.09569672222222222 0.9103112643171807
0 0.10373295061728395 0.8818210947136563 0.1009505851851852 0.9033164162995595 0.130906175308642 0.8720324779735682 0.13108179753086419 0.8549292511013216 0.10373295061728395 0.8818210947136563
0 0.1327883074074074 0.8457901519823788 0.1327576135802469 0.8709852907488986 0.1668566851851852 0.8360599889867841 0.16308576296296295 0.8134602863436123 0.1327883074074074 0.8457901519823788
0 0.16505377283950617 0.8129402290748898 0.16768439382716047 0.8298814008810573 0.20021344444444444 0.7920154801762114 0.196280862962963 0.7732660154185022 0.16505377283950617 0.8129402290748898
0 0.19874666913580247 0.7748053964757708 0.2009366962962963 0.7932936651982379 0.2367268098765432 0.748067460352423 0.2298299024691358 0.736605436123348 0.19874666913580247 0.7748053964757708
0 0.22843613333333332 0.7349116233480176 0.2366211037037037 0.7487112709251101 0.26807421851851854 0.7094423700440529 0.2572939617283951 0.7028977643171807 0.22843613333333332 0.7349116233480176
0 0.25816250740740737 0.7038871211453744 0.26974991975308643 0.7117390925110132 0.3025081518518518 0.6736137709251101 0.2875871827160494 0.6621963766519824 0.25816250740740737 0.7038871211453744
0 0.2915549197530864 0.6618990484581497 0.3044818950617284 0.666138063876652 0.3329197086419753 0.6281852797356828 0.31609903333333333 0.623225755506608 0.2915549197530864 0.6618990484581497
0 0.32166716790123456 0.6194300418502203 0.33567014197530864 0.6250722400881058 0.3617101962962963 0.5903574140969163 0.3476197456790124 0.5875494779735683 0.32166716790123456 0.6194300418502203
0 0.3583052938271605 0.582679281938326 0.36756377037037036 0.5842562158590309 0.39741245185185187 0.5468031938325991 0.38248922962962967 0.5428372136563877 0.3583052938271605 0.582679281938326
0 0.38820618148148145 0.5414979185022026 0.4027019395061729 0.5418646960352423 0.4283893197530864 0.5070249515418502 0.41026230493827165 0.510091218061674 0.38820618148148145 0.5414979185022026
0 0.07539837530864198 0.9055043876651983 0.08163538024691358 0.8743330176211453 0.05590440617283951 0.900674781938326 0.04708285925925926 0.9370286982378855 0.07539837530864198 0.9055043876651983
0 0.08436799135802468 0.8701918127753304 0.08389672962962963 0.8969340550660793 0.10339681358024691 0.8759114185022027 0.10466316172839507 0.8481107334801763 0.08436799135802468 0.8701918127753304
0 0.11113255432098766 0.8435679295154186 0.11044865679012346 0.8647848414096917 0.1332454950617284 0.838458473568282 0.13159904320987653 0.8176237334801761 0.11113255432098766 0.8435679295154186
0 0.13556819382716048 0.8106690396475771 0.14054434074074074 0.828100588105727 0.1636060135802469 0.8035710991189428 0.15844507530864196 0.7819927026431718 0.13556819382716048 0.8106690396475771
0 0.1631070037037037 0.7747820792951542 0.1667091740740741 0.800583077092511 0.19241432222222224 0.7667713986784142 0.18762844567901235 0.7463390484581497 0.1631070037037037 0.7747820792951542
0 0.18583375925925924 0.7511557863436124 0.1926792098765432 0.7685683788546256 0.2246797950617284 0.7339214273127753 0.2122719135802469 0.7184466850220265 0.18583375925925924 0.7511557863436124
0 0.21076348518518517 0.719794383259912 0.22341025802469136 0.7348341277533039 0.24706917407407408 0.6975726079295155 0.23285872716049383 0.6925229273127754 0.21076348518518517 0.719794383259912
0 0.2884086864197531 0.6219534074889868 0.3121628975308642 0.6238971894273128 0.3310276185185185 0.5999245440528634 0.3161779518518519 0.5942849383259912 0.2884086864197531 0.6219534074889868
0 0.32312531975308645 0.5889500022026433 0.33614013703703705 0.5915171321585904 0.36163518395061733 0.5658060066079295 0.33993930000000006 0.5660795594713656 0.32312531975308645 0.5889500022026433
0 0.3514230061728395 0.5563974955947136 0.3650197679012346 0.558830127753304 0.38640573827160496 0.5320038370044052 0.37004971481481486 0.5333109383259912 0.3514230061728395 0.5563974955947136
0 0.3768467740740741 0.5265735881057269 0.39328183580246917 0.5242212246696035 0.41346829876543206 0.49560753524229073 0.39090061851851854 0.5057768392070484 0.3768467740740741 0.5265735881057269
0 0.5015752160493827 0.42156964537444935 0.5283791308641975 0.41744078193832596 0.5558466185185186 0.3774410462555066 0.510954349382716 0.40268149559471367 0.5015752160493827 0.42156964537444935
0 0.3312416012345679 0.6784079515418502 0.3234997049382716 0.6766869977973567 0.30677699753086424 0.7085283656387665 0.3208611345679012 0.7132206674008811 0.3312416012345679 0.6784079515418502
0 0.41710128148148146 0.5623585682819383 0.40717423703703703 0.5694009735682819 0.38969735555555557 0.6041846674008811 0.404007237037037 0.6091535770925111 0.41710128148148146 0.5623585682819383
0 0.0905676037037037 0.9901257753303965 0.1267807160493827 0.9531222180616741 0.12426232345679013 0.9231068700440528 0.08678575555555557 0.961561577092511 0.0905676037037037 0.9901257753303965
0 0.13480043580246914 0.9111106365638767 0.16737252839506175 0.878840973568282 0.16182857654320987 0.8644310682819384 0.13130046296296297 0.8971182577092511 0.13480043580246914 0.9111106365638767