1 0.3861241462395543 0.9745384232673268 0.41043339275766016 0.9856381881188119 0.5104895501392758 0.9825342846534654 0.4358760557103064 0.918739254950495 0.3861241462395543 0.9745384232673268
1 0.3948614401114206 0.8014231311881188 0.3414133662952646 0.7738717425742574 0.2233278077994429 0.893007745049505 0.22095085376044565 0.8991191856435643 0.36456363788300833 0.9646937524752475 0.4075044470752089 0.9166009232673268 0.3948614401114206 0.8014231311881188
1 0.14625420055710306 0.8179604529702971 0.11013277855153203 0.8485189084158417 0.20886694150417828 0.8936015915841584 0.2901417855153203 0.8091945618811881 0.20762842061281336 0.7610302425742573 0.14625420055710306 0.8179604529702971
1 0 0.7982315396039604 0.08091640250696379 0.8351785148514852 0.15090729108635098 0.7968129084158416 0.151849073816156 0.745000301980198 0.08715168662952646 0.6965803935643564 0.03929929944289694 0.709341556930693 0 0.7468674702970297 0 0.7982315396039604
1 0 0.7288102673267327 0.07367369916434541 0.6828267252475246 0 0.6166738589108911 0 0.7288102673267327
1 0.8851594261838441 0.8956847524752476 0.8712612646239555 0.9713425594059406 0.8897261727019499 0.9707697475247524 0.9037143217270195 0.9016411089108911 0.8851594261838441 0.8956847524752476
1 0.8443215933147632 0.8797427673267327 0.7922916991643455 0.8423509232673267 0.7486560947075209 0.9503822326732674 0.7939647771587743 0.9737404207920791 0.8182456239554318 0.9729871905940594 0.8443215933147632 0.8797427673267327
1 0.7517246197771589 0.8049490816831684 0.7072137729805014 0.7898692103960396 0.6563701824512536 0.8967068193069307 0.7225075501392757 0.9318561435643564 0.7622747952646239 0.8632559702970296 0.7517246197771589 0.8049490816831684
0 0.6713000863509749 0.8462885940594059 0.6391475389972145 0.8220183217821782 0.5966571685236769 0.8026169331683168 0.5619581782729806 0.8381651485148515 0.5552009317548747 0.857704146039604 0.6178998704735376 0.899817702970297 0.6713000863509749 0.8462885940594059
1 0.47918017130919216 0.6679176113861386 0.4519994651810585 0.6408232772277228 0.3980272033426184 0.6696688638613861 0.3650381573816156 0.7364134554455445 0.4292887479108635 0.7898735099009901 0.4865644192200557 0.7454021163366337 0.47918017130919216 0.6679176113861386
1 0.3477855626740947 0.7253894034653465 0.4135506643454039 0.6694152202970297 0.40655598328690806 0.6190246757425742 0.37558666016713094 0.5964933935643564 0.3355059066852368 0.6274865792079208 0.29868929387186627 0.6819953960396039 0.3477855626740947 0.7253894034653465
1 0.34609861420612814 0.6125149777227723 0.3464917646239555 0.5680860371287129 0.33663116852367686 0.5530875123762375 0.30860047632311977 0.5429125371287129 0.28469772284122563 0.5477425420792079 0.24009448746518106 0.5982251311881188 0.24229187604456823 0.6417412475247525 0.2844903955431755 0.676225193069307 0.2975604317548747 0.6612008440594059 0.30576985097493037 0.6701973737623763 0.34609861420612814 0.6125149777227723
1 0.19987297075208912 0.5562434727722773 0.2030824094707521 0.526220603960396 0.1723819651810585 0.49383438366336635 0.13094171169916435 0.4932806732673267 0.09416191364902507 0.5263432821782178 0.08488029108635098 0.5509695247524753 0.09080594011142062 0.5641713242574258 0.13802530640668523 0.5857320024752475 0.15765358635097493 0.5737021930693069 0.18714246378830085 0.576670905940594 0.19987297075208912 0.5562434727722773
1 0 0.4556038910891089 0.013911873259052925 0.4555882227722772 0.01847941782729805 0.44717768811881187 0.02537718941504178 0.4555753094059406 0.0274215139275766 0.41714835891089114 0.009058427576601672 0.408763650990099 0 0.39569795297029703 0 0.4556038910891089
1 0.8479276894150418 0.8232853242574258 0.8377275668523676 0.8028837153465347 0.8152829986072424 0.8005074554455446 0.8030850069637884 0.8395462277227722 0.8075524707520891 0.8599542896039605 0.8337854526462396 0.8719324455445545 0.8478521559888579 0.8877399356435643 0.8535681169916434 0.8699255841584158 0.8542121462395544 0.850347353960396 0.8479276894150418 0.8232853242574258
1 0.6931066448467966 0.7316007772277228 0.6694969610027856 0.7208204356435644 0.6451546030640668 0.7490659554455444 0.619425516713092 0.7911377400990098 0.6574383370473538 0.8228994876237624 0.6731781267409471 0.8300863836633663 0.6934390027855153 0.8078493118811881 0.7036462924791086 0.7574054653465346 0.6931066448467966 0.7316007772277228
1 0.5368202465181059 0.717967948019802 0.5400761406685237 0.7089585024752476 0.5496043788300836 0.6477084876237624 0.5472741518105849 0.6309003292079208 0.534643721448468 0.6225091658415842 0.4989361253481894 0.621948995049505 0.4762449428969359 0.6561965074257425 0.4820705111420613 0.6982169034653466 0.5007731239554317 0.7120046955445545 0.5057266504178273 0.7300106707920792 0.5109732465181058 0.7324062995049505 0.5201083342618384 0.7155852301980198 0.5368202465181059 0.717967948019802
1 0.48433053064066856 0.5879139752475248 0.4302598495821727 0.578969099009901 0.4109710947075209 0.5964019925742574 0.4065965431754875 0.6180207821782179 0.4173291824512535 0.6570337252475247 0.44171799582172705 0.6498016361386139 0.48626760863509755 0.6491510742574257 0.49214262116991647 0.6206463787128713 0.48433053064066856 0.5879139752475248
1 0.3342080278551532 0.49425250247524755 0.2883467674094708 0.49430415594059407 0.2782395571030641 0.5159294034653465 0.2589508022284122 0.5333622995049505 0.2864954331476323 0.5459393613861386 0.31875414206128133 0.5423007178217822 0.3523709568245125 0.5602744084158416 0.3566990543175487 0.5176421905940594 0.3342080278551532 0.49425250247524755
1 0.10272519637883008 0.39905199009900993 0.06337572423398329 0.3810847574257426 0.053415048746518104 0.3949048316831683 0.04015202367688023 0.3967209257425742 0.025770339832869082 0.4111463688118812 0.02586325069637883 0.45317322277227723 0.10908328272980503 0.4596837277227722 0.11996962534818942 0.42004604702970294 0.10272519637883008 0.39905199009900993
1 0.24729249582172702 0.520166957920792 0.28164198607242336 0.4991147871287128 0.2842188286908078 0.47929917821782175 0.23063420752089137 0.46795221287128713 0.20104525348189414 0.4938021014851485 0.19633117270194986 0.5100178069306931 0.20278933983286906 0.5418309455445545 0.22032683844011142 0.5472146608910892 0.23232467130919218 0.5658130841584158 0.23951551253481895 0.5586003638613861 0.24729249582172702 0.520166957920792
1 0.4425960069637883 0.47551848514851486 0.43453312256267407 0.4587167821782179 0.4127211490250696 0.4461332623762376 0.39338593871866295 0.4425527301980198 0.3785181935933148 0.45938025742574257 0.3689971239554317 0.4497848193069307 0.363310922005571 0.470804702970297 0.36082699164345405 0.5326471683168317 0.39002279805013923 0.5512262227722772 0.42947234958217273 0.5403748589108911 0.4425960069637883 0.47551848514851486
1 0.6297222186629526 0.5845778143564356 0.6206872103064067 0.5725802871287129 0.6044613607242341 0.5677954801980198 0.5931890348189415 0.581016650990099 0.5766320515320335 0.6441832351485148 0.6197431155988857 0.6666280816831683 0.6433176016713092 0.659010254950495 0.6531853662952647 0.6031633242574258 0.6438108314763231 0.5857627128712871 0.6297222186629526 0.5845778143564356
1 0.7273167660167131 0.6475083292079208 0.7157049150417827 0.6553264133663366 0.6996184331476323 0.7135818886138614 0.7376562562674095 0.7309502153465346 0.7515518788300836 0.7189268613861387 0.759814922005571 0.6780913663366337 0.7469915027855153 0.6564919455445544 0.7273167660167131 0.6475083292079208
1 0.8508047701949861 0.7170139158415842 0.8348183662952646 0.7464507945544555 0.829471692200557 0.77287375990099 0.8696467506963789 0.7938419900990098 0.8824773384401114 0.7445959579207921 0.8806331727019499 0.7253857128712872 0.8706260403899722 0.7181923613861386 0.8508047701949861 0.7170139158415842
1 0.9044358467966574 0.7493743069306932 0.893842573816156 0.7734016435643565 0.8883493649025069 0.8076297821782178 0.9194400919220056 0.8239252400990099 0.9329526002785515 0.7571471955445545 0.9255687674094707 0.7511516608910891 0.9044358467966574 0.7493743069306932
1 0.6753833217270195 0.6421633564356435 0.7093396615598886 0.6655401311881188 0.7196398635097493 0.657123136138614 0.7308192757660168 0.6018751138613861 0.7121166629526462 0.5880873217821783 0.6801974791086352 0.5971290495049505 0.6753833217270195 0.6421633564356435
1 0.5934356504178273 0.5443928811881188 0.5986894136490251 0.47594305693069305 0.5750797298050139 0.46516271782178215 0.5462699066852368 0.47300017326732674 0.5205158203342619 0.5294653811881188 0.5164807924791086 0.5564872574257426 0.5553442033426184 0.5768565816831683 0.5800725445682452 0.5750275717821782 0.5895471587743732 0.5636095816831683 0.5934356504178273 0.5443928811881188
0 0.4504807646239555 0.8128847846534654 0.5339941155988858 0.8684870643564355 0.5855644178272981 0.7966528787128713 0.5245584832869081 0.7583089282178218 0.4504807646239555 0.8128847846534654
0 0.13007498746518106 0.6081513985148514 0.2019106267409471 0.6523885717821781 0.2449530557103064 0.5946798935643565 0.2214998426183844 0.5689879084158416 0.13007498746518106 0.6081513985148514
0 0.912518922005571 0.8581292698019802 0.8754532075208914 0.838847136138614 0.865915951253482 0.8859797128712872 0.9042475988857939 0.8990056831683169 0.912518922005571 0.8581292698019802
0 0.7676778746518106 0.8411235495049505 0.7855809832869081 0.8088917252475247 0.7462529540389972 0.7693652871287129 0.7255353022284122 0.7970907772277228 0.7676778746518106 0.8411235495049505
0 0.5960881197771588 0.7844822054455446 0.6372938746518105 0.732740292079208 0.560327860724234 0.6735070420792079 0.5215749623955431 0.740416698019802 0.5960881197771588 0.7844822054455446
0 0.3622026420612813 0.6025865668316832 0.4036172200557103 0.5915458811881188 0.3791934540389972 0.5598107871287129 0.3463593245125348 0.5753294876237623 0.3622026420612813 0.6025865668316832
0 0.19747976323119776 0.4067908663366337 0.168142717270195 0.41017644306930695 0.1701633913649025 0.41529435148514854 0.20597681615598887 0.43654145297029706 0.24241086350974927 0.4358152326732673 0.19747976323119776 0.4067908663366337
0 0.24244098467966577 0.44113674752475246 0.21077182311977716 0.4410247475247525 0.23615735097493037 0.4543255717821782 0.27803065041782726 0.45834068316831683 0.24244098467966577 0.44113674752475246
0 0.29030272144846797 0.4563139529702971 0.2644583774373259 0.46260895544554453 0.2904751030640669 0.48592996782178216 0.3274422924791086 0.4808796163366337 0.29030272144846797 0.4563139529702971
0 0.43922053621169915 0.5314672673267327 0.3954250027855153 0.5491062896039605 0.44049933147632314 0.5735014257425742 0.47501142757660164 0.5625627153465347 0.43922053621169915 0.5314672673267327
0 0.49894423676880223 0.6116293638613861 0.5350973036211699 0.5919435965346534 0.48975937047353757 0.5540412301980199 0.4610406100278551 0.5723925643564357 0.49894423676880223 0.6116293638613861
0 0.5590137966573816 0.6314298168316832 0.5790831935933147 0.6191842871287129 0.5423401824512535 0.5799569628712872 0.5178604178272981 0.6031042153465347 0.5590137966573816 0.6314298168316832
0 0.6709345612813371 0.7099298861386139 0.6982556573816155 0.683840349009901 0.6594888760445683 0.6532164306930692 0.6264430139275766 0.6800800544554455 0.6709345612813371 0.7099298861386139
0 0.8050685459610027 0.7876396435643565 0.8229517966573815 0.7400782475247524 0.7687365139275766 0.7071677846534653 0.7406537632311978 0.7429719257425743 0.8050685459610027 0.7876396435643565
0 0.9409409693593314 0.7176691311881188 0.9000737311977716 0.6986308811881188 0.8961272103064067 0.7303475643564356 0.9350594763231198 0.7467351287128713 0.9409409693593314 0.7176691311881188
0 0.8597780961002787 0.6816126881188119 0.8530058969359331 0.7034818688118812 0.8955954275766016 0.7240325792079207 0.9012908551532034 0.6973766806930694 0.8597780961002787 0.6816126881188119
0 0.8205057479108634 0.6595374702970298 0.8056716420612813 0.673588603960396 0.8509300974930362 0.7003260445544554 0.8636402715877437 0.6807371732673266 0.8205057479108634 0.6595374702970298
0 0.7757106671309192 0.6349405346534654 0.7585214707520892 0.6487474752475247 0.8018473064066852 0.6746024282178218 0.8169400222841227 0.6566534826732673 0.7757106671309192 0.6349405346534654
0 0.7380748217270195 0.6122314876237623 0.7297772576601671 0.6223744628712871 0.7637569401114206 0.6467219851485149 0.775342344011142 0.6326916584158415 0.7380748217270195 0.6122314876237623
0 0.6531159707520892 0.567498103960396 0.6346589415041782 0.5767347995049504 0.6711643481894151 0.6049955816831684 0.6879883635097492 0.5898791386138614 0.6531159707520892 0.567498103960396
0 0.6174964108635097 0.5447449727722772 0.5947177924791087 0.5535293143564356 0.6307833676880223 0.5705491831683168 0.6479009066852368 0.5634608712871287 0.6174964108635097 0.5447449727722772
0 0.9034586295264625 0.6956064603960396 0.9416586058495822 0.7141226089108911 0.9433450626740948 0.7057882301980197 0.9441357994428969 0.6943077153465347 0.9061363300835654 0.6723967004950494 0.9034586295264625 0.6956064603960396
0 0.8658406949860724 0.6553785099009901 0.859243221448468 0.6726573663366336 0.9027735417827298 0.6975017722772276 0.9035504721448467 0.6757761831683168 0.8658406949860724 0.6553785099009901
0 0.8325255988857939 0.6374044801980199 0.8212040320334262 0.6519764579207921 0.8594170793871866 0.67328875 0.8672292061281337 0.6525674777227723 0.8325255988857939 0.6374044801980199
0 0.7954660403899722 0.6137278044554455 0.7800052339832869 0.6364767648514852 0.8195577534818941 0.6556407549504951 0.8316544554317549 0.6390838514851486 0.7954660403899722 0.6137278044554455
0 0.7605269220055709 0.5907187326732672 0.7423954247910863 0.6077117896039603 0.7771624540389973 0.6296586485148514 0.7910588662952647 0.6161316287128713 0.7605269220055709 0.5907187326732672
0 0.7225581337047354 0.5733819282178217 0.7072500974930362 0.5861441113861386 0.7390823454038997 0.6061990148514852 0.7540422200557104 0.5903973688118812 0.7225581337047354 0.5733819282178217
0 0.6800898983286908 0.5484663787128713 0.6639651935933147 0.5630678069306931 0.7002456002785515 0.5834977252475247 0.7103279178272981 0.5754052079207921 0.6800898983286908 0.5484663787128713
0 0.6465189818941504 0.5317566064356436 0.6262327604456824 0.5408709232673268 0.657686708913649 0.5613050074257426 0.6736589289693593 0.5509337747524753 0.6465189818941504 0.5317566064356436
0 0.913299339832869 0.6369975099009901 0.9098288955431756 0.6626346138613861 0.9412112061281336 0.6819321584158415 0.9428981824512535 0.6512378935643564 0.913299339832869 0.6369975099009901
0 0.8836146504178274 0.6234432821782178 0.8712886894150418 0.6489009801980199 0.909695938718663 0.6647820321782177 0.9157084052924792 0.6410308564356436 0.8836146504178274 0.6234432821782178
0 0.8585836545961003 0.6092518267326733 0.8433421155988857 0.6245481757425743 0.8727713997214485 0.649025952970297 0.8853997325905292 0.6238796683168316 0.8585836545961003 0.6092518267326733
0 0.7578709038997214 0.5591225049504951 0.7419759679665738 0.5755036683168316 0.7649324108635097 0.5887457772277228 0.7909869150417826 0.5702819727722772 0.7578709038997214 0.5591225049504951
0 0.729132377437326 0.5446192351485148 0.7051536559888579 0.5592423935643565 0.7355849596100278 0.5698254480198021 0.7497267604456824 0.5580664356435644 0.729132377437326 0.5446192351485148
0 0.6929787924791087 0.5294923316831683 0.6748040738161559 0.5393124430693069 0.7007975306406685 0.5539412722772277 0.7155937966573815 0.5419290940594059 0.6929787924791087 0.5294923316831683
0 0.6675132757660167 0.5137214059405941 0.6416936211699165 0.5181219034653465 0.6665213579387187 0.5355305 0.6848761253481894 0.5267991559405941 0.6675132757660167 0.5137214059405941
0 0.5258107743732591 0.4835457599009901 0.47400476044568246 0.4868187648514851 0.507882143454039 0.5116716138613862 0.5378428579387187 0.49775145792079206 0.5258107743732591 0.4835457599009901
0 0.7632573356545961 0.6924150940594059 0.778391135097493 0.677596457920792 0.7571012353760447 0.6542756212871288 0.7487061587743732 0.6614825445544554 0.7632573356545961 0.6924150940594059
0 0.6622183161559889 0.6357918292079208 0.6775768091922005 0.6205154232673268 0.655193052924791 0.5944954950495049 0.6436074902506964 0.5936214900990099 0.6622183161559889 0.6357918292079208